#{"t_start": 1533058783.7211187, "env_id": "HalfCheetah-v2"}
r,l,t
-1159.850624,1000,3.804221
-1166.045988,1000,7.536062
-1162.602417,1000,22.100154
-1005.836967,1000,25.717445
-1059.902536,1000,40.191616
-1172.023233,1000,43.593188
-1136.051937,1000,57.694438
-1036.024131,1000,61.736645
-1037.734525,1000,75.88613
-1113.048585,1000,79.878086
-1097.992623,1000,93.682483
-1303.817279,1000,97.502352
-1046.026042,1000,112.03145
-1175.183971,1000,115.549294
-1028.257402,1000,129.809604
-1095.688414,1000,133.917944
-1032.870812,1000,148.040138
-954.052829,1000,151.9849
-1084.787277,1000,166.185699
-1234.359858,1000,170.181216
-1067.613978,1000,184.276885
-1201.764941,1000,188.399508
-794.308953,1000,203.095168
-979.815308,1000,206.622185
-1021.317931,1000,220.772298
-1004.213091,1000,224.15472
-973.826096,1000,238.279254
-985.768477,1000,242.241809
-1072.346471,1000,256.528275
-1014.768528,1000,260.123405
-866.055632,1000,274.31543
-945.672972,1000,277.592819
-1188.754111,1000,292.295309
-916.337559,1000,296.040168
-1062.446146,1000,310.542999
-989.203871,1000,314.246288
-897.195879,1000,328.039656
-817.600944,1000,331.878954
-880.224721,1000,345.892999
-891.965848,1000,349.800235
-776.957535,1000,363.768757
-693.692299,1000,367.372161
-866.685399,1000,370.792972
-790.036095,1000,384.931833
-798.702228,1000,388.888707
-775.786454,1000,402.639863
-725.868063,1000,406.542412
-745.926155,1000,420.243838
-753.484839,1000,423.668082
-741.395368,1000,437.934309
-753.116027,1000,441.386401
-685.40576,1000,455.883445
-780.787011,1000,459.526843
-765.308076,1000,473.987319
-704.93748,1000,477.653656
-745.785888,1000,491.930874
-634.686216,1000,495.483445
-744.266244,1000,509.81979
-617.265086,1000,513.673963
-730.177359,1000,527.509535
-639.163865,1000,531.516113
-693.959591,1000,546.338022
-622.64954,1000,549.789073
-672.85776,1000,564.25341
-534.6758,1000,567.689674
-560.557858,1000,582.162515
-654.211388,1000,586.051284
-606.347,1000,599.900866
-676.009612,1000,603.36396
-726.496852,1000,617.547041
-604.529422,1000,621.541539
-577.779975,1000,636.32773
-602.57691,1000,639.991199
-615.115779,1000,652.443072
-817.559953,1000,656.423463
-527.201346,1000,670.383107
-523.661006,1000,674.081087
-523.849999,1000,687.554786
-451.52414,1000,691.312435
-553.51122,1000,705.101991
-611.892062,1000,708.798705
-602.100733,1000,722.745699
-539.245589,1000,726.238742
-559.386967,1000,740.401199
-557.034729,1000,744.115114
-511.29764,1000,748.009039
-550.453249,1000,761.976285
-579.95411,1000,765.727117
-360.595236,1000,779.468516
-540.638645,1000,782.750999
-522.755897,1000,797.059257
-393.243918,1000,800.802708
-397.086487,1000,815.209146
-420.257205,1000,818.621223
-450.66285,1000,832.821335
-425.937172,1000,836.858657
-340.037667,1000,850.908058
-452.913115,1000,855.06341
-399.647804,1000,869.652176
-445.795643,1000,873.904302
-362.643372,1000,888.32573
-402.684849,1000,891.515914
-362.599228,1000,905.772578
-349.865565,1000,909.472183
-662.734405,1000,923.798646
-319.498251,1000,927.196443
-422.723976,1000,940.909375
-316.245033,1000,944.198573
-340.470128,1000,958.048927
-304.93273,1000,961.443869
-322.347353,1000,975.706328
-307.818981,1000,979.049579
-232.627513,1000,992.547265
-251.431261,1000,995.93589
-242.507066,1000,1009.952148
-270.102607,1000,1014.00913
-199.668138,1000,1028.056358
-229.072717,1000,1031.994974
-247.808396,1000,1046.089718
-153.221021,1000,1049.637426
-223.620544,1000,1064.233769
-195.425627,1000,1067.808517
-171.148694,1000,1081.49012
-174.589461,1000,1085.546715
-151.026476,1000,1099.830164
-178.75554,1000,1103.117794
-184.173215,1000,1116.971061
-70.76971,1000,1120.397431
-216.144937,1000,1123.979172
-104.298173,1000,1137.959219
-174.838253,1000,1141.333024
-20.759994,1000,1155.573284
-124.366981,1000,1159.216864
-86.74322,1000,1172.681494
-89.253788,1000,1176.537949
-34.814763,1000,1190.599557
-60.667868,1000,1194.404889
-111.128403,1000,1209.247819
-63.424622,1000,1212.720759
-47.088993,1000,1226.561598
11.814086,1000,1230.312708
62.354987,1000,1244.573182
-17.18863,1000,1248.5811
0.309062,1000,1262.586389
-4.343671,1000,1266.530631
6.683004,1000,1280.843608
7.458547,1000,1284.398846
21.884776,1000,1298.476157
66.791651,1000,1301.726512
79.417721,1000,1316.576212
7.683526,1000,1320.03606
92.947816,1000,1334.10545
64.782395,1000,1337.641554
108.817898,1000,1351.555219
84.88904,1000,1354.981495
130.398546,1000,1368.921806
148.577977,1000,1372.288272
67.481701,1000,1386.020724
133.52019,1000,1389.290431
170.843525,1000,1403.153773
152.81989,1000,1406.622442
122.301688,1000,1420.356362
96.404733,1000,1424.036678
202.078921,1000,1437.604231
189.366953,1000,1441.301857
126.773526,1000,1454.451916
201.637361,1000,1458.348664
118.761269,1000,1472.570569
231.82058,1000,1476.528281
155.014928,1000,1490.666291
269.366264,1000,1494.625258
156.886965,1000,1498.192899
216.795121,1000,1513.152247
291.382301,1000,1516.728032
301.252271,1000,1530.786355
227.900548,1000,1534.645571
261.32085,1000,1548.981589
280.265787,1000,1552.618909
226.457972,1000,1566.578407
212.441645,1000,1570.261895
294.031785,1000,1584.425243
301.592624,1000,1588.046814
214.721914,1000,1602.268141
304.784659,1000,1605.832953
384.646526,1000,1620.243495
204.584852,1000,1624.321048
289.19929,1000,1638.809722
289.705151,1000,1642.312368
301.499037,1000,1656.271995
346.697172,1000,1659.929298
424.763102,1000,1674.302847
326.958728,1000,1677.938746
311.978629,1000,1691.945174
365.687137,1000,1695.991318
238.481485,1000,1710.336575
361.037903,1000,1713.882519
327.533143,1000,1728.222489
316.1137,1000,1731.609154
382.286238,1000,1745.349387
467.041503,1000,1748.729363
385.721861,1000,1762.793355
415.739379,1000,1766.400739
462.546213,1000,1780.315778
395.893097,1000,1784.20779
363.324802,1000,1798.276791
494.406069,1000,1802.124091
449.433891,1000,1816.226422
423.108264,1000,1819.333256
478.195664,1000,1834.017496
460.210414,1000,1837.924054
445.165107,1000,1851.839375
331.385801,1000,1855.832806
386.920215,1000,1869.881834
359.337762,1000,1873.695959
421.567673,1000,1877.722128
-452.58215,1000,1892.42736
384.411606,1000,1896.601884
503.36682,1000,1910.954526
451.239373,1000,1914.792679
460.708574,1000,1928.963969
369.182913,1000,1932.439902
471.310028,1000,1946.154471
449.119054,1000,1949.443382
463.974604,1000,1963.854922
565.29215,1000,1967.62899
422.385904,1000,1982.006328
391.795783,1000,1985.769763
546.934277,1000,1999.5622
553.365276,1000,2003.467572
455.242638,1000,2015.873876
491.952322,1000,2019.530948
541.359675,1000,2033.0893
498.167261,1000,2036.373558
453.767661,1000,2051.224235
564.696497,1000,2055.086445
392.734257,1000,2069.88765
583.180186,1000,2073.240494
564.862005,1000,2087.454473
598.38523,1000,2091.137582
582.989829,1000,2105.196996
594.716871,1000,2108.987481
599.95758,1000,2123.144499
536.895863,1000,2126.967525
532.367032,1000,2140.354774
545.306244,1000,2143.791708
552.438417,1000,2158.023781
539.701463,1000,2161.903879
530.70743,1000,2175.864537
604.078672,1000,2179.605084
595.887443,1000,2193.950771
585.272218,1000,2197.321002
578.831774,1000,2211.784493
634.578681,1000,2215.199152
676.85851,1000,2229.64935
619.368837,1000,2233.788448
600.41259,1000,2237.805115
584.192584,1000,2251.86777
602.723114,1000,2255.733113
616.695471,1000,2269.156217
586.715679,1000,2272.703872
658.474593,1000,2286.469023
579.866547,1000,2290.092267
614.698017,1000,2303.725638
639.192663,1000,2307.307873
743.007598,1000,2320.672117
602.08299,1000,2324.283395
609.880048,1000,2338.364452
675.956301,1000,2341.970715
598.65294,1000,2355.635393
612.685549,1000,2359.123493
687.841976,1000,2372.666835
698.854731,1000,2376.559516
650.44083,1000,2390.738065
620.472752,1000,2394.005949
618.808379,1000,2407.900154
710.926307,1000,2411.387783
676.167513,1000,2425.458083
653.460968,1000,2428.901327
672.536406,1000,2442.79853
686.196869,1000,2446.827986
665.928953,1000,2461.457446
739.697432,1000,2465.652838
646.551088,1000,2479.292845
599.647505,1000,2483.196636
666.646001,1000,2497.163351
719.819919,1000,2501.055686
685.899656,1000,2515.2274
51.936561,1000,2519.182536
721.438084,1000,2533.472226
529.804314,1000,2537.156801
670.265599,1000,2551.101959
655.458326,1000,2554.469796
714.645868,1000,2568.56819
671.811835,1000,2571.974195
733.637177,1000,2585.960778
730.170545,1000,2589.210814
718.928667,1000,2602.643452
704.38982,1000,2605.881202
625.972298,1000,2609.501037
770.175658,1000,2623.163012
720.270408,1000,2626.994984
730.434128,1000,2641.106489
699.874621,1000,2644.83655
708.175327,1000,2659.230649
658.250799,1000,2662.964292
759.881119,1000,2676.708635
637.988885,1000,2680.59533
651.153178,1000,2695.075124
715.187956,1000,2698.587924
691.295985,1000,2712.459165
701.019891,1000,2716.175617
770.395499,1000,2729.767544
693.195162,1000,2733.677618
774.773599,1000,2747.351562
695.148856,1000,2751.074163
739.515542,1000,2765.256305
738.522094,1000,2769.143558
773.806657,1000,2783.225072
721.387171,1000,2786.953078
807.697746,1000,2801.225432
684.840515,1000,2805.232001
751.079574,1000,2819.748713
756.552907,1000,2823.358999
656.580442,1000,2837.215269
804.266749,1000,2841.222996
787.552368,1000,2854.697166
814.774479,1000,2858.406548
755.730989,1000,2873.067355
793.509227,1000,2876.911235
755.087827,1000,2891.070342
809.818913,1000,2894.699575
805.438917,1000,2908.82673
759.324169,1000,2912.474314
721.726155,1000,2926.40426
696.665549,1000,2930.331611
801.813531,1000,2944.396254
849.446159,1000,2947.818547
778.554946,1000,2962.268221
804.759163,1000,2965.731765
767.552934,1000,2979.904434
815.969663,1000,2983.610343
706.662536,1000,2987.365649
808.331875,1000,3001.381147
710.726945,1000,3005.258002
889.707067,1000,3019.02897
837.477775,1000,3022.974046
846.71402,1000,3037.637686
778.39187,1000,3041.450538
810.987719,1000,3055.881956
815.571526,1000,3059.727023
759.750224,1000,3073.04894
858.023343,1000,3077.046206
827.079334,1000,3091.384303
893.212435,1000,3095.427834
820.421106,1000,3109.524935
840.663881,1000,3113.301296
824.702938,1000,3127.538033
865.068132,1000,3131.739968
704.350203,1000,3145.942641
808.696021,1000,3149.384314
787.392013,1000,3163.353088
806.849839,1000,3167.240365
835.914949,1000,3181.945016
895.899856,1000,3185.454209
916.678759,1000,3199.611231
853.976387,1000,3203.131938
836.517631,1000,3216.371895
867.197489,1000,3219.935462
865.079298,1000,3234.164695
828.533025,1000,3237.617444
919.606564,1000,3251.133676
831.386318,1000,3255.033535
866.361654,1000,3269.227007
848.078396,1000,3273.019448
841.736276,1000,3286.883319
891.939295,1000,3290.984315
804.557651,1000,3305.108185
787.27565,1000,3309.162901
781.43939,1000,3323.262401
860.672176,1000,3326.927979
855.862537,1000,3341.521529
803.268979,1000,3345.3587
864.278462,1000,3359.42688
815.297674,1000,3362.860869
845.183898,1000,3366.384976
904.689762,1000,3379.941901
831.887381,1000,3383.782779
845.310312,1000,3397.822616
853.098848,1000,3401.786577
873.05765,1000,3415.983124
936.086171,1000,3419.110729
848.61171,1000,3433.087548
897.745275,1000,3436.772923
890.539194,1000,3451.072939
915.713511,1000,3454.347096
872.815077,1000,3468.320303
884.051016,1000,3471.769526
902.307358,1000,3486.426327
899.868643,1000,3490.233993
822.833765,1000,3504.791333
881.406858,1000,3508.613028
883.676774,1000,3523.022232
868.470721,1000,3526.410998
916.491215,1000,3541.026662
869.680799,1000,3544.710108
884.795916,1000,3559.277432
898.073576,1000,3562.92238
912.421013,1000,3576.689446
953.838825,1000,3580.320654
896.561471,1000,3593.961055
860.510736,1000,3597.390125
918.476665,1000,3610.814425
913.573468,1000,3614.714127
949.825375,1000,3629.029741
879.402208,1000,3632.791266
886.952527,1000,3646.992807
906.469902,1000,3650.426713
881.821698,1000,3665.040597
914.748861,1000,3668.673993
922.966944,1000,3682.769678
890.684625,1000,3686.496456
924.79984,1000,3700.302154
909.211496,1000,3703.719853
932.941836,1000,3718.178217
862.155309,1000,3721.76051
796.221102,1000,3735.74437
884.152277,1000,3739.106523
933.623758,1000,3742.569001
899.868763,1000,3756.720078
970.299787,1000,3760.42422
889.395505,1000,3774.44598
881.747702,1000,3778.221293
946.942166,1000,3793.03753
881.478017,1000,3797.15678
891.583485,1000,3810.828651
971.355258,1000,3814.951968
906.45513,1000,3828.16514
907.623545,1000,3832.06975
811.526049,1000,3846.732705
931.624882,1000,3850.13981
922.645143,1000,3863.888406
977.574646,1000,3867.66785
924.060729,1000,3881.960616
904.416963,1000,3885.815927
932.86825,1000,3899.75731
970.039236,1000,3903.457256
916.967922,1000,3917.650221
947.562252,1000,3921.492301
921.627635,1000,3935.249636
949.660391,1000,3938.893956
847.38699,1000,3952.533234
766.050642,1000,3956.365826
923.227455,1000,3969.860234
907.078951,1000,3973.281001
847.409906,1000,3987.402719
816.151411,1000,3991.082146
905.623518,1000,4005.092132
914.30296,1000,4009.029414
905.935874,1000,4022.942913
889.84983,1000,4026.823864
877.168394,1000,4041.272846
936.805062,1000,4044.847524
763.743014,1000,4059.377241
902.127203,1000,4063.079352
903.006368,1000,4077.526263
883.649228,1000,4081.510841
962.304801,1000,4095.505161
899.741205,1000,4098.79269
898.67494,1000,4113.523121
937.933171,1000,4117.365918
902.736594,1000,4120.995906
922.001719,1000,4135.416622
899.96673,1000,4139.063256
918.096489,1000,4153.26341
916.908018,1000,4157.197048
963.944114,1000,4171.718904
920.627513,1000,4175.482025
873.56761,1000,4189.830758
940.709522,1000,4193.257381
954.554738,1000,4207.759795
931.531141,1000,4211.52977
932.972391,1000,4226.693312
913.093536,1000,4230.513482
915.282407,1000,4245.135427
913.169335,1000,4249.145503
915.44361,1000,4262.989886
902.775394,1000,4266.480013
796.404945,1000,4280.410882
841.385242,1000,4284.315794
915.352758,1000,4299.077574
931.004935,1000,4302.776346
920.862773,1000,4316.959702
716.660732,1000,4320.6411
900.583365,1000,4334.16829
947.932705,1000,4337.557361
945.952886,1000,4352.165115
917.795273,1000,4355.796108
940.326715,1000,4370.384764
758.554468,1000,4374.221931
845.810585,1000,4388.473672
904.60939,1000,4392.447646
1014.204148,1000,4406.393936
966.806857,1000,4409.874027
942.543602,1000,4423.227839
944.98177,1000,4427.346054
1022.949789,1000,4441.678581
881.902181,1000,4445.228896
895.054811,1000,4459.664401
977.943378,1000,4463.349552
1000.760276,1000,4477.505553
950.191027,1000,4481.167451
890.854514,1000,4484.891454
907.995102,1000,4498.819327
838.974118,1000,4502.105834
862.314539,1000,4515.848513
940.96384,1000,4519.169367
937.963135,1000,4532.858799
822.240049,1000,4536.259511
1044.415637,1000,4551.206876
999.543458,1000,4554.979589
935.407734,1000,4568.937745
939.985363,1000,4572.763746
943.152509,1000,4586.631944
962.501081,1000,4590.660164
912.269452,1000,4605.004388
966.290998,1000,4608.380694
983.931388,1000,4622.807835
956.798853,1000,4626.52678
945.624429,1000,4640.676383
995.330889,1000,4644.401228
988.323661,1000,4658.909742
929.403546,1000,4662.442944
860.511515,1000,4676.897944
1047.099234,1000,4680.430305
1000.019428,1000,4694.618446
856.396583,1000,4698.160403
927.607752,1000,4712.127073
1002.895729,1000,4715.516788
994.74713,1000,4730.003555
913.217207,1000,4733.563379
992.221039,1000,4747.622782
928.540783,1000,4750.870398
899.981299,1000,4764.723712
881.054007,1000,4768.403596
968.661959,1000,4782.351007
964.274284,1000,4785.925992
914.787539,1000,4800.379669
934.534098,1000,4804.052669
970.771458,1000,4818.022557
887.702107,1000,4821.418323
919.96884,1000,4835.618106
924.659966,1000,4838.681781
947.386993,1000,4852.411991
975.390933,1000,4856.444359
956.687826,1000,4859.9652
1003.833081,1000,4873.925508
909.993101,1000,4877.817594
953.429484,1000,4891.297243
939.564508,1000,4895.069242
1006.603245,1000,4909.576668
978.797852,1000,4913.454221
845.987898,1000,4926.918049
1018.211527,1000,4930.427462
1014.348951,1000,4944.659495
1000.008643,1000,4948.225092
1049.16344,1000,4962.490738
987.679051,1000,4966.376404
972.331872,1000,4980.166822
1017.071385,1000,4983.851824
824.283686,1000,4997.285187
1042.10452,1000,5000.854562
1003.143091,1000,5014.895484
956.810524,1000,5018.956074
1015.779224,1000,5033.261754
974.731804,1000,5037.31629
923.843451,1000,5051.177088
972.724609,1000,5055.213997
961.450453,1000,5068.243003
962.579785,1000,5071.668176
1015.834087,1000,5086.128306
914.41071,1000,5089.512845
974.05083,1000,5103.973723
961.918003,1000,5107.60093
953.720813,1000,5121.563773
995.437308,1000,5124.936119
1027.116131,1000,5139.307265
935.539735,1000,5143.28932
1013.81286,1000,5156.576695
1041.237682,1000,5160.075015
963.110489,1000,5174.726843
997.279957,1000,5178.388295
899.732546,1000,5192.166189
944.974224,1000,5195.946765
967.355072,1000,5210.397863
1044.309567,1000,5213.82114
1017.993018,1000,5227.859236
1006.181518,1000,5231.516706
1031.815263,1000,5235.393723
921.038825,1000,5250.022909
962.85753,1000,5253.725171
941.586914,1000,5267.383788
968.952161,1000,5271.034776
909.037853,1000,5284.64515
963.26341,1000,5288.600356
1053.175944,1000,5302.688326
928.132194,1000,5306.07215
975.106253,1000,5319.780421
941.617568,1000,5323.491099
952.715642,1000,5337.511961
986.731863,1000,5340.789746
1078.481119,1000,5354.964922
984.981162,1000,5358.789025
1103.738272,1000,5372.992119
1000.129148,1000,5376.603049
1032.400801,1000,5390.965314
1026.680667,1000,5394.913023
1076.941339,1000,5409.244001
1067.821902,1000,5412.798241
998.468578,1000,5427.070755
1063.234219,1000,5430.812847
1068.234381,1000,5444.797575
1042.836339,1000,5448.20078
1042.375313,1000,5462.210103
953.433786,1000,5465.324928
1039.957572,1000,5479.179255
1048.696293,1000,5482.590318
1009.863113,1000,5495.94268
1046.895253,1000,5499.260649
987.645592,1000,5513.467649
1055.407383,1000,5517.312723
988.008649,1000,5531.715829
1035.981594,1000,5535.61308
974.700415,1000,5549.508634
1083.931451,1000,5553.339262
1080.446637,1000,5567.737958
1020.022941,1000,5571.654757
1033.807824,1000,5585.538503
1032.330186,1000,5589.292933
1097.659715,1000,5603.30786
1095.062239,1000,5606.968653
1085.543817,1000,5610.601416
1050.851393,1000,5624.241476
1003.72038,1000,5627.717453
1034.087018,1000,5642.386542
1067.511679,1000,5645.998259
1007.577027,1000,5660.029142
1064.481756,1000,5663.856977
1054.167597,1000,5677.474313
1024.599019,1000,5681.239213
1025.721591,1000,5695.843387
1072.090892,1000,5699.564642
1026.763168,1000,5713.661917
1100.495977,1000,5717.717949
1096.643462,1000,5732.271702
1079.741664,1000,5736.207131
1110.85666,1000,5750.255782
1046.715922,1000,5754.422744
999.436991,1000,5768.803505
1156.317689,1000,5772.719182
1080.705327,1000,5786.397787
1086.235686,1000,5790.165288
1052.828068,1000,5803.550598
1132.400241,1000,5807.664892
984.925297,1000,5821.023672
1064.150368,1000,5824.724227
959.036695,1000,5839.158349
1027.546261,1000,5842.736065
1070.755012,1000,5856.231911
1072.146989,1000,5860.023223
1026.232352,1000,5874.330046
1083.546178,1000,5877.916535
1131.313993,1000,5892.300311
1063.900576,1000,5895.632351
1110.723474,1000,5910.311868
979.812203,1000,5914.093372
953.192921,1000,5927.82205
1097.03229,1000,5931.308983
1007.762405,1000,5945.325406
1038.147599,1000,5949.072903
1027.547985,1000,5962.332285
953.417632,1000,5965.637197
988.517128,1000,5979.825204
1059.030841,1000,5983.896575
1067.1722,1000,5987.66761
915.253083,1000,6002.765126
1073.567569,1000,6006.729726
1067.55593,1000,6019.757248
1068.471224,1000,6023.739496
1014.574624,1000,6038.057381
1089.898539,1000,6042.147453
984.16065,1000,6055.871484
1040.574896,1000,6059.289433
1015.092805,1000,6073.682492
1016.524161,1000,6077.696174
1115.942221,1000,6092.112872
952.576911,1000,6095.770821
1020.647461,1000,6109.890895
1044.217521,1000,6113.224655
951.759966,1000,6127.141701
1073.709681,1000,6131.111055
1090.586621,1000,6144.373291
1059.11225,1000,6148.104671
1079.352309,1000,6161.981912
1019.009824,1000,6165.887973
1087.086194,1000,6179.733078
1017.44223,1000,6183.361977
1035.681663,1000,6198.035121
1149.885779,1000,6201.895928
1113.090472,1000,6216.126066
1082.146903,1000,6219.550386
1067.01194,1000,6233.886577
1075.580886,1000,6237.458268
1043.983369,1000,6251.545315
1021.038388,1000,6255.071666
1112.98633,1000,6270.242414
991.921104,1000,6274.130783
1024.667928,1000,6288.465482
1046.050497,1000,6292.453987
1128.699568,1000,6306.962291
1054.878549,1000,6310.447453
1144.166107,1000,6324.619272
1067.43498,1000,6328.047917
1127.507785,1000,6342.094955
1068.716717,1000,6345.490887
1130.630878,1000,6359.646879
1112.206093,1000,6363.313226
1057.931524,1000,6367.082848
1036.079951,1000,6381.265872
1005.677719,1000,6385.034088
1102.129271,1000,6399.364323
1108.514215,1000,6403.047957
1007.919418,1000,6417.240554
1029.853151,1000,6420.688637
1064.700409,1000,6435.314591
1063.685528,1000,6438.723226
1103.040906,1000,6453.017315
1027.027756,1000,6456.604376
988.284551,1000,6470.450312
1093.649693,1000,6474.179848
1064.332502,1000,6487.60902
1051.54282,1000,6491.047562
1066.768862,1000,6505.00779
1091.945468,1000,6508.641025
1107.168956,1000,6521.814728
1060.312798,1000,6525.563269
1092.468609,1000,6539.381272
1112.932834,1000,6543.048586
943.787794,1000,6556.914683
1073.496182,1000,6560.306782
995.99496,1000,6574.323167
1064.197661,1000,6578.104129
1098.16076,1000,6592.77445
980.177439,1000,6596.211478
1013.875038,1000,6610.167999
1054.353433,1000,6613.981274
1060.882943,1000,6628.680189
1061.500177,1000,6632.436565
1078.345271,1000,6646.62036
1097.966378,1000,6650.406796
1002.911059,1000,6664.516994
1055.64504,1000,6668.529015
814.879557,1000,6683.061708
976.172494,1000,6686.765008
995.030882,1000,6700.776711
1002.81537,1000,6704.800895
1055.985692,1000,6719.256923
1023.530517,1000,6723.019495
1068.316236,1000,6726.440243
976.816972,1000,6740.784991
1067.248329,1000,6744.579894
981.561882,1000,6758.191713
1065.638835,1000,6762.028858
1045.505822,1000,6775.658884
1099.421785,1000,6779.654067
1121.653585,1000,6794.053609
859.179222,1000,6797.429316
1106.007531,1000,6811.935023
1094.474576,1000,6815.795003
1081.865275,1000,6829.919507
1112.690258,1000,6833.775933
1087.091277,1000,6847.766811
1095.421894,1000,6851.553427
950.211844,1000,6865.921766
1084.537771,1000,6869.475978
1077.995999,1000,6883.451579
1052.500517,1000,6887.241888
1018.687484,1000,6901.630316
1096.933286,1000,6905.600498
1089.438804,1000,6920.160368
1010.992158,1000,6924.078979
1126.38192,1000,6938.843682
1117.541728,1000,6942.965954
1142.522956,1000,6956.909754
1029.932157,1000,6960.879728
1122.982311,1000,6974.507978
1062.765856,1000,6978.432609
1099.304749,1000,6992.322872
1082.107541,1000,6996.188059
1025.473904,1000,7009.441331
1031.900923,1000,7012.91346
1078.643405,1000,7026.76975
1141.680228,1000,7030.403947
1147.69146,1000,7044.092282
1159.991507,1000,7048.097745
1052.615713,1000,7062.383536
1048.383399,1000,7066.085113
1086.345267,1000,7080.464755
1078.648518,1000,7084.099126
1072.271904,1000,7098.153155
1017.758446,1000,7102.192639
1178.252903,1000,7105.381899
1148.730017,1000,7120.237422
1020.323129,1000,7123.671672
1117.002746,1000,7138.461962
1107.622664,1000,7142.107506
897.59239,1000,7155.798236
1047.901611,1000,7159.689704
1145.703587,1000,7173.733234
1103.095517,1000,7177.300905
993.276122,1000,7191.378163
1090.905322,1000,7195.132114
1157.897442,1000,7209.556716
1073.700544,1000,7213.105549
1086.979775,1000,7227.281714
922.76563,1000,7231.087265
1137.429397,1000,7244.791335
1080.403901,1000,7248.454925
1202.473789,1000,7261.993358
1145.750054,1000,7265.724562
1092.729055,1000,7280.397863
1062.027288,1000,7284.282339
1165.856656,1000,7299.127024
1087.418611,1000,7302.667504
1084.892278,1000,7317.017734
1131.201776,1000,7320.396152
1137.027893,1000,7334.838576
1076.823864,1000,7338.499166
1099.635347,1000,7353.4924
1147.994243,1000,7357.162385
1043.676684,1000,7371.320887
1127.019823,1000,7374.931511
1093.911003,1000,7389.318026
1013.579914,1000,7393.12988
1046.909004,1000,7407.464983
1095.72287,1000,7411.254481
1046.972321,1000,7425.917107
1080.602174,1000,7429.827975
1035.308484,1000,7444.015788
1085.831327,1000,7447.568681
1101.362681,1000,7461.298974
1100.089271,1000,7464.795655
1028.983191,1000,7478.289833
1063.048368,1000,7481.766241
1102.283537,1000,7485.411805
1081.830359,1000,7499.28162
1027.649108,1000,7502.672036
1017.123789,1000,7517.189755
1065.812759,1000,7520.928928
1081.470453,1000,7534.711759
1017.687228,1000,7538.079011
1057.988185,1000,7552.001327
1077.651051,1000,7555.402042
1069.826537,1000,7569.540196
1029.98205,1000,7573.071618
1126.775834,1000,7586.61504
1057.007838,1000,7589.920561
1157.718088,1000,7603.781904
1079.181945,1000,7607.557103
1022.346851,1000,7620.847579
1092.603798,1000,7624.271673
1089.526556,1000,7637.835097
1125.736851,1000,7641.630799
1065.466804,1000,7655.644403
1171.797786,1000,7659.457063
1085.103802,1000,7674.254442
1100.27186,1000,7678.315343
1121.896896,1000,7692.508401
1096.717446,1000,7696.384226
1104.931441,1000,7710.924747
1070.812472,1000,7714.666488
1151.798605,1000,7727.971725
1149.803934,1000,7731.883698
1078.061625,1000,7745.88714
827.944952,1000,7749.611587
1166.680515,1000,7763.019156
1146.913866,1000,7766.491117
1109.022141,1000,7781.03829
1055.767,1000,7784.890856
1113.534383,1000,7798.869731
1113.171941,1000,7802.249935
1085.007334,1000,7816.412146
1082.265345,1000,7820.060371
887.021496,1000,7833.388618
1167.136735,1000,7837.193367
1093.451239,1000,7850.878529
1120.896563,1000,7854.642672
1055.504226,1000,7858.745272
1076.202993,1000,7872.637245
991.931038,1000,7876.332449
1169.964219,1000,7890.30498
1163.730966,1000,7894.353775
1128.967629,1000,7908.348428
1137.450537,1000,7911.891858
1111.585635,1000,7925.953574
1088.522262,1000,7929.323786
1185.32988,1000,7942.937302
1029.016026,1000,7946.288611
1152.825191,1000,7960.708852
1128.752487,1000,7964.310562
1142.662781,1000,7977.527246
1188.23118,1000,7981.422326
1160.67716,1000,7995.377221
1129.684431,1000,7998.815797
1074.335963,1000,8012.982087
1178.223994,1000,8016.76175
996.761874,1000,8030.36434
1160.236708,1000,8034.109444
1179.802309,1000,8048.441063
1145.349608,1000,8052.134786
1159.176909,1000,8065.52501
1167.010897,1000,8069.441186
1148.315054,1000,8083.401311
1179.044251,1000,8087.030829
1175.755002,1000,8100.903211
943.779602,1000,8104.266432
1082.700448,1000,8118.365706
1105.075163,1000,8122.148505
1178.713225,1000,8136.319815
1155.246924,1000,8139.850083
1129.51824,1000,8153.628284
1192.082263,1000,8157.291333
1126.628753,1000,8171.770722
1107.098692,1000,8175.552111
938.697539,1000,8189.673895
1070.289158,1000,8193.719113
1138.668712,1000,8207.846831
1003.20701,1000,8211.536578
1173.186379,1000,8225.092293
1165.925415,1000,8228.501469
1113.494163,1000,8232.344599
1172.997443,1000,8246.344899
1205.793159,1000,8250.580984
1034.911949,1000,8264.654512
1149.166632,1000,8268.631109
1095.539363,1000,8283.116931
1135.299215,1000,8286.58016
1177.628895,1000,8300.562646
1177.931369,1000,8304.505512
1138.514483,1000,8318.652422
1115.966638,1000,8322.335282
1125.450419,1000,8336.178841
1129.641224,1000,8339.848568
1159.865606,1000,8354.651555
1072.837578,1000,8358.401695
1117.231607,1000,8372.492184
1123.746376,1000,8376.566304
1146.186649,1000,8391.077786
1132.81499,1000,8395.158925
1102.348148,1000,8409.500781
1154.588851,1000,8412.718697
1181.967774,1000,8426.458563
1189.649374,1000,8429.848453
1156.002829,1000,8444.297526
1195.651916,1000,8447.981864
1136.530987,1000,8462.478152
1160.109385,1000,8466.244174
1139.208452,1000,8480.786232
999.750233,1000,8484.447414
1096.920705,1000,8497.963702
1133.901376,1000,8501.612082
1088.685208,1000,8516.204379
1132.256304,1000,8519.99103
1064.257627,1000,8534.633613
1128.730628,1000,8538.10412
1151.137952,1000,8551.778284
1128.40294,1000,8555.104692
1086.784646,1000,8568.624213
1152.757645,1000,8572.645235
1108.641491,1000,8587.431412
1196.24086,1000,8591.246692
1106.401995,1000,8604.750521
1091.542876,1000,8608.541687
1064.208854,1000,8612.25966
1183.113721,1000,8626.296134
1013.883184,1000,8630.274598
1027.352915,1000,8644.753175
1106.742592,1000,8648.169247
1108.114135,1000,8661.561693
1210.750019,1000,8665.200123
1074.618461,1000,8678.83163
1009.610202,1000,8682.547915
1094.899332,1000,8696.850062
1086.824713,1000,8700.486337
1120.352099,1000,8715.073159
972.76307,1000,8718.975924
1115.520272,1000,8732.936497
1088.52074,1000,8736.563123
1077.070017,1000,8750.227463
1111.035684,1000,8754.248547
1112.585864,1000,8767.97123
1134.882293,1000,8771.57785
1055.862038,1000,8786.036534
920.1274,1000,8789.415472
1090.151739,1000,8803.620381
1190.85032,1000,8807.473542
1052.162421,1000,8820.813122
1060.969068,1000,8824.265789
1120.348204,1000,8839.051967
1125.168847,1000,8842.823725
1107.009999,1000,8856.894322
1121.914108,1000,8860.598614
1137.579172,1000,8874.681712
1046.668753,1000,8878.47824
1161.921993,1000,8891.965281
1106.417857,1000,8895.691075
1136.774757,1000,8908.708098
1089.712423,1000,8912.608125
1170.315944,1000,8927.336832
1124.104311,1000,8930.989013
1090.084467,1000,8945.131593
1172.174998,1000,8948.582255
1204.206498,1000,8962.571107
1033.153384,1000,8966.453331
1141.232923,1000,8969.764379
1152.229208,1000,8984.035503
1092.095275,1000,8987.24056
1123.384242,1000,9001.057312
1059.521286,1000,9004.765458
1135.019144,1000,9019.364217
1190.117715,1000,9023.141144
1195.368178,1000,9036.770155
1090.638947,1000,9040.188961
1146.547488,1000,9054.864227
1140.961871,1000,9058.288348
1124.030071,1000,9072.639262
1189.33481,1000,9076.090008
1135.732505,1000,9091.023787
1140.792367,1000,9094.556676
1131.333803,1000,9109.036938
1210.24856,1000,9112.741495
1173.171359,1000,9126.54868
1176.183405,1000,9130.164636
1182.747068,1000,9144.357486
1175.272135,1000,9148.301634
1070.737238,1000,9162.446861
1156.777334,1000,9166.544941
1161.624996,1000,9180.924676
1136.74394,1000,9184.861457
1153.333113,1000,9198.98429
975.263925,1000,9202.708825
1096.732383,1000,9217.199536
1123.233986,1000,9220.726486
1199.211593,1000,9235.058973
1166.161115,1000,9239.07454
1071.718999,1000,9253.865112
907.959895,1000,9257.648276
1080.18181,1000,9271.084149
1206.129817,1000,9275.222874
1137.866821,1000,9289.64096
1113.255348,1000,9292.995686
1089.118178,1000,9307.131336
1102.650231,1000,9310.543867
1210.098921,1000,9325.015873
1151.749864,1000,9328.594431
1142.145091,1000,9343.252384
1190.815946,1000,9347.127695
1168.479156,1000,9350.756855
1200.726426,1000,9365.264527
1087.271741,1000,9368.592629
1165.403938,1000,9382.937458
1099.702094,1000,9386.765009
1116.004239,1000,9401.342971
1168.308041,1000,9405.08747
1073.193736,1000,9419.40969
1023.766672,1000,9423.536094
1134.497303,1000,9438.080595
1194.139686,1000,9441.643345
1132.010148,1000,9455.889858
1169.518153,1000,9459.820687
1173.164445,1000,9473.927516
1112.847363,1000,9477.774733
1188.845851,1000,9491.8822
1186.693869,1000,9495.674791
1073.991538,1000,9508.916054
1120.866103,1000,9512.695931
1118.357189,1000,9526.745514
1084.300051,1000,9530.127197
1182.344104,1000,9544.103793
1051.667255,1000,9547.840284
1127.771956,1000,9561.741282
824.149083,1000,9565.826187
1111.528754,1000,9579.683036
1174.675421,1000,9583.003512
1162.006168,1000,9596.99391
1147.26801,1000,9600.415023
1137.695832,1000,9613.86938
1213.289175,1000,9617.345759
1113.933574,1000,9630.751025
1029.818386,1000,9634.32221
1168.9704,1000,9648.533248
1109.125725,1000,9651.94149
955.497619,1000,9666.371252
1187.396231,1000,9669.875849
1183.028983,1000,9684.461533
1150.211148,1000,9687.961832
1183.872786,1000,9702.71746
1109.302158,1000,9706.103545
1162.603335,1000,9720.717663
1218.32734,1000,9724.001595
1097.01885,1000,9727.526199
1146.565961,1000,9742.190753
1122.464457,1000,9745.643572
1131.102328,1000,9760.235631
1143.188148,1000,9763.729723
1169.838741,1000,9777.903242
1174.61401,1000,9781.845856
1221.135732,1000,9795.894141
1145.176941,1000,9799.689096
1088.554857,1000,9813.633718
1168.682013,1000,9817.359846
1141.115229,1000,9831.085761
1071.771767,1000,9834.837388
1148.572298,1000,9849.344436
1152.89632,1000,9852.642576
1088.189495,1000,9867.122596
1090.678598,1000,9870.984319
1085.515438,1000,9885.294818
1163.151165,1000,9888.844753
1136.208407,1000,9902.722427
1189.689164,1000,9906.228484
1193.825977,1000,9919.835375
1116.642464,1000,9923.665966
1071.067625,1000,9938.22897
1163.298775,1000,9941.89092
1166.299477,1000,9955.898099
1196.218267,1000,9959.447939
1080.525992,1000,9973.518582
1104.162872,1000,9977.075898
1085.002721,1000,9991.410827
1083.340315,1000,9995.117178
1119.662785,1000,10009.62093
1154.448799,1000,10013.162452
1072.989138,1000,10026.738312
1165.667858,1000,10030.509977
1154.559577,1000,10044.731849
1105.692845,1000,10048.507268
1089.006487,1000,10063.015601
1137.624641,1000,10066.75876
1175.338331,1000,10080.268063
1134.598134,1000,10084.324624
1183.677706,1000,10098.717332
1100.450384,1000,10102.582303
1066.813448,1000,10106.420659
1177.712639,1000,10121.134341
1046.033524,1000,10125.066802
1139.441648,1000,10138.719615
754.867321,1000,10142.694589
1193.003428,1000,10156.956728
1192.497562,1000,10160.342231
1185.182535,1000,10174.55742
1155.997177,1000,10178.213382
1194.399174,1000,10192.917828
1170.667545,1000,10196.981453
1102.356544,1000,10210.973708
1237.036369,1000,10214.849179
1008.533858,1000,10229.479684
1199.29836,1000,10233.56461
1155.874631,1000,10248.383573
1076.794956,1000,10252.075974
1153.468189,1000,10265.623961
1072.937709,1000,10269.368871
1007.863452,1000,10283.1335
1114.72621,1000,10286.975085
1101.365288,1000,10301.949098
1164.204702,1000,10305.588118
1145.797263,1000,10320.140445
1125.041936,1000,10324.308748
1251.644833,1000,10338.149563
1053.590618,1000,10341.80667
1162.653403,1000,10356.185369
1165.063611,1000,10360.115108
1176.892664,1000,10374.657719
1116.057847,1000,10378.154895
1195.308489,1000,10392.496993
1180.599752,1000,10395.764399
1139.393446,1000,10410.841594
1091.620208,1000,10414.61401
1150.914474,1000,10427.751494
1237.307458,1000,10431.360701
1130.990333,1000,10445.450289
1107.80877,1000,10448.954577
981.613237,1000,10463.676599
912.701679,1000,10467.758215
1127.628176,1000,10481.375474
1137.786728,1000,10485.085953
1215.636415,1000,10488.986661
1103.289523,1000,10503.73103
1155.424208,1000,10507.169086
1184.274599,1000,10521.677802
1195.995488,1000,10525.531627
1190.03782,1000,10539.265536
1052.093547,1000,10542.71572
1129.055448,1000,10557.419936
1081.005466,1000,10560.857897
1147.07182,1000,10575.366564
1171.38983,1000,10579.433633
1226.257496,1000,10593.87295
1163.435666,1000,10597.357162
1151.282659,1000,10610.613124
1156.316758,1000,10614.142335
1207.054977,1000,10627.829775
1145.319809,1000,10631.941936
1129.989917,1000,10645.898131
1184.296026,1000,10649.698328
1159.705608,1000,10663.73398
1118.183566,1000,10667.781853
1097.084898,1000,10682.153745
1100.925279,1000,10685.819097
1096.989957,1000,10699.606366
898.023487,1000,10703.544693
1206.406449,1000,10716.849098
1174.919208,1000,10720.876983
1182.752387,1000,10735.757462
998.75262,1000,10739.377939
1124.514691,1000,10754.365487
1128.412248,1000,10757.807231
858.801931,1000,10771.709116
909.033254,1000,10775.611359
-564.49903,1000,10790.231936
1000.942913,1000,10794.150975
1170.647604,1000,10808.517006
1147.124481,1000,10812.178436
1106.918641,1000,10827.36463
1175.194761,1000,10830.893488
1202.918678,1000,10844.864611
1077.264163,1000,10848.712804
1183.602276,1000,10863.40617
1143.573365,1000,10867.00514
1101.69299,1000,10871.213095
1182.511813,1000,10885.375201
1157.474379,1000,10889.407561
1116.028174,1000,10904.229648
1103.760041,1000,10907.814272
1039.437493,1000,10921.923962
1182.910729,1000,10925.451956
1061.499222,1000,10939.03013
1143.683789,1000,10942.724228
1190.688877,1000,10957.000326
1020.992044,1000,10960.505471
1147.011292,1000,10975.039362
1106.678423,1000,10978.94273
999.351513,1000,10992.650943
1003.983839,1000,10996.076461
1189.251799,1000,11010.165348
1111.600441,1000,11014.117014
1169.902858,1000,11027.932976
1079.428394,1000,11031.683746
1240.361137,1000,11045.420228
1144.10787,1000,11049.051499
1140.752474,1000,11062.889146
1116.344855,1000,11066.282601
1007.662926,1000,11080.239341
1083.449005,1000,11083.685684
1103.79446,1000,11097.524555
1138.722214,1000,11101.45943
1182.390649,1000,11115.26267
1149.125794,1000,11119.17372
1196.290653,1000,11133.630753
1142.142643,1000,11137.638863
1060.667964,1000,11152.419064
1127.129478,1000,11155.981568
1092.010531,1000,11170.173269
1121.479272,1000,11174.106691
1177.625759,1000,11188.311007
1165.787879,1000,11192.253681
1122.64899,1000,11204.957255
1162.798936,1000,11208.712689
1040.941882,1000,11222.958519
1124.406706,1000,11226.903739
1099.106381,1000,11230.862463
1237.437098,1000,11244.422441
1183.66503,1000,11248.497063
1209.562463,1000,11262.794407
1213.029499,1000,11266.660381
1046.6809,1000,11280.430851
121.020425,1000,11283.860524
1100.161327,1000,11297.326202
1117.553713,1000,11300.667845
1133.453657,1000,11314.831277
1103.583626,1000,11318.416818
983.306682,1000,11332.611332
1135.681856,1000,11336.585547
1145.345806,1000,11351.045738
1195.247899,1000,11354.729676
1202.780052,1000,11368.494
1178.838449,1000,11371.867109
1055.334818,1000,11385.941338
1100.981066,1000,11389.373266
1085.822017,1000,11403.255936
1201.785662,1000,11407.02426
1166.130554,1000,11420.451092
1099.860195,1000,11424.036337
973.046352,1000,11437.894847
1173.05932,1000,11441.293973
1180.203157,1000,11455.385822
1060.396409,1000,11458.708455
942.028132,1000,11472.913645
1179.824079,1000,11476.845038
1159.626744,1000,11490.690589
1136.525501,1000,11494.512613
1097.64004,1000,11508.962244
1134.168819,1000,11512.713607
1120.822148,1000,11526.391024
1153.927913,1000,11530.454192
986.254174,1000,11544.398637
1014.87528,1000,11548.371428
1061.531543,1000,11562.287417
1081.80479,1000,11565.8814
1155.861957,1000,11579.709547
1160.35615,1000,11583.111217
1089.329346,1000,11596.755642
1203.305849,1000,11600.026399
1114.240533,1000,11603.721934
1164.255767,1000,11617.410055
1061.099971,1000,11620.512152
1190.663062,1000,11634.668765
-607.845734,1000,11638.269291
1146.615322,1000,11652.252398
1044.764696,1000,11655.795387
1136.528583,1000,11669.3054
1097.875425,1000,11672.668213
1100.607054,1000,11686.279305
1202.77845,1000,11689.539349
1214.807378,1000,11703.401324
1149.725122,1000,11706.680146
1223.918345,1000,11720.290813
1153.260583,1000,11724.0089
1139.28513,1000,11738.083779
1006.807328,1000,11741.562229
1161.576202,1000,11755.351713
1150.030272,1000,11758.996642
1136.837247,1000,11773.060776
1112.837484,1000,11776.876248
1128.123556,1000,11790.453818
1145.207218,1000,11793.965641
1154.423405,1000,11808.110515
1219.544981,1000,11811.505062
1170.399807,1000,11825.410572
1173.367922,1000,11829.196094
1140.823342,1000,11843.686311
1092.536915,1000,11847.397743
1186.14188,1000,11861.836761
1127.815653,1000,11865.205252
1117.28177,1000,11879.286481
1192.742925,1000,11882.895591
1156.100363,1000,11897.029137
1182.720471,1000,11900.795491
1133.699977,1000,11914.26676
-557.653108,1000,11917.652411
1131.696142,1000,11931.809925
1188.893893,1000,11935.333024
1185.988658,1000,11949.64623
1212.936056,1000,11953.221838
1054.983637,1000,11967.527553
1110.852535,1000,11971.450843
1109.818872,1000,11975.066103
1126.00089,1000,11988.70857
1124.363091,1000,11992.320607
1153.007233,1000,12006.085838
1146.192283,1000,12009.341676
1189.307719,1000,12023.564323
1186.73249,1000,12027.025737
1162.56502,1000,12040.896413
1189.276576,1000,12044.266723
1178.472892,1000,12058.24702
1220.732615,1000,12062.177218
1213.073175,1000,12076.656262
1197.167549,1000,12080.538868
1135.579313,1000,12093.968253
1157.484498,1000,12097.495564
684.892568,1000,12111.314943
1230.226995,1000,12115.002356
1114.474255,1000,12129.243909
1173.291522,1000,12132.724167
1212.252829,1000,12147.101452
1152.206796,1000,12150.708047
1193.625973,1000,12164.986378
1255.533689,1000,12168.875162
1222.20229,1000,12182.030657
1124.887905,1000,12185.627469
1144.559002,1000,12200.140387
1185.328087,1000,12203.99174
1196.855413,1000,12218.47657
1240.88033,1000,12222.033206
1163.730089,1000,12235.584213
1256.358253,1000,12239.149212
1214.846962,1000,12253.328916
1099.904869,1000,12256.716608
1099.443502,1000,12270.717289
1087.572795,1000,12274.235181
1143.162174,1000,12288.249308
1070.38198,1000,12291.928346
1141.895423,1000,12305.989044
1110.419738,1000,12309.439133
1208.212354,1000,12322.792917
1161.47496,1000,12326.222226
1188.408379,1000,12339.525517
1218.116707,1000,12343.53485
1182.879969,1000,12347.155568
1096.193324,1000,12360.403195
1146.600988,1000,12363.976994
1146.424504,1000,12378.498684
1241.848365,1000,12381.85048
1183.698958,1000,12395.813997
1126.254214,1000,12399.215282
1105.95932,1000,12412.87827
1182.719977,1000,12416.464146
1090.111956,1000,12430.429964
1170.584079,1000,12433.898042
1131.886099,1000,12447.594769
1196.118572,1000,12451.191561
1146.157567,1000,12465.26784
1171.830156,1000,12468.792563
1189.023718,1000,12483.013213
1202.793843,1000,12486.769747
1150.720704,1000,12500.702837
1208.70414,1000,12504.045578
1120.59642,1000,12518.351648
1156.297744,1000,12522.599146
1136.960246,1000,12536.469386
1216.532351,1000,12540.00619
1135.179504,1000,12553.911927
1107.95753,1000,12557.847084
1161.032923,1000,12572.171499
1232.666084,1000,12575.815095
1186.35129,1000,12589.760711
1081.737497,1000,12593.819182
1130.435699,1000,12607.244932
1177.463847,1000,12610.910954
1188.204096,1000,12624.977681
1145.087983,1000,12628.67765
1186.921267,1000,12642.151549
1179.059295,1000,12645.808247
-549.748019,1000,12660.38248
1224.63474,1000,12663.796111
1193.301214,1000,12677.929515
1221.786051,1000,12681.249934
1214.948436,1000,12695.326185
1164.817449,1000,12699.009442
1107.390272,1000,12712.466192
1182.325674,1000,12716.346188
1221.292751,1000,12720.198255
1227.637201,1000,12733.862401
1168.720196,1000,12737.255439
1202.065643,1000,12750.994158
1129.463402,1000,12754.642365
1126.037584,1000,12768.543001
1134.665853,1000,12772.270467
1232.4592,1000,12786.259935
1185.783868,1000,12789.839358
1194.854668,1000,12803.862479
1180.224201,1000,12807.372208
1236.460978,1000,12821.758295
1172.968139,1000,12825.498847
1163.149325,1000,12838.755958
1185.680966,1000,12842.427968
1200.397036,1000,12855.839263
1249.531959,1000,12859.334899
1234.998937,1000,12873.011774
1160.187884,1000,12876.576141
1171.74979,1000,12890.817191
1161.715733,1000,12894.693409
1145.057888,1000,12908.560139
1184.620799,1000,12911.961291
1138.759128,1000,12925.672454
1122.919955,1000,12929.476614
1193.89912,1000,12943.113376
1216.131359,1000,12946.804238
1180.561805,1000,12961.295457
1058.061387,1000,12964.653496
1136.859463,1000,12978.283857
1236.350918,1000,12982.127558
1157.302904,1000,12996.173259
1227.31869,1000,12999.544847
1209.946842,1000,13013.135348
-802.533394,1000,13016.553066
1178.726659,1000,13030.32398
1253.043989,1000,13033.660877
1235.765384,1000,13047.209019
1112.488178,1000,13050.924896
1215.657629,1000,13064.669809
1209.1499,1000,13068.649045
1157.618,1000,13082.899275
1208.19043,1000,13086.382678
1027.789868,1000,13089.771797
1145.979028,1000,13103.758652
1165.415563,1000,13107.337218
1217.285058,1000,13120.998088
1186.514949,1000,13124.806884
1259.576334,1000,13139.374644
1116.120897,1000,13143.31538
1129.558223,1000,13157.485518
1177.986304,1000,13161.426173
1218.494288,1000,13174.938305
1231.294346,1000,13178.448738
1198.598424,1000,13192.50132
1186.951665,1000,13196.419205
1294.437262,1000,13209.830143
1225.148328,1000,13213.531736
1133.459176,1000,13227.583222
1195.613634,1000,13230.997591
1227.033331,1000,13245.214924
1271.395301,1000,13249.034814
1244.010237,1000,13263.113355
1225.967806,1000,13266.999101
1293.078833,1000,13280.683999
1261.204431,1000,13284.209626
1158.391869,1000,13298.322912
1196.310516,1000,13301.941319
1086.246301,1000,13315.983765
1201.546984,1000,13319.578597
1243.677307,1000,13333.372671
1167.258048,1000,13337.415656
1144.482272,1000,13351.389611
1307.794958,1000,13354.743616
1203.045307,1000,13368.461047
1160.798548,1000,13372.035038
1145.996505,1000,13386.433616
1224.866474,1000,13389.760643
1186.204676,1000,13403.163643
1232.643801,1000,13406.716387
1163.971621,1000,13420.724829
1144.841304,1000,13424.274515
1230.672214,1000,13438.111577
1286.505924,1000,13441.489943
1217.200696,1000,13444.881451
1229.801435,1000,13459.332987
1212.235121,1000,13463.257613
1206.437225,1000,13477.128963
1194.404916,1000,13480.901098
1087.717727,1000,13495.80218
1223.14949,1000,13499.675099
1132.550178,1000,13513.781915
1157.820287,1000,13517.733367
1206.998672,1000,13531.834507
1183.124942,1000,13535.297509
1140.867013,1000,13549.282439
1147.545679,1000,13552.689733
1176.413226,1000,13567.519426
1142.605604,1000,13570.770974
-507.200463,1000,13585.059095
1186.26504,1000,13588.869791
1288.714845,1000,13602.811536
1187.746416,1000,13606.429772
1341.306925,1000,13620.76058
1214.894679,1000,13624.324562
1259.197605,1000,13638.437751
1263.696258,1000,13641.927124
1209.519837,1000,13656.103008
1214.297995,1000,13660.069399
1188.375179,1000,13674.160496
1067.834145,1000,13677.414191
1266.862628,1000,13691.5122
1140.854703,1000,13694.82029
1243.596746,1000,13709.212611
1140.946862,1000,13713.159428
1217.520399,1000,13726.767237
1084.644588,1000,13730.577006
1147.451488,1000,13744.705554
1163.421045,1000,13748.596679
1179.228068,1000,13762.138217
1191.002478,1000,13765.913527
1095.120718,1000,13779.924987
1139.933773,1000,13783.884209
1207.320421,1000,13797.886662
1202.831518,1000,13801.430399
1213.69931,1000,13815.356413
1133.719905,1000,13819.218038
1287.49459,1000,13823.183279
1229.319568,1000,13837.232636
1232.835158,1000,13841.122484
1235.67255,1000,13855.526646
1212.444323,1000,13858.790127
1174.987775,1000,13872.769526
1249.144303,1000,13876.150061
1141.419048,1000,13890.130702
1132.034703,1000,13893.915037
1207.681021,1000,13908.469988
1182.867533,1000,13912.031329
1194.490904,1000,13926.740774
1192.914615,1000,13930.077788
1082.320832,1000,13943.879951
1245.450513,1000,13947.446512
1164.519187,1000,13961.845649
1117.207861,1000,13965.774672
1225.909621,1000,13979.93713
1253.44337,1000,13983.919367
1215.090366,1000,13996.975442
1172.731111,1000,14000.682325
1211.371665,1000,14014.176292
1289.104002,1000,14017.785122
1182.76211,1000,14031.526323
1143.363172,1000,14034.906729
1181.321707,1000,14049.154852
1224.727326,1000,14052.809233
1232.437632,1000,14066.223628
1228.502439,1000,14069.521468
1238.154752,1000,14083.747842
1280.09388,1000,14087.46559
1278.88168,1000,14101.305157
1293.055408,1000,14105.273678
1141.75054,1000,14119.189307
1112.647565,1000,14122.720119
1217.436684,1000,14137.309979
1194.896737,1000,14141.457942
1269.148007,1000,14155.990473
1247.391368,1000,14159.639234
1196.661053,1000,14173.878808
1256.996688,1000,14177.503883
1167.026674,1000,14191.01774
1225.747346,1000,14194.564261
1179.289445,1000,14198.058378
1236.708257,1000,14212.135083
1193.763745,1000,14215.531152
1267.107785,1000,14229.863084
1137.613413,1000,14233.43413
1197.318733,1000,14246.933845
1306.902149,1000,14250.885993
1247.278183,1000,14264.68401
1214.818844,1000,14268.408303
1201.921172,1000,14282.953325
1287.534476,1000,14286.851937
1305.055988,1000,14300.261564
1269.800482,1000,14304.007792
1308.659404,1000,14318.242697
1296.229221,1000,14321.603948
1290.454516,1000,14336.206324
1157.014002,1000,14340.12011
1270.468906,1000,14354.441417
1307.013315,1000,14358.233282
1239.59699,1000,14372.417524
1298.498323,1000,14376.479323
1254.065875,1000,14390.825202
1249.541696,1000,14394.726565
1241.190821,1000,14409.094784
1257.394687,1000,14413.107567
1178.377874,1000,14426.650084
1180.587184,1000,14430.496241
1208.052117,1000,14444.383077
1126.366697,1000,14448.169425
1220.415497,1000,14461.397675
1258.478946,1000,14464.88062
1297.320279,1000,14479.030836
1371.767986,1000,14482.912774
1224.32817,1000,14497.47665
1320.163798,1000,14501.544292
1273.300324,1000,14514.92149
1309.046383,1000,14518.938906
1279.047209,1000,14533.115284
1333.913822,1000,14536.735721
1282.559149,1000,14550.741318
1260.086946,1000,14554.454403
1259.739816,1000,14568.680205
1289.5736,1000,14572.648152
1233.017317,1000,14576.612203
1247.747983,1000,14591.001978
1347.218452,1000,14594.916561
1286.030693,1000,14608.271169
1335.259672,1000,14612.089475
1222.194444,1000,14625.932783
1259.462686,1000,14629.789945
1248.145284,1000,14644.136169
1214.687475,1000,14648.173971
1191.031987,1000,14661.531625
1295.360085,1000,14665.285545
1096.021085,1000,14679.201738
1225.575596,1000,14683.102824
1256.061792,1000,14697.572964
1267.036768,1000,14701.246807
1186.808968,1000,14715.248126
1284.517993,1000,14718.820649
1238.282303,1000,14733.095569
1297.366584,1000,14736.788649
1233.551036,1000,14750.214043
1317.732253,1000,14754.011109
1300.988793,1000,14768.457854
1219.693067,1000,14772.229777
1278.299887,1000,14786.871377
1324.061288,1000,14790.741988
1302.539812,1000,14805.502603
1182.944637,1000,14809.236027
1268.330873,1000,14823.299602
1324.178468,1000,14827.349266
1238.527826,1000,14841.647004
1315.344626,1000,14845.240344
1297.344726,1000,14859.190978
1233.855673,1000,14863.033288
1312.979934,1000,14877.954078
1300.221861,1000,14881.438115
1292.074308,1000,14895.496091
1282.229116,1000,14898.78647
1357.010255,1000,14912.813073
1335.471674,1000,14916.742052
1441.541354,1000,14930.466117
1289.822248,1000,14934.066333
1206.57878,1000,14947.997033
1281.916017,1000,14951.708111
1273.698017,1000,14955.152441
1241.14871,1000,14968.654633
1282.675381,1000,14972.57225
1237.782854,1000,14986.287751
1176.149307,1000,14990.002279
1271.26879,1000,15004.129973
1258.307393,1000,15007.900626
1312.356889,1000,15022.12856
1262.138385,1000,15025.778441
1264.160705,1000,15039.598909
1296.430549,1000,15043.132106
1085.325423,1000,15057.508773
1240.425622,1000,15060.925292
1247.429952,1000,15074.96069
1226.711284,1000,15078.544142
1295.990945,1000,15092.449548
1301.553736,1000,15096.263224
1237.423574,1000,15110.106362
1341.495603,1000,15113.785884
1285.136335,1000,15127.109014
1193.990908,1000,15131.216802
1315.960272,1000,15145.077048
1301.180758,1000,15148.884903
1297.759775,1000,15162.835004
1269.542048,1000,15165.867314
1223.427921,1000,15179.987237
1261.583984,1000,15183.551074
1226.282536,1000,15197.066228
1303.202183,1000,15200.988492
1337.567963,1000,15214.820038
1252.069433,1000,15218.800454
1229.512114,1000,15233.22527
1209.105845,1000,15236.61947
1304.162503,1000,15249.505249
1257.709159,1000,15252.814788
1265.013301,1000,15266.725542
1286.870893,1000,15270.139104
1322.805444,1000,15283.503116
1221.895789,1000,15287.257912
1284.973654,1000,15301.489145
1320.018921,1000,15305.30131
1342.058776,1000,15319.043134
1317.520245,1000,15322.899747
1239.323894,1000,15326.50434
1372.879873,1000,15340.545452
1327.532676,1000,15344.047368
1289.735485,1000,15358.150181
1288.105532,1000,15361.899428
1275.290511,1000,15376.371564
1337.758509,1000,15380.049379
1389.707712,1000,15393.231051
1322.742798,1000,15397.066156
1341.880842,1000,15410.771992
1410.513134,1000,15414.52407
1261.144578,1000,15427.77278
1254.349093,1000,15431.130787
1238.456117,1000,15444.757934
1255.391531,1000,15448.656575
1369.125156,1000,15462.066021
1376.252767,1000,15466.028082
1225.867041,1000,15480.077263
1418.701662,1000,15483.423194
1286.346971,1000,15497.384747
1278.650945,1000,15501.047286
1306.880714,1000,15514.86823
1202.483867,1000,15518.59667
1257.947376,1000,15531.936299
1409.266937,1000,15535.709033
1409.026515,1000,15549.830656
1390.071703,1000,15553.441813
1296.547043,1000,15567.001215
1407.282266,1000,15571.012791
1275.998697,1000,15584.732996
1350.908156,1000,15588.81826
1274.873605,1000,15602.138224
1314.282853,1000,15606.09008
1362.808532,1000,15620.77784
1261.838521,1000,15624.705092
1315.388488,1000,15639.232854
1311.704479,1000,15643.177092
1418.69099,1000,15657.493294
1201.11986,1000,15661.608992
1243.478652,1000,15676.041883
1264.566949,1000,15680.142507
1292.387524,1000,15683.832611
1289.607376,1000,15697.505828
1446.350924,1000,15701.269666
1250.750383,1000,15715.681017
1208.24769,1000,15719.515011
1302.752019,1000,15733.630523
1235.693221,1000,15737.163487
1335.955839,1000,15750.636678
1253.899935,1000,15754.023378
1294.84375,1000,15767.315568
1405.032543,1000,15770.758189
1329.899871,1000,15785.315597
1429.552648,1000,15788.83436
1285.482744,1000,15803.299058
1371.286038,1000,15806.689275
1344.204715,1000,15820.84621
1355.214209,1000,15824.166478
1367.710132,1000,15837.971947
1495.51128,1000,15841.736369
1336.262385,1000,15855.127419
1290.224344,1000,15858.781527
1471.80996,1000,15873.298796
1452.234261,1000,15877.365813
1362.699276,1000,15890.784839
1293.713308,1000,15894.389725
1345.278595,1000,15908.429463
1295.419023,1000,15911.944059
1508.489928,1000,15926.633168
1347.061362,1000,15929.903783
1424.637715,1000,15943.952597
1295.950299,1000,15947.508144
1378.005878,1000,15961.792556
1309.258284,1000,15965.120549
1305.418258,1000,15979.462894
1258.5492,1000,15982.903793
1224.898631,1000,15997.093785
1398.905705,1000,16000.452157
1333.022739,1000,16014.653865
1343.795196,1000,16018.041754
1376.524298,1000,16032.555503
1421.135799,1000,16036.331869
1458.066334,1000,16050.474294
1269.943244,1000,16054.180679
1625.433537,1000,16057.587976
1326.656814,1000,16071.756876
1369.438552,1000,16075.517385
1430.007721,1000,16090.232232
1428.099895,1000,16094.133725
1400.812273,1000,16107.870623
1458.975576,1000,16111.565545
1409.679315,1000,16125.924662
1209.879539,1000,16129.429414
1653.458505,1000,16143.73045
1355.086385,1000,16147.232152
1304.233778,1000,16161.270665
1348.373032,1000,16164.906153
1303.678059,1000,16178.721617
1375.556913,1000,16182.718732
1345.860457,1000,16196.480171
1541.23869,1000,16200.342624
1497.577696,1000,16214.422419
1361.910307,1000,16218.389548
1294.790947,1000,16232.040336
1222.121558,1000,16235.876557
1578.815226,1000,16250.001285
1261.022414,1000,16253.421663
1594.170584,1000,16268.109991
1373.224331,1000,16271.638962
1462.43494,1000,16286.106198
1457.002763,1000,16289.405153
1160.44235,1000,16303.779611
1319.434522,1000,16307.712795
1377.780045,1000,16321.551326
1639.96517,1000,16325.220433
1322.91834,1000,16339.023767
1327.013925,1000,16342.681807
1331.475622,1000,16356.760715
1388.28741,1000,16360.367849
1330.162947,1000,16374.345793
1654.778787,1000,16378.073993
1284.52036,1000,16391.400336
1262.969757,1000,16394.922956
1331.147848,1000,16408.788715
1670.974578,1000,16412.191921
1454.013437,1000,16425.715116
1751.857141,1000,16429.438649
1590.02075,1000,16432.910218
1251.684113,1000,16447.027788
1275.070037,1000,16450.835135
1545.137027,1000,16464.796488
1277.719875,1000,16468.666531
1257.190063,1000,16482.422215
1419.636075,1000,16485.744585
1559.265527,1000,16499.823893
1325.366018,1000,16503.280015
1557.200794,1000,16517.053774
1369.274278,1000,16520.868147
1531.995627,1000,16535.124728
1399.534774,1000,16538.834522
1605.205867,1000,16553.224771
1688.880793,1000,16556.763102
1284.615421,1000,16570.564895
1624.559493,1000,16574.197719
1280.412401,1000,16588.225759
1394.841326,1000,16591.785493
1256.377871,1000,16606.162377
1382.901092,1000,16609.654143
1284.172457,1000,16623.653651
1236.266728,1000,16627.01323
1212.513134,1000,16641.168755
1277.321397,1000,16644.912878
1246.268908,1000,16658.092674
1528.79073,1000,16661.853272
1269.275587,1000,16675.07596
1392.833343,1000,16678.682586
1698.686461,1000,16692.899421
1603.147785,1000,16696.43779
1462.514439,1000,16710.736365
1514.132167,1000,16714.642798
1586.907357,1000,16728.626279
1560.891828,1000,16732.664789
1766.800049,1000,16746.870844
1669.223922,1000,16750.733309
1376.185513,1000,16764.753897
1428.35392,1000,16768.340551
1528.183787,1000,16782.52522
1718.061765,1000,16786.351402
1514.272065,1000,16800.551796
1236.785558,1000,16804.426196
1307.789374,1000,16808.441746
1647.925046,1000,16822.045989
1305.59627,1000,16825.887527
1213.535032,1000,16840.132065
1376.874266,1000,16844.018053
1581.46541,1000,16858.700665
1607.944873,1000,16861.89201
1509.221792,1000,16875.750768
1653.462233,1000,16879.585558
1275.505641,1000,16892.880136
1196.515276,1000,16896.364532
1373.066682,1000,16909.929745
1498.993961,1000,16913.339646
1468.452013,1000,16927.95131
1611.737666,1000,16931.798142
1535.621196,1000,16945.393896
1638.257673,1000,16949.346751
1702.190596,1000,16963.764331
1406.203999,1000,16967.829756
1166.771942,1000,16982.463785
1406.565287,1000,16986.026564
1279.255141,1000,16999.819808
1675.593084,1000,17003.640975
1556.917201,1000,17017.528393
1658.870666,1000,17021.4134
1530.35067,1000,17035.257125
1324.431292,1000,17038.815902
1460.767676,1000,17052.812146
1275.070842,1000,17056.471966
1260.590807,1000,17070.737667
1272.379905,1000,17074.043324
1178.052359,1000,17087.834314
1713.654311,1000,17091.347036
1696.51512,1000,17104.7607
1341.712054,1000,17108.35593
1773.962157,1000,17122.148642
1640.407681,1000,17125.587313
1759.291005,1000,17139.046532
1708.837942,1000,17142.791064
1366.710245,1000,17156.976714
1212.223761,1000,17160.67983
1289.381083,1000,17174.410636
1191.522768,1000,17177.732113
1743.598231,1000,17181.445047
1729.635679,1000,17195.369375
1193.592377,1000,17199.207555
1126.289289,1000,17213.519404
1137.87128,1000,17217.167074
1358.352214,1000,17231.339529
1716.542353,1000,17235.003501
1724.783264,1000,17249.436373
1213.497228,1000,17253.481856
1729.915246,1000,17268.18642
1123.414499,1000,17271.762557
1824.395724,1000,17285.375169
1600.32762,1000,17289.351273
1757.331745,1000,17302.948998
1833.765417,1000,17306.492553
1332.973737,1000,17319.827779
1814.007599,1000,17323.181133
1800.887228,1000,17337.749318
1673.131302,1000,17341.136438
1480.344007,1000,17355.315362
1946.088223,1000,17359.473403
1905.377105,1000,17373.123229
1530.606651,1000,17377.005449
1405.416237,1000,17391.762955
1693.178136,1000,17395.410286
1695.470614,1000,17409.57818
1831.197287,1000,17413.557886
1565.298759,1000,17428.579551
1787.749431,1000,17432.435761
1124.078677,1000,17446.541593
1856.458672,1000,17450.424153
1711.811295,1000,17464.756533
1395.657801,1000,17468.303444
1724.168128,1000,17482.581483
1845.743074,1000,17486.159943
