#{"t_start": 1534284211.6789145, "env_id": "InvertedPendulum-v2"}
r,l,t
6.0,6,0.009098
8.0,8,0.014114
4.0,4,0.016809
10.0,10,0.023002
6.0,6,0.027066
11.0,11,0.033785
10.0,10,0.039896
6.0,6,0.043696
8.0,8,0.048601
5.0,5,0.051813
6.0,6,0.055617
8.0,8,0.06051
13.0,13,0.068417
8.0,8,0.073368
12.0,12,0.080592
4.0,4,0.083194
5.0,5,0.086427
3.0,3,0.088467
4.0,4,0.091115
5.0,5,0.094421
3.0,3,0.096512
4.0,4,0.099189
6.0,6,0.103047
5.0,5,0.106189
6.0,6,0.109889
8.0,8,0.114834
14.0,14,0.12331
9.0,9,0.128841
12.0,12,0.136104
11.0,11,0.142833
14.0,14,0.151216
11.0,11,0.157904
5.0,5,0.161071
4.0,4,0.163635
9.0,9,0.169178
7.0,7,0.173518
7.0,7,0.177789
5.0,5,0.181169
5.0,5,0.184318
5.0,5,0.187552
6.0,6,0.191343
12.0,12,0.198572
5.0,5,0.201733
4.0,4,0.204271
7.0,7,0.208618
11.0,11,0.215288
10.0,10,0.22139
7.0,7,0.225681
9.0,9,0.231166
5.0,5,0.234304
12.0,12,0.24162
12.0,12,0.249032
7.0,7,0.253379
6.0,6,0.257093
7.0,7,0.261596
9.0,9,0.267074
7.0,7,0.271417
8.0,8,0.276323
4.0,4,0.278918
9.0,9,0.284416
5.0,5,0.287588
10.0,10,0.293743
7.0,7,0.298032
9.0,9,0.303575
6.0,6,0.3073
6.0,6,0.311041
7.0,7,0.315404
5.0,5,0.318597
10.0,10,0.324832
9.0,9,0.330429
7.0,7,0.334889
4.0,4,0.337508
11.0,11,0.344231
10.0,10,0.350312
10.0,10,0.356502
5.0,5,0.359689
9.0,9,0.365143
5.0,5,0.368335
8.0,8,0.373194
7.0,7,0.37749
6.0,6,0.38122
7.0,7,0.38555
5.0,5,0.388674
7.0,7,0.392925
10.0,10,0.399071
12.0,12,0.406444
14.0,14,0.41487
12.0,12,0.422206
3.0,3,0.424273
6.0,6,0.428021
5.0,5,0.431192
10.0,10,0.437497
6.0,6,0.441306
14.0,14,0.449789
5.0,5,0.453087
8.0,8,0.458122
12.0,12,0.465446
7.0,7,0.469833
6.0,6,0.473578
18.0,18,0.484339
15.0,15,0.493427
3.0,3,0.49543
4.0,4,0.497959
10.0,10,0.504055
3.0,3,0.506032
6.0,6,0.509777
13.0,13,0.517665
5.0,5,0.520922
8.0,8,0.52586
5.0,5,0.529019
5.0,5,0.532187
9.0,9,0.537721
7.0,7,0.542068
11.0,11,0.548814
8.0,8,0.553811
5.0,5,0.556988
7.0,7,0.561322
6.0,6,0.56508
4.0,4,0.567668
9.0,9,0.573267
16.0,16,0.582872
8.0,8,0.587896
17.0,17,0.598121
8.0,8,0.6033
8.0,8,0.608205
6.0,6,0.611954
7.0,7,0.616318
9.0,9,0.621886
9.0,9,0.627347
7.0,7,0.631701
3.0,3,0.633671
4.0,4,0.636282
5.0,5,0.639444
7.0,7,0.643862
9.0,9,0.649415
8.0,8,0.654514
4.0,4,0.6571
3.0,3,0.65908
4.0,4,0.661663
8.0,8,0.666565
5.0,5,0.669834
9.0,9,0.67536
13.0,13,0.683271
5.0,5,0.68651
12.0,12,0.693804
5.0,5,0.697
6.0,6,0.700729
6.0,6,0.704483
16.0,16,0.714082
4.0,4,0.716651
4.0,4,0.719242
5.0,5,0.722365
11.0,11,0.729036
8.0,8,0.733984
12.0,12,0.74129
5.0,5,0.744478
9.0,9,0.749969
5.0,5,0.753173
5.0,5,0.756299
5.0,5,0.75943
5.0,5,0.762572
9.0,9,0.768082
5.0,5,0.771277
11.0,11,0.777958
10.0,10,0.784124
7.0,7,0.788582
11.0,11,0.795199
6.0,6,0.798925
6.0,6,0.802732
8.0,8,0.80785
9.0,9,0.81331
7.0,7,0.817641
17.0,17,0.827822
6.0,6,0.831699
16.0,16,0.841331
13.0,13,0.849173
5.0,5,0.852391
6.0,6,0.856135
15.0,15,0.865213
8.0,8,0.870293
4.0,4,0.872871
5.0,5,0.876022
3.0,3,0.878002
10.0,10,0.884076
6.0,6,0.887895
8.0,8,0.89279
5.0,5,0.895937
5.0,5,0.899074
7.0,7,0.903423
5.0,5,0.906567
8.0,8,0.911599
4.0,4,0.914118
11.0,11,0.920837
10.0,10,0.927135
7.0,7,0.931451
21.0,21,0.94404
7.0,7,0.948396
5.0,5,0.951567
12.0,12,0.9588
5.0,5,0.961931
4.0,4,0.964509
6.0,6,0.968304
6.0,6,0.972067
7.0,7,0.976367
6.0,6,0.980074
3.0,3,0.982049
5.0,5,0.985198
9.0,9,0.990738
5.0,5,0.993861
5.0,5,0.996991
4.0,4,0.999555
8.0,8,1.004485
6.0,6,1.008203
5.0,5,1.011345
9.0,9,1.016809
8.0,8,1.021805
8.0,8,1.027046
11.0,11,1.033763
16.0,16,1.043392
7.0,7,1.047789
12.0,12,1.055128
7.0,7,1.059467
4.0,4,1.062
6.0,6,1.065753
4.0,4,1.068463
4.0,4,1.071039
4.0,4,1.073598
7.0,7,1.077971
5.0,5,1.081156
5.0,5,1.084275
7.0,7,1.088584
9.0,9,1.0941
9.0,9,1.099595
7.0,7,1.103981
16.0,16,1.113606
4.0,4,1.11622
9.0,9,1.121752
6.0,6,1.125519
3.0,3,1.127492
5.0,5,1.130625
4.0,4,1.133349
6.0,6,1.137091
5.0,5,1.140245
5.0,5,1.143369
7.0,7,1.147639
13.0,13,1.155461
6.0,6,1.159165
8.0,8,1.164017
11.0,11,1.17068
9.0,9,1.176142
3.0,3,1.178119
10.0,10,1.184148
5.0,5,1.187307
11.0,11,1.193959
8.0,8,1.198936
7.0,7,1.203787
4.0,4,1.20643
5.0,5,1.209593
9.0,9,1.215035
6.0,6,1.218757
6.0,6,1.222431
7.0,7,1.22673
9.0,9,1.232206
5.0,5,1.235377
4.0,4,1.237978
7.0,7,1.24227
5.0,5,1.245379
11.0,11,1.252026
5.0,5,1.255141
4.0,4,1.257671
5.0,5,1.260751
5.0,5,1.26384
15.0,15,1.272748
15.0,15,4.160362
8.0,8,4.165435
17.0,17,4.175884
8.0,8,4.180904
7.0,7,4.185337
6.0,6,4.189168
4.0,4,4.191854
7.0,7,4.196282
7.0,7,4.20068
7.0,7,4.20507
6.0,6,4.208871
9.0,9,4.214411
11.0,11,4.221235
11.0,11,4.228063
10.0,10,4.234295
7.0,7,4.238748
5.0,5,4.241961
9.0,9,4.247537
6.0,6,4.251363
7.0,7,4.255798
7.0,7,4.260217
4.0,4,4.262838
3.0,3,4.264811
9.0,9,4.27036
7.0,7,4.274757
4.0,4,4.277325
12.0,12,4.284649
8.0,8,4.289643
7.0,7,4.294067
10.0,10,4.300302
8.0,8,4.305308
11.0,11,4.312122
4.0,4,4.314721
12.0,12,4.322097
5.0,5,4.325286
5.0,5,4.328475
6.0,6,4.332259
11.0,11,4.339033
6.0,6,4.34287
4.0,4,4.345509
19.0,19,4.357104
10.0,10,4.363391
7.0,7,4.367807
12.0,12,4.375139
4.0,4,4.377742
9.0,9,4.383331
7.0,7,4.387821
10.0,10,4.39406
7.0,7,4.398477
6.0,6,4.402377
3.0,3,4.404354
7.0,7,4.408724
14.0,14,4.41731
5.0,5,4.420537
8.0,8,4.425543
6.0,6,4.429295
3.0,3,4.431312
8.0,8,4.436335
20.0,20,4.448562
14.0,14,4.457204
7.0,7,4.461588
13.0,13,4.469495
8.0,8,4.474539
8.0,8,4.479563
5.0,5,4.482793
11.0,11,4.489595
3.0,3,4.491634
3.0,3,4.49361
7.0,7,4.498009
6.0,6,4.501833
5.0,5,4.505056
6.0,6,4.508918
4.0,4,4.511564
3.0,3,4.513542
8.0,8,4.51862
6.0,6,4.522429
6.0,6,4.526268
16.0,16,4.536
15.0,15,4.545203
9.0,9,4.550926
5.0,5,4.554228
11.0,11,4.561081
6.0,6,4.56488
11.0,11,4.571812
9.0,9,4.57745
4.0,4,4.58022
9.0,9,4.585779
4.0,4,4.588411
5.0,5,4.591666
4.0,4,4.594306
6.0,6,4.598106
4.0,4,4.600708
7.0,7,4.605065
4.0,4,4.607786
6.0,6,4.611606
5.0,5,4.614778
5.0,5,4.617954
10.0,10,4.624153
5.0,5,4.627425
9.0,9,4.633038
10.0,10,4.639236
6.0,6,4.643071
9.0,9,4.648688
4.0,4,4.651308
5.0,5,4.65452
12.0,12,4.661943
4.0,4,4.664583
11.0,11,4.671477
5.0,5,4.674759
7.0,7,4.67917
7.0,7,4.683543
6.0,6,4.687295
4.0,4,4.689903
6.0,6,4.693704
10.0,10,4.699946
7.0,7,4.704379
11.0,11,4.711241
10.0,10,4.717392
6.0,6,4.721268
4.0,4,4.723913
6.0,6,4.727781
11.0,11,4.734586
6.0,6,4.738386
12.0,12,4.745736
12.0,12,4.753177
8.0,8,4.758315
4.0,4,4.760982
18.0,18,4.771965
7.0,7,4.776389
5.0,5,4.779587
9.0,9,4.785203
14.0,14,4.793827
6.0,6,4.797646
4.0,4,4.800323
18.0,18,4.811298
13.0,13,4.819287
5.0,5,4.822494
5.0,5,4.82586
10.0,10,4.83209
6.0,6,4.835913
6.0,6,4.839813
5.0,5,4.843007
6.0,6,4.846818
4.0,4,4.849418
7.0,7,4.853867
9.0,9,4.859496
16.0,16,4.869287
7.0,7,4.873719
6.0,6,4.87755
7.0,7,4.881928
7.0,7,4.886428
5.0,5,4.889747
11.0,11,4.896648
9.0,9,4.902394
11.0,11,4.90928
10.0,10,4.915499
5.0,5,4.918727
5.0,5,4.921897
4.0,4,4.924499
4.0,4,4.927099
7.0,7,4.93152
5.0,5,4.934757
3.0,3,4.936787
4.0,4,4.939465
6.0,6,4.943293
8.0,8,4.948343
12.0,12,4.955797
6.0,6,4.959671
19.0,19,4.971289
7.0,7,4.975723
4.0,4,4.978329
6.0,6,4.982133
8.0,8,4.987172
9.0,9,4.992814
6.0,6,4.996646
7.0,7,5.001163
4.0,4,5.003795
5.0,5,5.007047
13.0,13,5.015069
23.0,23,5.029033
5.0,5,5.032199
6.0,6,5.035946
8.0,8,5.04102
4.0,4,5.043643
21.0,21,5.056447
4.0,4,5.059044
4.0,4,5.061667
5.0,5,5.064896
6.0,6,5.068751
12.0,12,5.076308
7.0,7,5.080735
13.0,13,5.088757
9.0,9,5.094462
6.0,6,5.09831
8.0,8,5.103328
17.0,17,5.113695
6.0,6,5.117485
5.0,5,5.120657
3.0,3,5.122846
4.0,4,5.125446
5.0,5,5.128644
19.0,19,5.140242
7.0,7,5.144648
11.0,11,5.151412
5.0,5,5.15461
6.0,6,5.158507
5.0,5,5.161733
9.0,9,5.16737
6.0,6,5.171143
9.0,9,5.17689
7.0,7,5.181258
7.0,7,5.1857
6.0,6,5.18956
5.0,5,5.192887
13.0,13,5.200872
6.0,6,5.20467
11.0,11,5.211457
6.0,6,5.215377
6.0,6,5.219225
6.0,6,5.223046
7.0,7,5.227464
5.0,5,5.230714
11.0,11,5.237419
4.0,4,5.240046
7.0,7,5.244376
15.0,15,5.253483
6.0,6,5.257249
6.0,6,5.260994
4.0,4,5.263572
11.0,11,5.27031
8.0,8,5.275366
8.0,8,5.280379
7.0,7,5.284771
9.0,9,5.290436
10.0,10,5.296594
6.0,6,5.300404
10.0,10,5.306694
4.0,4,5.309297
7.0,7,5.313662
10.0,10,5.319844
12.0,12,5.327244
15.0,15,5.336372
10.0,10,5.342619
3.0,3,5.344617
6.0,6,5.348424
5.0,5,5.351659
7.0,7,5.356037
24.0,24,5.370515
4.0,4,5.373142
7.0,7,5.37748
12.0,12,5.384765
5.0,5,5.387924
12.0,12,5.395239
11.0,11,5.401943
7.0,7,5.406343
6.0,6,5.410144
7.0,7,5.414514
11.0,11,5.421224
5.0,5,5.424432
9.0,9,5.429955
9.0,9,5.435461
10.0,10,8.106839
8.0,8,8.112254
6.0,6,8.116076
6.0,6,8.119855
9.0,9,8.125416
5.0,5,8.129219
7.0,7,8.133753
3.0,3,8.135767
8.0,8,8.140768
4.0,4,8.143425
11.0,11,8.150173
15.0,15,8.159402
5.0,5,8.162616
11.0,11,8.16937
16.0,16,8.179136
7.0,7,8.183552
12.0,12,8.190933
13.0,13,8.198874
11.0,11,8.205654
15.0,15,8.21482
13.0,13,8.222807
5.0,5,8.226053
5.0,5,8.22925
7.0,7,8.233679
15.0,15,8.242819
13.0,13,8.250801
24.0,24,8.265299
7.0,7,8.269708
14.0,14,8.278316
5.0,5,8.281495
15.0,15,8.290648
13.0,13,8.298631
7.0,7,8.303037
13.0,13,8.311015
9.0,9,8.316618
15.0,15,8.325841
6.0,6,8.330312
16.0,16,8.340075
14.0,14,8.348771
6.0,6,8.352766
8.0,8,8.357829
7.0,7,8.362286
21.0,21,8.375944
22.0,22,8.389424
6.0,6,8.393238
7.0,7,8.397688
17.0,17,8.408118
6.0,6,8.411981
5.0,5,8.415193
10.0,10,8.421408
8.0,8,8.426457
7.0,7,8.431015
7.0,7,8.435467
21.0,21,8.448463
19.0,19,8.460118
9.0,9,8.465795
12.0,12,8.473238
5.0,5,8.476449
8.0,8,8.481482
6.0,6,8.485395
6.0,6,8.489295
14.0,14,8.497974
17.0,17,8.508458
6.0,6,8.512454
7.0,7,8.516865
15.0,15,8.526055
7.0,7,8.530701
7.0,7,8.535171
7.0,7,8.53964
14.0,14,8.548389
8.0,8,8.553517
16.0,16,8.563398
4.0,4,8.566055
12.0,12,8.573545
13.0,13,8.581662
8.0,8,8.586798
15.0,15,8.596067
8.0,8,8.6012
31.0,31,8.620151
17.0,17,8.630656
6.0,6,8.6345
16.0,16,8.644381
14.0,14,8.65305
11.0,11,8.659898
9.0,9,8.665526
9.0,9,8.671198
9.0,9,8.676888
15.0,15,8.686146
6.0,6,8.690047
13.0,13,8.698127
14.0,14,8.706835
6.0,6,8.710655
8.0,8,8.715717
8.0,8,8.720789
7.0,7,8.725255
9.0,9,8.730874
14.0,14,8.739551
6.0,6,8.743506
7.0,7,8.748105
12.0,12,8.755577
16.0,16,8.765579
7.0,7,8.770091
7.0,7,8.774564
3.0,3,8.776573
5.0,5,8.779743
17.0,17,8.790241
17.0,17,8.800772
8.0,8,8.805789
10.0,10,8.81205
14.0,14,8.82067
4.0,4,8.823297
14.0,14,8.832093
11.0,11,8.838906
6.0,6,8.84274
5.0,5,8.845935
8.0,8,8.850981
7.0,7,8.855454
5.0,5,8.858698
7.0,7,8.863168
6.0,6,8.867007
11.0,11,8.87382
15.0,15,8.883065
10.0,10,8.889302
11.0,11,8.896235
13.0,13,8.904279
7.0,7,8.908721
19.0,19,8.920396
8.0,8,8.925531
8.0,8,8.930544
4.0,4,8.933124
4.0,4,8.9358
5.0,5,8.939152
9.0,9,8.944807
8.0,8,8.949861
8.0,8,8.954997
10.0,10,8.961301
10.0,10,8.967608
15.0,15,8.976902
7.0,7,8.981348
33.0,33,9.001514
18.0,18,9.012616
16.0,16,9.022495
9.0,9,9.028257
9.0,9,9.033883
12.0,12,9.041391
5.0,5,9.044619
13.0,13,9.052737
10.0,10,9.059046
10.0,10,9.065325
9.0,9,9.070997
4.0,4,9.073686
16.0,16,9.083578
12.0,12,9.091102
12.0,12,9.098645
25.0,25,9.113903
20.0,20,9.126208
5.0,5,9.129487
8.0,8,9.134475
7.0,7,9.138952
22.0,22,9.152459
4.0,4,9.155089
13.0,13,9.163163
11.0,11,9.170077
12.0,12,9.177608
8.0,8,9.182654
9.0,9,9.18826
6.0,6,9.192253
5.0,5,9.195513
33.0,33,9.215699
16.0,16,9.225594
14.0,14,9.2343
16.0,16,9.244189
21.0,21,9.257216
12.0,12,9.264691
27.0,27,9.281273
13.0,13,9.289423
10.0,10,9.29568
6.0,6,9.299579
7.0,7,9.304027
7.0,7,9.308506
7.0,7,9.312983
7.0,7,9.317549
13.0,13,9.325664
13.0,13,9.333663
5.0,5,9.336891
10.0,10,9.3431
9.0,9,9.348673
6.0,6,9.352468
9.0,9,9.358134
8.0,8,9.363169
15.0,15,9.372343
19.0,19,9.386803
34.0,34,12.344078
14.0,14,12.352582
24.0,24,12.367119
24.0,24,12.381664
7.0,7,12.38604
24.0,24,12.400602
19.0,19,12.412192
16.0,16,12.421937
21.0,21,12.434732
32.0,32,12.454031
8.0,8,12.459063
24.0,24,12.47361
4.0,4,12.476332
15.0,15,12.485459
23.0,23,12.499476
29.0,29,12.517148
6.0,6,12.520915
6.0,6,12.524782
20.0,20,12.536984
16.0,16,12.546888
9.0,9,12.552577
9.0,9,12.558231
6.0,6,12.56201
8.0,8,12.56704
8.0,8,12.572022
5.0,5,12.575296
6.0,6,12.579075
12.0,12,12.586527
11.0,11,12.593322
34.0,34,12.613909
11.0,11,12.620677
12.0,12,12.628074
11.0,11,12.634833
28.0,28,12.651846
10.0,10,12.658184
44.0,44,12.684718
45.0,45,12.711979
37.0,37,12.734199
14.0,14,12.742851
12.0,12,12.75019
4.0,4,12.752779
8.0,8,12.757836
13.0,13,12.76583
28.0,28,12.782732
7.0,7,12.787136
12.0,12,12.794543
7.0,7,12.798912
19.0,19,12.810492
10.0,10,12.816701
10.0,10,12.822955
13.0,13,12.830909
17.0,17,12.84139
7.0,7,12.845782
5.0,5,12.848955
25.0,25,12.864011
18.0,18,12.874934
21.0,21,12.887612
7.0,7,12.892048
17.0,17,12.902316
13.0,13,12.910275
5.0,5,12.913477
28.0,28,12.930379
21.0,21,12.94312
9.0,9,12.948698
53.0,53,12.98052
14.0,14,12.989109
5.0,5,12.992312
13.0,13,13.00022
16.0,16,13.010051
12.0,12,13.017419
24.0,24,13.031949
9.0,9,13.037538
19.0,19,13.049068
14.0,14,13.057636
20.0,20,13.069786
32.0,32,13.089016
27.0,27,13.10529
23.0,23,13.119155
7.0,7,13.123531
29.0,29,13.140954
7.0,7,13.145335
15.0,15,13.154478
6.0,6,13.158282
25.0,25,13.17331
9.0,9,13.178873
26.0,26,13.194526
5.0,5,13.197689
15.0,15,13.206835
12.0,12,13.214168
17.0,17,13.224534
11.0,11,13.231272
7.0,7,13.235631
11.0,11,13.242419
7.0,7,13.246767
13.0,13,13.254786
9.0,9,13.260374
11.0,11,13.267115
16.0,16,13.276816
20.0,20,13.288847
17.0,17,13.299102
7.0,7,13.303495
10.0,10,13.309615
10.0,10,13.315752
18.0,18,13.326619
38.0,38,13.349347
4.0,4,13.351949
27.0,27,13.368155
20.0,20,13.380255
14.0,14,13.388759
9.0,9,13.39427
8.0,8,13.399189
9.0,9,13.404732
33.0,33,13.424491
14.0,14,13.432995
33.0,33,13.452761
11.0,11,13.459532
7.0,7,13.463899
4.0,4,13.466476
8.0,8,13.471426
6.0,6,13.475209
16.0,16,13.484897
15.0,15,13.494037
7.0,7,13.498403
16.0,16,13.508112
5.0,5,13.511307
12.0,12,13.518626
30.0,30,13.536628
25.0,25,13.551638
3.0,3,13.553615
7.0,7,13.557902
14.0,14,13.566326
27.0,27,16.234889
37.0,37,16.257396
46.0,46,16.285134
31.0,31,16.303996
39.0,39,16.327534
12.0,12,16.334904
21.0,21,16.347637
22.0,22,16.360979
54.0,54,16.393404
15.0,15,16.402578
13.0,13,16.410586
68.0,68,16.451362
16.0,16,16.461119
35.0,35,16.482259
4.0,4,16.48485
37.0,37,16.507117
12.0,12,16.514549
8.0,8,16.519557
20.0,20,16.531722
14.0,14,16.540349
21.0,21,16.553242
19.0,19,16.564825
10.0,10,16.57105
30.0,30,16.58923
17.0,17,16.599677
26.0,26,16.615509
11.0,11,16.622304
19.0,19,16.633913
25.0,25,16.649065
24.0,24,16.663562
11.0,11,16.670326
16.0,16,16.680085
15.0,15,16.689289
10.0,10,16.695451
35.0,35,16.716498
17.0,17,16.726918
20.0,20,16.739031
12.0,12,16.746388
34.0,34,16.766903
6.0,6,16.770712
28.0,28,16.787624
27.0,27,16.803971
30.0,30,16.822104
5.0,5,16.825342
17.0,17,16.835741
43.0,43,16.861683
7.0,7,16.866055
10.0,10,16.872236
14.0,14,16.880809
13.0,13,16.888784
14.0,14,16.897371
25.0,25,16.912491
42.0,42,16.937727
11.0,11,16.944493
26.0,26,16.960236
48.0,48,16.989096
21.0,21,17.001854
7.0,7,17.006284
23.0,23,17.020167
23.0,23,17.034059
24.0,24,17.048578
26.0,26,17.064307
16.0,16,17.074067
27.0,27,17.090377
15.0,15,17.099573
26.0,26,17.115335
22.0,22,17.128678
9.0,9,17.134271
10.0,10,17.140446
53.0,53,17.172271
6.0,6,17.17608
22.0,22,17.189458
14.0,14,17.198047
33.0,33,17.217901
27.0,27,17.234256
27.0,27,17.250584
11.0,11,17.257342
58.0,58,17.291963
18.0,18,17.302897
23.0,23,17.316883
41.0,41,17.341442
20.0,20,17.353515
23.0,23,17.367355
17.0,17,17.377638
11.0,11,17.384365
9.0,9,17.389889
34.0,34,17.410298
19.0,19,17.421771
9.0,9,17.427386
32.0,32,17.446637
34.0,34,17.467103
35.0,35,19.780416
24.0,24,19.795093
31.0,31,19.813864
15.0,15,19.823077
6.0,6,19.826875
9.0,9,19.832433
35.0,35,19.853532
27.0,27,19.869881
37.0,37,19.892208
33.0,33,19.912153
13.0,13,19.920147
32.0,32,19.93952
33.0,33,19.959463
33.0,33,19.979401
26.0,26,19.99536
20.0,20,20.007553
30.0,30,20.025777
32.0,32,20.045347
16.0,16,20.055222
5.0,5,20.05847
92.0,92,20.113777
5.0,5,20.116992
17.0,17,20.127406
40.0,40,20.151578
20.0,20,20.163788
40.0,40,20.187932
11.0,11,20.194746
6.0,6,20.198563
3.0,3,20.200553
8.0,8,20.205564
19.0,19,20.217185
16.0,16,20.226994
18.0,18,20.237962
8.0,8,20.243005
25.0,25,20.258193
11.0,11,20.265003
31.0,31,20.283806
49.0,49,20.31349
32.0,32,20.332945
13.0,13,20.340933
18.0,18,20.351977
38.0,38,20.374928
28.0,28,20.391896
11.0,11,20.398712
23.0,23,20.412713
43.0,43,20.438705
48.0,48,20.467688
44.0,44,20.494226
5.0,5,20.497416
12.0,12,20.504783
12.0,12,20.512276
61.0,61,20.549173
10.0,10,20.555393
20.0,20,20.56762
25.0,25,20.582873
16.0,16,20.592687
18.0,18,20.603688
39.0,39,20.627251
48.0,48,20.656353
44.0,44,20.682957
30.0,30,20.701191
10.0,10,20.707422
13.0,13,20.715452
13.0,13,20.723471
10.0,10,20.729651
25.0,25,20.744863
9.0,9,20.750475
28.0,28,20.767438
45.0,45,20.794443
42.0,42,20.819718
6.0,6,20.823536
48.0,48,20.85234
27.0,27,20.868678
30.0,30,20.886834
79.0,79,20.934322
22.0,22,20.947698
30.0,30,20.96576
43.0,43,20.99164
24.0,24,23.809717
36.0,36,23.831519
32.0,32,23.850677
35.0,35,23.871717
34.0,34,23.892055
32.0,32,23.911184
14.0,14,23.919707
84.0,84,23.969796
51.0,51,24.000254
63.0,63,24.038206
37.0,37,24.06045
98.0,98,24.11911
48.0,48,24.147805
54.0,54,24.180158
57.0,57,24.214289
21.0,21,24.227045
20.0,20,24.239212
35.0,35,24.260208
24.0,24,24.274715
39.0,39,24.298043
53.0,53,24.329813
34.0,34,24.350302
41.0,41,24.374968
40.0,40,24.398834
48.0,48,24.429186
17.0,17,24.441592
52.0,52,24.479937
49.0,49,24.515452
12.0,12,24.524399
35.0,35,24.550422
68.0,68,24.599906
31.0,31,24.623409
75.0,75,24.678508
46.0,46,24.711248
68.0,68,24.761901
54.0,54,24.801169
25.0,25,24.819716
54.0,54,24.858824
31.0,31,24.881924
23.0,23,24.898436
83.0,83,24.959813
19.0,19,24.973278
27.0,27,24.99345
31.0,31,25.016369
59.0,59,25.059643
67.0,67,25.108847
46.0,46,25.141795
28.0,28,25.162997
46.0,46,27.881176
96.0,96,27.945819
51.0,51,27.976471
31.0,31,27.995217
30.0,30,28.013328
37.0,37,28.035655
88.0,88,28.088475
22.0,22,28.101837
46.0,46,28.129534
65.0,65,28.168542
67.0,67,28.20877
68.0,68,28.249619
4.0,4,28.252237
57.0,57,28.286535
45.0,45,28.313578
37.0,37,28.336318
25.0,25,28.351889
34.0,34,28.37239
44.0,44,28.3989
62.0,62,28.436141
49.0,49,28.465642
61.0,61,28.502298
45.0,45,28.52932
63.0,63,28.567225
27.0,27,28.583654
60.0,60,28.619621
31.0,31,28.638358
31.0,31,28.657053
26.0,26,28.672768
44.0,44,28.699177
70.0,70,28.741024
46.0,46,28.76862
65.0,65,28.807493
45.0,45,28.834496
52.0,52,28.865587
84.0,84,28.915779
104.0,104,28.977921
40.0,40,29.002007
43.0,43,29.02793
43.0,43,29.053813
70.0,70,29.095861
100.0,100,31.797999
42.0,42,31.82324
116.0,116,31.892465
50.0,50,31.922614
27.0,27,31.938965
13.0,13,31.946954
69.0,69,31.988256
58.0,58,32.022971
43.0,43,32.048809
98.0,98,32.107473
87.0,87,32.159731
49.0,49,32.189173
49.0,49,32.218685
65.0,65,32.25774
42.0,42,32.283102
71.0,71,32.325749
56.0,56,32.359439
87.0,87,32.411669
58.0,58,32.446649
50.0,50,32.476737
56.0,56,32.510437
44.0,44,32.536975
35.0,35,32.558179
82.0,82,32.607486
90.0,90,32.661462
30.0,30,32.679611
45.0,45,32.706747
3.0,3,32.708756
114.0,114,32.776953
35.0,35,32.79797
50.0,50,32.82805
55.0,55,32.861188
46.0,46,32.888871
39.0,39,32.912363
36.0,36,32.933962
90.0,90,35.604394
48.0,48,35.633205
42.0,42,35.658411
66.0,66,35.697884
75.0,75,35.742726
80.0,80,35.790539
86.0,86,35.841994
72.0,72,35.885073
81.0,81,35.933486
119.0,119,36.004575
69.0,69,36.046019
94.0,94,36.102435
77.0,77,36.148435
88.0,88,36.20103
12.0,12,36.208402
75.0,75,36.253303
98.0,98,36.312332
88.0,88,36.365124
99.0,99,36.424455
34.0,34,36.444976
101.0,101,36.505364
91.0,91,36.559981
55.0,55,36.593117
64.0,64,36.631525
45.0,45,36.658533
103.0,103,36.719751
43.0,43,36.745561
91.0,91,36.799895
88.0,88,39.529522
103.0,103,39.590758
67.0,67,39.630608
122.0,122,39.703063
106.0,106,39.765999
129.0,129,39.842523
124.0,124,39.915974
37.0,37,39.938179
41.0,41,39.962659
210.0,210,40.087079
121.0,121,40.158864
64.0,64,40.196928
65.0,65,40.235588
70.0,70,40.277084
116.0,116,40.345836
43.0,43,40.37143
43.0,43,40.396961
122.0,122,40.469301
45.0,45,40.496105
112.0,112,40.562996
78.0,78,40.609485
50.0,50,40.639571
115.0,115,40.726019
103.0,103,43.555824
60.0,60,43.592062
107.0,107,43.656637
51.0,51,43.687586
71.0,71,43.730702
37.0,37,43.753227
93.0,93,43.809485
144.0,144,43.896391
91.0,91,43.951378
96.0,96,44.009244
53.0,53,44.041275
87.0,87,44.093736
51.0,51,44.124614
71.0,71,44.167454
47.0,47,44.195896
226.0,226,44.331614
57.0,57,44.366051
136.0,136,44.448004
150.0,150,44.538533
74.0,74,44.583369
216.0,216,44.71384
103.0,103,47.508367
82.0,82,47.557405
105.0,105,47.619841
83.0,83,47.669483
75.0,75,47.71417
183.0,183,47.823033
92.0,92,47.877964
135.0,135,47.958538
83.0,83,48.008786
47.0,47,48.0374
54.0,54,48.069738
145.0,145,48.156217
166.0,166,48.254991
83.0,83,48.304485
232.0,232,48.442643
68.0,68,48.483273
154.0,154,48.574939
82.0,82,48.623677
114.0,114,51.366026
57.0,57,51.400925
107.0,107,51.464403
192.0,192,51.578274
106.0,106,51.64116
142.0,142,51.725511
174.0,174,51.828523
96.0,96,51.885317
135.0,135,51.965046
150.0,150,52.053951
99.0,99,52.112661
219.0,219,52.242444
135.0,135,52.322714
66.0,66,52.361904
111.0,111,52.42784
126.0,126,52.502821
125.0,125,52.57713
100.0,100,55.016882
251.0,251,55.176901
172.0,172,55.279562
195.0,195,55.396046
194.0,194,55.511777
145.0,145,55.59832
60.0,60,55.634304
77.0,77,55.680437
259.0,259,55.835007
394.0,394,56.06951
222.0,222,58.659433
256.0,256,58.811706
235.0,235,58.95148
251.0,251,59.100667
153.0,153,59.191817
287.0,287,59.362901
293.0,293,59.537673
177.0,177,59.651733
623.0,623,62.669213
200.0,200,62.788697
329.0,329,62.98486
212.0,212,63.111511
889.0,889,63.666562
740.0,740,66.772883
171.0,171,66.8757
154.0,154,66.968359
609.0,609,67.343806
1000.0,1000,70.485578
1000.0,1000,71.09894
1000.0,1000,74.500667
559.0,559,74.843548
1000.0,1000,75.443755
1000.0,1000,78.894986
1000.0,1000,79.496822
1000.0,1000,83.038149
1000.0,1000,83.717569
1000.0,1000,87.141087
1000.0,1000,87.735565
1000.0,1000,90.878742
1000.0,1000,91.474558
1000.0,1000,94.687368
1000.0,1000,95.303039
1000.0,1000,98.667506
1000.0,1000,99.269344
1000.0,1000,102.802105
1000.0,1000,103.451111
1000.0,1000,106.952511
1000.0,1000,107.576297
1000.0,1000,110.979441
1000.0,1000,111.585914
1000.0,1000,114.988458
1000.0,1000,115.589112
1000.0,1000,118.921192
1000.0,1000,119.53205
1000.0,1000,122.434274
1000.0,1000,123.043367
1000.0,1000,126.024704
1000.0,1000,126.61931
1000.0,1000,129.800106
1000.0,1000,130.396787
1000.0,1000,133.724593
1000.0,1000,134.349422
1000.0,1000,137.63049
1000.0,1000,138.221352
1000.0,1000,141.411486
1000.0,1000,142.014858
1000.0,1000,145.198189
1000.0,1000,145.814075
1000.0,1000,149.246974
1000.0,1000,149.865165
1000.0,1000,153.024093
1000.0,1000,153.685681
1000.0,1000,154.379814
1000.0,1000,157.437822
1000.0,1000,158.080477
1000.0,1000,161.62028
1000.0,1000,162.223086
1000.0,1000,165.467012
1000.0,1000,166.073916
1000.0,1000,169.572202
1000.0,1000,170.214256
1000.0,1000,173.904858
1000.0,1000,174.558936
1000.0,1000,177.834352
1000.0,1000,178.431088
1000.0,1000,181.794718
1000.0,1000,182.402362
1000.0,1000,185.803273
1000.0,1000,186.443466
1000.0,1000,189.890268
1000.0,1000,190.484926
1000.0,1000,193.728909
1000.0,1000,194.352694
1000.0,1000,197.789076
451.0,451,198.062783
1000.0,1000,198.667989
1000.0,1000,202.120412
1000.0,1000,202.836413
1000.0,1000,206.210435
1000.0,1000,206.80624
1000.0,1000,209.983001
1000.0,1000,210.586227
1000.0,1000,213.459179
1000.0,1000,214.051661
1000.0,1000,217.256018
1000.0,1000,217.860635
1000.0,1000,221.164542
1000.0,1000,221.768584
1000.0,1000,225.050692
1000.0,1000,225.69625
1000.0,1000,229.259257
1000.0,1000,229.876053
1000.0,1000,233.211987
1000.0,1000,233.864559
1000.0,1000,237.53929
1000.0,1000,238.1754
1000.0,1000,241.712261
1000.0,1000,242.44223
1000.0,1000,246.122226
1000.0,1000,246.718446
1000.0,1000,250.150831
1000.0,1000,250.744657
1000.0,1000,254.252654
1000.0,1000,254.858966
1000.0,1000,258.264127
1000.0,1000,258.880134
1000.0,1000,262.026521
1000.0,1000,262.62437
1000.0,1000,266.226705
1000.0,1000,266.885169
1000.0,1000,270.366062
1000.0,1000,270.961136
1000.0,1000,274.185384
1000.0,1000,274.800577
1000.0,1000,275.413574
1000.0,1000,278.829053
1000.0,1000,279.439899
1000.0,1000,282.934
1000.0,1000,283.557181
1000.0,1000,287.033707
1000.0,1000,287.677473
169.0,169,287.780522
1000.0,1000,291.271404
1000.0,1000,291.958858
1000.0,1000,295.378672
1000.0,1000,295.97373
1000.0,1000,299.321849
1000.0,1000,299.912082
1000.0,1000,303.431945
1000.0,1000,304.068671
1000.0,1000,307.57397
1000.0,1000,308.217627
1000.0,1000,311.872072
1000.0,1000,312.465101
1000.0,1000,315.809906
1000.0,1000,316.404535
1000.0,1000,319.848863
1000.0,1000,320.436629
1000.0,1000,323.950183
1000.0,1000,324.636739
1000.0,1000,328.468661
1000.0,1000,329.205967
1000.0,1000,332.789271
1000.0,1000,333.394737
1000.0,1000,336.870762
1000.0,1000,337.490967
1000.0,1000,340.923045
1000.0,1000,341.521796
1000.0,1000,344.758889
1000.0,1000,345.351071
1000.0,1000,349.036704
1000.0,1000,349.64882
530.0,530,349.968307
1000.0,1000,353.394683
1000.0,1000,354.03352
1000.0,1000,357.679583
1000.0,1000,358.329773
1000.0,1000,361.85346
1000.0,1000,362.475038
1000.0,1000,366.124099
1000.0,1000,366.736656
1000.0,1000,370.280601
1000.0,1000,370.881198
1000.0,1000,374.614324
1000.0,1000,375.261705
1000.0,1000,378.713411
1000.0,1000,379.352772
1000.0,1000,382.749674
1000.0,1000,383.440563
1000.0,1000,386.814114
1000.0,1000,387.522475
1000.0,1000,390.968976
1000.0,1000,391.577707
1000.0,1000,395.097148
1000.0,1000,395.741526
1000.0,1000,399.197515
1000.0,1000,399.818699
1000.0,1000,403.432549
1000.0,1000,404.176091
1000.0,1000,407.259187
1000.0,1000,407.855051
1000.0,1000,411.331508
1000.0,1000,411.940753
1000.0,1000,415.217173
1000.0,1000,415.852568
1000.0,1000,419.331296
1000.0,1000,419.933181
1000.0,1000,420.528357
1000.0,1000,423.870863
1000.0,1000,424.506165
1000.0,1000,427.753
735.0,735,428.19645
1000.0,1000,431.494651
1000.0,1000,432.149392
1000.0,1000,435.332682
1000.0,1000,435.922891
1000.0,1000,439.273665
1000.0,1000,439.891663
1000.0,1000,443.151446
1000.0,1000,443.751103
1000.0,1000,447.345594
1000.0,1000,447.977111
1000.0,1000,451.790779
1000.0,1000,452.417666
1000.0,1000,456.162576
1000.0,1000,456.871562
1000.0,1000,460.510886
1000.0,1000,461.125672
1000.0,1000,464.49455
1000.0,1000,465.084878
1000.0,1000,468.642928
669.0,669,469.088542
1000.0,1000,469.748918
1000.0,1000,472.721538
1000.0,1000,473.323956
1000.0,1000,476.25148
1000.0,1000,476.879128
1000.0,1000,480.175467
1000.0,1000,480.792346
1000.0,1000,484.02793
1000.0,1000,484.630559
1000.0,1000,487.830584
1000.0,1000,488.424499
1000.0,1000,491.61983
1000.0,1000,492.218129
1000.0,1000,495.111307
1000.0,1000,495.706102
1000.0,1000,499.00259
1000.0,1000,499.594868
1000.0,1000,502.972586
1000.0,1000,503.566541
1000.0,1000,506.7567
384.0,384,506.982656
1000.0,1000,507.571723
405.0,405,510.482139
1000.0,1000,511.079027
1000.0,1000,514.174173
1000.0,1000,514.775945
1000.0,1000,517.984212
1000.0,1000,518.632519
1000.0,1000,519.220481
1000.0,1000,522.306578
1000.0,1000,522.896468
1000.0,1000,526.070432
1000.0,1000,526.660741
1000.0,1000,529.858139
1000.0,1000,530.459751
1000.0,1000,533.519941
1000.0,1000,534.120485
134.0,134,534.201134
1000.0,1000,537.181415
1000.0,1000,537.782637
1000.0,1000,541.021527
1000.0,1000,541.610073
1000.0,1000,544.917466
1000.0,1000,545.52192
1000.0,1000,548.603595
1000.0,1000,549.200679
1000.0,1000,552.133378
1000.0,1000,552.734054
1000.0,1000,556.098899
384.0,384,556.324675
1000.0,1000,559.729727
1000.0,1000,560.330583
1000.0,1000,560.933023
1000.0,1000,563.926886
1000.0,1000,564.530084
1000.0,1000,567.783052
1000.0,1000,568.379678
1000.0,1000,571.694441
1000.0,1000,572.282174
1000.0,1000,575.483668
916.0,916,576.02632
1000.0,1000,579.173581
1000.0,1000,579.7679
384.0,384,582.790648
1000.0,1000,583.398433
1000.0,1000,583.998972
1000.0,1000,587.209789
1000.0,1000,587.810763
1000.0,1000,591.042711
1000.0,1000,591.653685
1000.0,1000,594.810107
1000.0,1000,595.407503
1000.0,1000,598.530917
1000.0,1000,599.133943
1000.0,1000,602.114396
1000.0,1000,602.709978
1000.0,1000,605.813355
221.0,221,605.964497
1000.0,1000,606.555484
1000.0,1000,609.635168
1000.0,1000,610.236617
1000.0,1000,613.357836
1000.0,1000,613.959699
210.0,210,616.645508
1000.0,1000,617.2402
1000.0,1000,617.836677
1000.0,1000,620.99906
1000.0,1000,621.608171
1000.0,1000,624.974713
771.0,771,625.433672
1000.0,1000,628.605618
1000.0,1000,629.326403
1000.0,1000,632.76155
1000.0,1000,633.501357
1000.0,1000,636.842202
1000.0,1000,637.437432
1000.0,1000,640.823489
1000.0,1000,641.417763
1000.0,1000,644.680721
1000.0,1000,645.270567
1000.0,1000,648.526561
458.0,458,648.802681
1000.0,1000,649.404532
1000.0,1000,652.316901
1000.0,1000,652.915012
1000.0,1000,656.203052
1000.0,1000,656.79555
544.0,544,659.87639
171.0,171,659.979627
1000.0,1000,660.583819
1000.0,1000,663.53295
747.0,747,663.978451
1000.0,1000,666.857378
1000.0,1000,667.451852
1000.0,1000,670.332758
1000.0,1000,670.928026
1000.0,1000,671.521538
1000.0,1000,674.844965
1000.0,1000,675.440525
1000.0,1000,678.744645
1000.0,1000,679.339159
1000.0,1000,682.494723
1000.0,1000,683.100015
1000.0,1000,686.409549
1000.0,1000,687.005071
1000.0,1000,689.915776
1000.0,1000,690.517235
1000.0,1000,693.792466
1000.0,1000,694.394887
508.0,508,697.097304
328.0,328,697.295204
1000.0,1000,697.897304
863.0,863,700.768825
1000.0,1000,701.369637
1000.0,1000,704.6208
1000.0,1000,705.233911
1000.0,1000,708.586465
1000.0,1000,709.210791
1000.0,1000,712.503701
1000.0,1000,713.151783
1000.0,1000,716.547487
1000.0,1000,717.148032
1000.0,1000,720.285318
1000.0,1000,720.88118
1000.0,1000,724.140564
1000.0,1000,724.736045
569.0,569,725.075614
1000.0,1000,728.334359
1000.0,1000,729.08034
1000.0,1000,732.424476
1000.0,1000,733.020094
1000.0,1000,735.963457
1000.0,1000,736.565849
1000.0,1000,739.572305
298.0,298,739.752639
1000.0,1000,740.356974
1000.0,1000,743.507416
1000.0,1000,744.139917
1000.0,1000,747.608935
1000.0,1000,748.214547
1000.0,1000,751.543158
1000.0,1000,752.140045
1000.0,1000,755.327801
1000.0,1000,755.953949
1000.0,1000,759.464115
1000.0,1000,760.053255
1000.0,1000,763.240009
1000.0,1000,763.843642
1000.0,1000,766.805475
990.0,990,767.54187
1000.0,1000,770.452244
1000.0,1000,771.053863
1000.0,1000,774.218462
1000.0,1000,774.83032
1000.0,1000,777.741865
1000.0,1000,778.33818
1000.0,1000,781.549305
1000.0,1000,782.151154
1000.0,1000,785.420478
1000.0,1000,786.02398
1000.0,1000,789.474441
1000.0,1000,790.071971
1000.0,1000,793.293767
1000.0,1000,793.924696
1000.0,1000,797.208862
1000.0,1000,797.798247
1000.0,1000,798.388082
1000.0,1000,801.789186
1000.0,1000,802.383014
1000.0,1000,805.545965
1000.0,1000,806.147854
1000.0,1000,809.281777
1000.0,1000,809.902355
1000.0,1000,813.376083
1000.0,1000,813.994051
1000.0,1000,817.289823
1000.0,1000,817.887183
1000.0,1000,821.577288
1000.0,1000,822.254431
1000.0,1000,825.840856
1000.0,1000,826.443955
1000.0,1000,829.821562
1000.0,1000,830.415733
1000.0,1000,833.627973
1000.0,1000,834.246825
1000.0,1000,837.891564
1000.0,1000,838.516515
1000.0,1000,841.933936
1000.0,1000,842.537621
1000.0,1000,846.060534
1000.0,1000,846.682136
1000.0,1000,850.065445
1000.0,1000,850.74427
1000.0,1000,854.212157
1000.0,1000,854.83316
1000.0,1000,858.079421
1000.0,1000,858.699751
1000.0,1000,862.333812
1000.0,1000,862.974087
1000.0,1000,866.411881
1000.0,1000,867.029684
1000.0,1000,870.325049
1000.0,1000,870.96519
1000.0,1000,874.260682
1000.0,1000,874.869993
1000.0,1000,878.244813
1000.0,1000,878.849924
1000.0,1000,882.022045
1000.0,1000,882.625114
646.0,646,883.015099
1000.0,1000,886.053467
1000.0,1000,886.658552
1000.0,1000,889.876297
1000.0,1000,890.482615
1000.0,1000,893.862311
1000.0,1000,894.452578
1000.0,1000,897.599868
1000.0,1000,898.188782
1000.0,1000,901.05039
1000.0,1000,901.640879
1000.0,1000,904.739288
1000.0,1000,905.362486
1000.0,1000,908.625943
1000.0,1000,909.226
1000.0,1000,912.633373
1000.0,1000,913.23843
1000.0,1000,916.421375
1000.0,1000,917.024297
1000.0,1000,920.43065
1000.0,1000,921.0365
1000.0,1000,924.514086
1000.0,1000,925.158605
1000.0,1000,928.571023
1000.0,1000,929.222996
1000.0,1000,932.711196
1000.0,1000,933.344289
1000.0,1000,933.972164
1000.0,1000,937.607048
1000.0,1000,938.210206
1000.0,1000,941.402667
1000.0,1000,942.000643
1000.0,1000,945.149108
1000.0,1000,945.742789
1000.0,1000,948.985506
1000.0,1000,949.588726
1000.0,1000,952.875224
1000.0,1000,953.541416
1000.0,1000,957.046542
1000.0,1000,957.649315
1000.0,1000,961.069438
1000.0,1000,961.700139
1000.0,1000,965.068425
1000.0,1000,965.678783
1000.0,1000,968.875479
1000.0,1000,969.480132
1000.0,1000,972.954548
1000.0,1000,973.551821
1000.0,1000,976.985947
1000.0,1000,977.634595
1000.0,1000,981.29098
1000.0,1000,981.892802
1000.0,1000,985.309941
1000.0,1000,985.912978
1000.0,1000,989.173975
1000.0,1000,989.906775
1000.0,1000,993.018084
1000.0,1000,993.614133
1000.0,1000,996.987189
1000.0,1000,997.593937
1000.0,1000,1001.069697
1000.0,1000,1001.664072
1000.0,1000,1005.047151
1000.0,1000,1005.688702
1000.0,1000,1008.745888
1000.0,1000,1009.33713
1000.0,1000,1012.513351
1000.0,1000,1013.13038
1000.0,1000,1016.609105
1000.0,1000,1017.335061
1000.0,1000,1017.987841
1000.0,1000,1021.305452
1000.0,1000,1021.979295
1000.0,1000,1025.011057
1000.0,1000,1025.643529
1000.0,1000,1028.68678
1000.0,1000,1029.291957
1000.0,1000,1032.640731
1000.0,1000,1033.234362
1000.0,1000,1036.54804
1000.0,1000,1037.171515
1000.0,1000,1040.512664
1000.0,1000,1041.112172
1000.0,1000,1044.492573
1000.0,1000,1045.117879
1000.0,1000,1048.547037
1000.0,1000,1049.150592
1000.0,1000,1052.365732
1000.0,1000,1052.962942
1000.0,1000,1056.193606
1000.0,1000,1056.813071
1000.0,1000,1059.974707
1000.0,1000,1060.581692
1000.0,1000,1063.460741
1000.0,1000,1064.052614
1000.0,1000,1067.108804
1000.0,1000,1067.708378
1000.0,1000,1070.926142
1000.0,1000,1071.530901
1000.0,1000,1074.91466
1000.0,1000,1075.504425
1000.0,1000,1078.859982
1000.0,1000,1079.457508
1000.0,1000,1082.916194
1000.0,1000,1083.50651
1000.0,1000,1086.50743
1000.0,1000,1087.101756
1000.0,1000,1090.240607
1000.0,1000,1090.836163
1000.0,1000,1094.154556
1000.0,1000,1094.751553
1000.0,1000,1097.722168
1000.0,1000,1098.324272
1000.0,1000,1098.926538
1000.0,1000,1102.086793
1000.0,1000,1102.684175
1000.0,1000,1105.834278
1000.0,1000,1106.550422
1000.0,1000,1109.761463
1000.0,1000,1110.356722
1000.0,1000,1113.953049
1000.0,1000,1114.596534
1000.0,1000,1117.841141
1000.0,1000,1118.442516
1000.0,1000,1121.927395
1000.0,1000,1122.546736
1000.0,1000,1125.703952
1000.0,1000,1126.306872
1000.0,1000,1129.521426
1000.0,1000,1130.1125
1000.0,1000,1133.167358
1000.0,1000,1133.762666
1000.0,1000,1137.111398
1000.0,1000,1137.703065
1000.0,1000,1140.813919
1000.0,1000,1141.404863
1000.0,1000,1144.852963
1000.0,1000,1145.457654
1000.0,1000,1148.83992
1000.0,1000,1149.444607
1000.0,1000,1152.746637
1000.0,1000,1153.33525
1000.0,1000,1156.473667
1000.0,1000,1157.068266
1000.0,1000,1160.194154
1000.0,1000,1160.795545
1000.0,1000,1164.220443
1000.0,1000,1164.84768
1000.0,1000,1167.786181
1000.0,1000,1168.378583
691.0,691,1168.787413
1000.0,1000,1171.651968
1000.0,1000,1172.248893
1000.0,1000,1175.120446
1000.0,1000,1175.76199
1000.0,1000,1179.157072
1000.0,1000,1179.775266
1000.0,1000,1182.967726
1000.0,1000,1183.563398
1000.0,1000,1186.869073
1000.0,1000,1187.470078
1000.0,1000,1190.681055
252.0,252,1190.830724
691.0,691,1191.241323
1000.0,1000,1194.121153
1000.0,1000,1194.719555
1000.0,1000,1197.612983
1000.0,1000,1198.210693
1000.0,1000,1201.158216
1000.0,1000,1201.755246
1000.0,1000,1205.264483
1000.0,1000,1205.869079
1000.0,1000,1209.229112
1000.0,1000,1209.831697
1000.0,1000,1212.719493
1000.0,1000,1213.314114
632.0,632,1213.690099
1000.0,1000,1216.827585
1000.0,1000,1217.420241
1000.0,1000,1220.372586
1000.0,1000,1220.963764
1000.0,1000,1223.954467
1000.0,1000,1224.54936
1000.0,1000,1227.721983
1000.0,1000,1228.312804
1000.0,1000,1231.624276
1000.0,1000,1232.225472
536.0,536,1235.36889
150.0,150,1235.459851
1000.0,1000,1236.064763
1000.0,1000,1239.148234
1000.0,1000,1239.743896
1000.0,1000,1243.034214
1000.0,1000,1243.632795
1000.0,1000,1246.852297
1000.0,1000,1247.488275
1000.0,1000,1250.734758
1000.0,1000,1251.335508
999.0,999,1251.935364
1000.0,1000,1254.844641
1000.0,1000,1255.448342
827.0,827,1258.53899
1000.0,1000,1259.146935
1000.0,1000,1262.407024
1000.0,1000,1262.996148
1000.0,1000,1265.990761
1000.0,1000,1266.591853
1000.0,1000,1269.511098
1000.0,1000,1270.112903
1000.0,1000,1273.035839
1000.0,1000,1273.638165
1000.0,1000,1277.064743
1000.0,1000,1277.71701
1000.0,1000,1280.935978
1000.0,1000,1281.540083
1000.0,1000,1284.512921
1000.0,1000,1285.106469
1000.0,1000,1287.969243
1000.0,1000,1288.558434
1000.0,1000,1291.42637
464.0,464,1291.699941
208.0,208,1291.823134
1000.0,1000,1292.413498
1000.0,1000,1295.273891
1000.0,1000,1295.863491
1000.0,1000,1298.733444
1000.0,1000,1299.323168
1000.0,1000,1302.458986
1000.0,1000,1303.056937
1000.0,1000,1306.210079
1000.0,1000,1306.813344
1000.0,1000,1309.975402
1000.0,1000,1310.577859
1000.0,1000,1313.863708
1000.0,1000,1314.461232
1000.0,1000,1317.616132
716.0,716,1318.047418
672.0,672,1320.778071
1000.0,1000,1321.38055
589.0,589,1321.73598
695.0,695,1324.848627
1000.0,1000,1325.438817
1000.0,1000,1328.823665
1000.0,1000,1329.425985
1000.0,1000,1332.790947
1000.0,1000,1333.456571
1000.0,1000,1336.587924
1000.0,1000,1337.184785
1000.0,1000,1340.297216
1000.0,1000,1340.901445
1000.0,1000,1344.067257
1000.0,1000,1344.667809
1000.0,1000,1345.269207
1000.0,1000,1348.3453
1000.0,1000,1348.948186
880.0,880,1352.283166
1000.0,1000,1352.911086
1000.0,1000,1356.303661
1000.0,1000,1356.933298
1000.0,1000,1360.308274
1000.0,1000,1360.902823
1000.0,1000,1364.049854
1000.0,1000,1364.644856
1000.0,1000,1367.688813
1000.0,1000,1368.287064
775.0,775,1371.363209
242.0,242,1371.50951
832.0,832,1372.011649
1000.0,1000,1375.191838
1000.0,1000,1375.795799
877.0,877,1378.802944
1000.0,1000,1379.405918
1000.0,1000,1382.489632
1000.0,1000,1383.092934
1000.0,1000,1386.442759
376.0,376,1386.714794
179.0,179,1386.848232
140.0,140,1386.952037
1000.0,1000,1387.691955
704.0,704,1390.968395
1000.0,1000,1391.561122
412.0,412,1391.81528
487.0,487,1394.640676
490.0,490,1394.935347
188.0,188,1395.048442
53.0,53,1395.080526
1000.0,1000,1395.681975
1000.0,1000,1399.090662
452.0,452,1399.358328
1000.0,1000,1402.486889
1000.0,1000,1403.094555
1000.0,1000,1406.538271
176.0,176,1406.643871
1000.0,1000,1407.240939
1000.0,1000,1410.494689
1000.0,1000,1411.099707
1000.0,1000,1414.624834
1000.0,1000,1415.233934
1000.0,1000,1418.501305
1000.0,1000,1419.104298
738.0,738,1422.295869
419.0,419,1422.564948
1000.0,1000,1423.165728
1000.0,1000,1426.526972
1000.0,1000,1427.127118
1000.0,1000,1430.186051
1000.0,1000,1430.789989
294.0,294,1430.967986
64.0,64,1431.006826
1000.0,1000,1434.248223
228.0,228,1434.414205
918.0,918,1434.977649
1000.0,1000,1438.104155
1000.0,1000,1438.709687
1000.0,1000,1441.749849
739.0,739,1442.194009
1000.0,1000,1445.751646
1000.0,1000,1446.45932
944.0,944,1450.05799
1000.0,1000,1450.675617
1000.0,1000,1454.272914
1000.0,1000,1454.938067
1000.0,1000,1458.394176
1000.0,1000,1459.043336
1000.0,1000,1462.589396
1000.0,1000,1463.301172
1000.0,1000,1466.591913
1000.0,1000,1467.198044
1000.0,1000,1470.379287
1000.0,1000,1471.021273
1000.0,1000,1474.276934
1000.0,1000,1474.888506
1000.0,1000,1475.481462
1000.0,1000,1479.077144
1000.0,1000,1479.720206
1000.0,1000,1483.188141
1000.0,1000,1483.790785
1000.0,1000,1487.472361
1000.0,1000,1488.121436
1000.0,1000,1491.737017
1000.0,1000,1492.383376
1000.0,1000,1496.014208
1000.0,1000,1496.651555
1000.0,1000,1500.06335
1000.0,1000,1500.66206
1000.0,1000,1504.030282
1000.0,1000,1504.652956
1000.0,1000,1507.914979
1000.0,1000,1508.535848
1000.0,1000,1511.689086
1000.0,1000,1512.29985
1000.0,1000,1515.534359
1000.0,1000,1516.192228
1000.0,1000,1519.820415
1000.0,1000,1520.413523
1000.0,1000,1523.735549
1000.0,1000,1524.397995
1000.0,1000,1527.91489
1000.0,1000,1528.50951
1000.0,1000,1531.737072
1000.0,1000,1532.410162
1000.0,1000,1535.77456
1000.0,1000,1536.38026
1000.0,1000,1539.768674
1000.0,1000,1540.360404
1000.0,1000,1543.68864
1000.0,1000,1544.294261
1000.0,1000,1547.676504
1000.0,1000,1548.274734
1000.0,1000,1551.714666
1000.0,1000,1552.316871
1000.0,1000,1555.982805
1000.0,1000,1556.661276
1000.0,1000,1560.021716
1000.0,1000,1560.650304
1000.0,1000,1561.264602
1000.0,1000,1564.701166
1000.0,1000,1565.304058
1000.0,1000,1568.588314
1000.0,1000,1569.247102
1000.0,1000,1572.74031
1000.0,1000,1573.392777
1000.0,1000,1576.926819
1000.0,1000,1577.569358
1000.0,1000,1581.124856
1000.0,1000,1581.75613
1000.0,1000,1585.217082
1000.0,1000,1585.822007
1000.0,1000,1589.257378
1000.0,1000,1589.876559
1000.0,1000,1593.265517
1000.0,1000,1593.890495
1000.0,1000,1597.311615
1000.0,1000,1597.997995
1000.0,1000,1601.638739
1000.0,1000,1602.352765
1000.0,1000,1605.796007
1000.0,1000,1606.441535
1000.0,1000,1609.767931
1000.0,1000,1610.396561
1000.0,1000,1613.720229
1000.0,1000,1614.324781
1000.0,1000,1617.698535
1000.0,1000,1618.312323
1000.0,1000,1621.70298
1000.0,1000,1622.335475
1000.0,1000,1625.590454
1000.0,1000,1626.206717
1000.0,1000,1629.571201
1000.0,1000,1630.170303
1000.0,1000,1633.328039
1000.0,1000,1634.009162
1000.0,1000,1637.270302
1000.0,1000,1637.91043
1000.0,1000,1641.384664
1000.0,1000,1642.02567
1000.0,1000,1645.162728
1000.0,1000,1645.778177
1000.0,1000,1646.38255
1000.0,1000,1649.581669
1000.0,1000,1650.187572
1000.0,1000,1653.470418
1000.0,1000,1654.067401
1000.0,1000,1657.354597
1000.0,1000,1657.950622
1000.0,1000,1661.204328
1000.0,1000,1661.814872
1000.0,1000,1665.027157
1000.0,1000,1665.650939
765.0,765,1669.002119
1000.0,1000,1669.656631
1000.0,1000,1672.973741
1000.0,1000,1673.593174
1000.0,1000,1676.916563
1000.0,1000,1677.529724
486.0,486,1677.847231
687.0,687,1680.907183
94.0,94,1680.967578
1000.0,1000,1681.567632
321.0,321,1681.759736
569.0,569,1684.764698
1000.0,1000,1685.396399
1000.0,1000,1688.702909
1000.0,1000,1689.305644
1000.0,1000,1692.799431
1000.0,1000,1693.418941
1000.0,1000,1696.877346
1000.0,1000,1697.492206
1000.0,1000,1700.93075
1000.0,1000,1701.624884
1000.0,1000,1705.105856
1000.0,1000,1705.708124
1000.0,1000,1709.162491
1000.0,1000,1709.81138
1000.0,1000,1713.219637
1000.0,1000,1713.827812
1000.0,1000,1717.44708
1000.0,1000,1718.124738
1000.0,1000,1721.598857
1000.0,1000,1722.210655
1000.0,1000,1722.835325
1000.0,1000,1726.18362
1000.0,1000,1726.809512
1000.0,1000,1730.291027
1000.0,1000,1730.984619
1000.0,1000,1734.906225
1000.0,1000,1735.734413
1000.0,1000,1739.620537
1000.0,1000,1740.310401
1000.0,1000,1744.006554
816.0,816,1744.528306
1000.0,1000,1748.125319
1000.0,1000,1748.737206
1000.0,1000,1752.147294
1000.0,1000,1752.755425
1000.0,1000,1756.188469
1000.0,1000,1756.968216
1000.0,1000,1760.265342
1000.0,1000,1760.957606
1000.0,1000,1764.551539
1000.0,1000,1765.231605
1000.0,1000,1769.336487
1000.0,1000,1770.051494
1000.0,1000,1773.650107
1000.0,1000,1774.299305
1000.0,1000,1777.726268
1000.0,1000,1778.451798
1000.0,1000,1781.897574
1000.0,1000,1782.574533
1000.0,1000,1786.308708
1000.0,1000,1786.978015
1000.0,1000,1790.581143
1000.0,1000,1791.201274
1000.0,1000,1794.729541
1000.0,1000,1795.415204
1000.0,1000,1796.01857
1000.0,1000,1799.581484
1000.0,1000,1800.260843
1000.0,1000,1803.854779
1000.0,1000,1804.510538
1000.0,1000,1808.269033
1000.0,1000,1808.963017
1000.0,1000,1812.425193
1000.0,1000,1813.033795
1000.0,1000,1816.561903
1000.0,1000,1817.297686
1000.0,1000,1820.747354
1000.0,1000,1821.384466
1000.0,1000,1824.698978
1000.0,1000,1825.335756
1000.0,1000,1828.982036
1000.0,1000,1829.684229
1000.0,1000,1833.267617
1000.0,1000,1833.970476
1000.0,1000,1837.339443
1000.0,1000,1837.998331
1000.0,1000,1841.592645
1000.0,1000,1842.250971
1000.0,1000,1845.995091
1000.0,1000,1846.668797
1000.0,1000,1850.157272
1000.0,1000,1850.812643
1000.0,1000,1854.410206
1000.0,1000,1855.014779
1000.0,1000,1858.378448
1000.0,1000,1859.06496
1000.0,1000,1862.561012
1000.0,1000,1863.169662
1000.0,1000,1866.552037
1000.0,1000,1867.1608
1000.0,1000,1870.646764
1000.0,1000,1871.243959
1000.0,1000,1874.612692
1000.0,1000,1875.267966
1000.0,1000,1878.728654
1000.0,1000,1879.361008
1000.0,1000,1882.834695
1000.0,1000,1883.446241
1000.0,1000,1884.067823
1000.0,1000,1887.484171
1000.0,1000,1888.154613
1000.0,1000,1891.604571
1000.0,1000,1892.21165
1000.0,1000,1895.734769
1000.0,1000,1896.353341
1000.0,1000,1899.880165
1000.0,1000,1900.489709
1000.0,1000,1903.950274
1000.0,1000,1904.545987
1000.0,1000,1907.970935
1000.0,1000,1908.590715
1000.0,1000,1912.011552
544.0,544,1912.356841
1000.0,1000,1915.75524
1000.0,1000,1916.414586
1000.0,1000,1919.703655
1000.0,1000,1920.333628
1000.0,1000,1923.680937
1000.0,1000,1924.287973
1000.0,1000,1927.838992
417.0,417,1928.121726
1000.0,1000,1928.77977
1000.0,1000,1932.240878
1000.0,1000,1932.868187
1000.0,1000,1936.322567
1000.0,1000,1936.942137
1000.0,1000,1940.454478
1000.0,1000,1941.08918
1000.0,1000,1944.648636
1000.0,1000,1945.247782
1000.0,1000,1948.739414
1000.0,1000,1949.360102
1000.0,1000,1952.854094
1000.0,1000,1953.482267
1000.0,1000,1956.987613
1000.0,1000,1957.643986
1000.0,1000,1961.005602
1000.0,1000,1961.629398
1000.0,1000,1965.088087
1000.0,1000,1965.720187
1000.0,1000,1966.340561
1000.0,1000,1969.564182
1000.0,1000,1970.201852
1000.0,1000,1973.628958
1000.0,1000,1974.279723
1000.0,1000,1977.823822
1000.0,1000,1978.42744
1000.0,1000,1981.726158
1000.0,1000,1982.351894
1000.0,1000,1985.703675
1000.0,1000,1986.329987
1000.0,1000,1989.745374
1000.0,1000,1990.399325
1000.0,1000,1993.919334
1000.0,1000,1994.543928
1000.0,1000,1998.077212
1000.0,1000,1998.733889
1000.0,1000,2002.264443
1000.0,1000,2002.903984
1000.0,1000,2006.317333
1000.0,1000,2006.992501
1000.0,1000,2010.41699
1000.0,1000,2011.018843
1000.0,1000,2014.54718
1000.0,1000,2015.215099
1000.0,1000,2018.610845
1000.0,1000,2019.299726
1000.0,1000,2022.860752
1000.0,1000,2023.508004
1000.0,1000,2026.964082
1000.0,1000,2027.600736
1000.0,1000,2031.124599
1000.0,1000,2031.756612
1000.0,1000,2035.153391
1000.0,1000,2035.781473
1000.0,1000,2039.161355
1000.0,1000,2039.761636
1000.0,1000,2043.229418
1000.0,1000,2043.838416
1000.0,1000,2047.189695
1000.0,1000,2047.794159
1000.0,1000,2051.104321
1000.0,1000,2051.725283
1000.0,1000,2052.325501
1000.0,1000,2055.892518
1000.0,1000,2056.50756
1000.0,1000,2060.088357
1000.0,1000,2060.733034
1000.0,1000,2064.195243
1000.0,1000,2064.888906
1000.0,1000,2068.420057
1000.0,1000,2069.03974
984.0,984,2072.654145
304.0,304,2072.882948
1000.0,1000,2076.469604
1000.0,1000,2077.074194
1000.0,1000,2077.68068
1000.0,1000,2080.931851
1000.0,1000,2081.556831
1000.0,1000,2084.862851
1000.0,1000,2085.483496
1000.0,1000,2088.85995
1000.0,1000,2089.469549
1000.0,1000,2092.832087
1000.0,1000,2093.466738
1000.0,1000,2096.622107
1000.0,1000,2097.244437
1000.0,1000,2100.555424
648.0,648,2100.943287
1000.0,1000,2104.192282
1000.0,1000,2104.818319
1000.0,1000,2108.16644
1000.0,1000,2108.773675
1000.0,1000,2112.089912
1000.0,1000,2112.684721
1000.0,1000,2116.186749
1000.0,1000,2116.788555
1000.0,1000,2120.220874
1000.0,1000,2120.83289
1000.0,1000,2124.337655
1000.0,1000,2125.009768
1000.0,1000,2128.513882
1000.0,1000,2129.187744
40.0,40,2129.217668
473.0,473,2129.518059
1000.0,1000,2133.279036
540.0,540,2133.60548
1000.0,1000,2136.921686
1000.0,1000,2137.580008
1000.0,1000,2138.185125
1000.0,1000,2141.496751
1000.0,1000,2142.097125
1000.0,1000,2145.611771
1000.0,1000,2146.297444
1000.0,1000,2149.987795
1000.0,1000,2150.647976
28.0,28,2150.66857
1000.0,1000,2154.339756
1000.0,1000,2155.031598
436.0,436,2158.297029
818.0,818,2158.801149
1000.0,1000,2159.461758
1000.0,1000,2163.044485
1000.0,1000,2163.645542
1000.0,1000,2167.242301
1000.0,1000,2167.872125
1000.0,1000,2171.165663
1000.0,1000,2171.761717
333.0,333,2174.730055
1000.0,1000,2175.337579
1000.0,1000,2178.804699
1000.0,1000,2179.593398
1000.0,1000,2182.960947
1000.0,1000,2183.568335
1000.0,1000,2187.129417
1000.0,1000,2187.770602
1000.0,1000,2188.387527
1000.0,1000,2191.924367
1000.0,1000,2192.526879
1000.0,1000,2195.924941
1000.0,1000,2196.549541
1000.0,1000,2200.120578
1000.0,1000,2200.716251
1000.0,1000,2203.929677
1000.0,1000,2204.571854
1000.0,1000,2208.024935
1000.0,1000,2208.648443
1000.0,1000,2212.233637
1000.0,1000,2212.855978
1000.0,1000,2216.192239
806.0,806,2216.701625
1000.0,1000,2220.221419
1000.0,1000,2220.915395
685.0,685,2224.270903
1000.0,1000,2224.867752
1000.0,1000,2228.298109
514.0,514,2228.664834
1000.0,1000,2229.300339
1000.0,1000,2232.664619
1000.0,1000,2233.357485
1000.0,1000,2236.819152
1000.0,1000,2237.479671
653.0,653,2240.765418
279.0,279,2240.970763
1000.0,1000,2241.675446
476.0,476,2241.984101
257.0,257,2245.055406
1000.0,1000,2245.759109
117.0,117,2245.840107
290.0,290,2246.026877
1000.0,1000,2249.595371
452.0,452,2249.871876
1000.0,1000,2250.523302
1000.0,1000,2254.11592
1000.0,1000,2254.737504
1000.0,1000,2258.236539
1000.0,1000,2258.907498
1000.0,1000,2262.496283
1000.0,1000,2263.210476
1000.0,1000,2266.781649
1000.0,1000,2267.426488
1000.0,1000,2271.126316
1000.0,1000,2271.730806
1000.0,1000,2275.078868
1000.0,1000,2275.687435
1000.0,1000,2278.969481
1000.0,1000,2279.602945
1000.0,1000,2282.884924
1000.0,1000,2283.521645
1000.0,1000,2286.858008
1000.0,1000,2287.518959
1000.0,1000,2291.005744
1000.0,1000,2291.621957
1000.0,1000,2295.259512
1000.0,1000,2295.870564
281.0,281,2296.041772
1000.0,1000,2299.54013
1000.0,1000,2300.161565
1000.0,1000,2303.373648
1000.0,1000,2303.99881
1000.0,1000,2307.427125
1000.0,1000,2308.055087
1000.0,1000,2311.713017
832.0,832,2312.222383
1000.0,1000,2315.692294
1000.0,1000,2316.328464
1000.0,1000,2319.927577
1000.0,1000,2320.571821
1000.0,1000,2323.805942
1000.0,1000,2324.501566
1000.0,1000,2327.815957
1000.0,1000,2328.428457
1000.0,1000,2331.895273
1000.0,1000,2332.586634
1000.0,1000,2333.261863
1000.0,1000,2336.717028
1000.0,1000,2337.431199
1000.0,1000,2340.982142
1000.0,1000,2341.597975
1000.0,1000,2345.036711
1000.0,1000,2345.653626
1000.0,1000,2349.165328
1000.0,1000,2349.793119
1000.0,1000,2353.431237
1000.0,1000,2354.053427
1000.0,1000,2357.584506
1000.0,1000,2358.213762
1000.0,1000,2361.791045
1000.0,1000,2362.430219
1000.0,1000,2365.864286
226.0,226,2366.001894
1000.0,1000,2366.607133
1000.0,1000,2369.986168
995.0,995,2370.603258
1000.0,1000,2374.029807
619.0,619,2374.40408
1000.0,1000,2377.880275
1000.0,1000,2378.568303
1000.0,1000,2382.077314
1000.0,1000,2382.703753
1000.0,1000,2386.204411
1000.0,1000,2386.808608
1000.0,1000,2390.02077
1000.0,1000,2390.67901
1000.0,1000,2394.026796
1000.0,1000,2394.653305
1000.0,1000,2398.094054
1000.0,1000,2398.732202
1000.0,1000,2401.97875
1000.0,1000,2402.626581
1000.0,1000,2403.272329
1000.0,1000,2407.025175
1000.0,1000,2407.690252
1000.0,1000,2411.297633
1000.0,1000,2411.936176
1000.0,1000,2415.392166
1000.0,1000,2416.042339
1000.0,1000,2419.612995
1000.0,1000,2420.291704
1000.0,1000,2423.738411
1000.0,1000,2424.361247
1000.0,1000,2427.720224
1000.0,1000,2428.346257
1000.0,1000,2431.912898
1000.0,1000,2432.521162
1000.0,1000,2435.899628
1000.0,1000,2436.516108
1000.0,1000,2440.124454
1000.0,1000,2440.74461
1000.0,1000,2444.333223
1000.0,1000,2444.960642
1000.0,1000,2448.692453
1000.0,1000,2449.331253
185.0,185,2449.443708
1000.0,1000,2452.785062
1000.0,1000,2453.41916
1000.0,1000,2456.833148
1000.0,1000,2457.428057
1000.0,1000,2460.941834
1000.0,1000,2461.585345
1000.0,1000,2464.952278
1000.0,1000,2465.559794
1000.0,1000,2468.884886
1000.0,1000,2469.487032
1000.0,1000,2472.830595
1000.0,1000,2473.502954
1000.0,1000,2477.092815
1000.0,1000,2477.734294
1000.0,1000,2481.429469
1000.0,1000,2482.081085
1000.0,1000,2485.740749
1000.0,1000,2486.485365
1000.0,1000,2490.20205
1000.0,1000,2490.879313
1000.0,1000,2494.288275
1000.0,1000,2494.93415
1000.0,1000,2498.379657
1000.0,1000,2499.051119
1000.0,1000,2502.54611
1000.0,1000,2503.226567
1000.0,1000,2506.71003
1000.0,1000,2507.379765
1000.0,1000,2508.062318
1000.0,1000,2511.489357
1000.0,1000,2512.15235
1000.0,1000,2515.988167
1000.0,1000,2516.586614
1000.0,1000,2520.166396
1000.0,1000,2520.846138
1000.0,1000,2524.369243
1000.0,1000,2525.00995
1000.0,1000,2528.43757
1000.0,1000,2529.060371
1000.0,1000,2532.445503
1000.0,1000,2533.052806
1000.0,1000,2536.25397
1000.0,1000,2536.897223
1000.0,1000,2540.534832
1000.0,1000,2541.135661
1000.0,1000,2544.558757
1000.0,1000,2545.23762
1000.0,1000,2548.827533
1000.0,1000,2549.507023
1000.0,1000,2553.036781
1000.0,1000,2553.724392
1000.0,1000,2557.181963
1000.0,1000,2557.798628
441.0,441,2558.110401
1000.0,1000,2561.810352
1000.0,1000,2562.474423
1000.0,1000,2566.12186
1000.0,1000,2566.817218
1000.0,1000,2570.317947
1000.0,1000,2570.940917
1000.0,1000,2574.347265
1000.0,1000,2574.954882
1000.0,1000,2578.393732
1000.0,1000,2579.008353
515.0,515,2582.125779
1000.0,1000,2582.74667
1000.0,1000,2586.179339
1000.0,1000,2586.794708
1000.0,1000,2590.251078
1000.0,1000,2590.901834
1000.0,1000,2591.568408
1000.0,1000,2594.938828
1000.0,1000,2595.6213
1000.0,1000,2599.156397
652.0,652,2599.653247
1000.0,1000,2603.19706
1000.0,1000,2603.870157
1000.0,1000,2607.347315
1000.0,1000,2608.001565
1000.0,1000,2611.619798
1000.0,1000,2612.255573
1000.0,1000,2615.72993
1000.0,1000,2616.364767
1000.0,1000,2620.064674
1000.0,1000,2620.696073
805.0,805,2624.049593
1000.0,1000,2624.687595
1000.0,1000,2628.156311
1000.0,1000,2628.776618
1000.0,1000,2629.399797
1000.0,1000,2632.764261
1000.0,1000,2633.381464
1000.0,1000,2636.751768
1000.0,1000,2637.375148
609.0,609,2640.588175
1000.0,1000,2641.207411
1000.0,1000,2644.615378
1000.0,1000,2645.218694
511.0,511,2645.543129
1000.0,1000,2648.953314
1000.0,1000,2649.547591
1000.0,1000,2652.91491
1000.0,1000,2653.54944
1000.0,1000,2657.034719
1000.0,1000,2657.678593
1000.0,1000,2661.064425
139.0,139,2661.147709
610.0,610,2661.515337
1000.0,1000,2664.914286
1000.0,1000,2665.513666
1000.0,1000,2669.004514
1000.0,1000,2669.653436
1000.0,1000,2673.401948
1000.0,1000,2674.075369
1000.0,1000,2677.844029
1000.0,1000,2678.507525
809.0,809,2681.942097
1000.0,1000,2682.615604
16.0,16,2682.625548
406.0,406,2682.871618
1000.0,1000,2686.542474
1000.0,1000,2687.159903
1000.0,1000,2690.533282
133.0,133,2690.614218
359.0,359,2690.831825
1000.0,1000,2691.468276
1000.0,1000,2694.911662
1000.0,1000,2695.521249
590.0,590,2698.581507
1000.0,1000,2699.193079
1000.0,1000,2702.708807
1000.0,1000,2703.363126
288.0,288,2703.56888
947.0,947,2707.231621
749.0,749,2707.69571
1000.0,1000,2710.885136
600.0,600,2711.246951
325.0,325,2711.443038
1000.0,1000,2715.038578
1000.0,1000,2715.679297
1000.0,1000,2719.173622
1000.0,1000,2719.867774
1000.0,1000,2723.491185
1000.0,1000,2724.179357
1000.0,1000,2724.79067
931.0,931,2728.053032
563.0,563,2728.403653
1000.0,1000,2731.974184
1000.0,1000,2732.59295
1000.0,1000,2736.066341
1000.0,1000,2736.741834
132.0,132,2736.829831
1000.0,1000,2740.186945
1000.0,1000,2740.851621
470.0,470,2741.140075
1000.0,1000,2744.822403
1000.0,1000,2745.433806
1000.0,1000,2748.729845
1000.0,1000,2749.351712
1000.0,1000,2752.992635
474.0,474,2753.330744
1000.0,1000,2756.827211
576.0,576,2757.179415
1000.0,1000,2757.848463
1000.0,1000,2761.565928
1000.0,1000,2762.187565
1000.0,1000,2765.539469
1000.0,1000,2766.159061
887.0,887,2769.746565
1000.0,1000,2770.430215
1000.0,1000,2773.749445
1000.0,1000,2774.40802
1000.0,1000,2777.592477
1000.0,1000,2778.2446
1000.0,1000,2781.677047
1000.0,1000,2782.346174
367.0,367,2782.594506
1000.0,1000,2786.134555
1000.0,1000,2786.749341
1000.0,1000,2790.106882
1000.0,1000,2790.75271
1000.0,1000,2794.097858
1000.0,1000,2794.723354
1000.0,1000,2798.218284
1000.0,1000,2798.843966
1000.0,1000,2802.273519
1000.0,1000,2802.88297
1000.0,1000,2806.269322
1000.0,1000,2806.898702
1000.0,1000,2810.345035
1000.0,1000,2810.944136
539.0,539,2811.287669
1000.0,1000,2814.581097
1000.0,1000,2815.220389
1000.0,1000,2818.91895
1000.0,1000,2819.604934
1000.0,1000,2823.152787
1000.0,1000,2823.773331
1000.0,1000,2827.31443
1000.0,1000,2827.939646
1000.0,1000,2831.508923
1000.0,1000,2832.119311
1000.0,1000,2836.002763
1000.0,1000,2836.646266
1000.0,1000,2840.232466
1000.0,1000,2840.838918
1000.0,1000,2844.356903
1000.0,1000,2844.983688
1000.0,1000,2848.756238
1000.0,1000,2849.412282
1000.0,1000,2852.844991
1000.0,1000,2853.454553
1000.0,1000,2856.832668
1000.0,1000,2857.488641
1000.0,1000,2861.187969
1000.0,1000,2861.862422
1000.0,1000,2865.463112
1000.0,1000,2866.130227
1000.0,1000,2869.392775
1000.0,1000,2870.061837
1000.0,1000,2873.725923
1000.0,1000,2874.451934
1000.0,1000,2878.001238
1000.0,1000,2878.599542
1000.0,1000,2882.235228
1000.0,1000,2883.019893
1000.0,1000,2886.636764
1000.0,1000,2887.262842
1000.0,1000,2890.68871
1000.0,1000,2891.320214
1000.0,1000,2891.934134
1000.0,1000,2895.488866
189.0,189,2895.61522
369.0,369,2895.842595
1000.0,1000,2899.077112
1000.0,1000,2899.673301
1000.0,1000,2903.009918
1000.0,1000,2903.616637
1000.0,1000,2907.160823
1000.0,1000,2907.755985
1000.0,1000,2911.300204
1000.0,1000,2911.970116
1000.0,1000,2915.549375
1000.0,1000,2916.1586
1000.0,1000,2919.72861
1000.0,1000,2920.368997
1000.0,1000,2924.091319
1000.0,1000,2924.702254
1000.0,1000,2928.256541
1000.0,1000,2928.867423
1000.0,1000,2932.397406
1000.0,1000,2933.002408
233.0,233,2933.143885
1000.0,1000,2936.778013
1000.0,1000,2937.429112
1000.0,1000,2940.910952
1000.0,1000,2941.58675
1000.0,1000,2945.276688
1000.0,1000,2945.952346
967.0,967,2949.584697
1000.0,1000,2950.230052
1000.0,1000,2953.703065
1000.0,1000,2954.373242
1000.0,1000,2957.771981
1000.0,1000,2958.401706
1000.0,1000,2958.999074
1000.0,1000,2962.174326
1000.0,1000,2962.792107
1000.0,1000,2966.116235
1000.0,1000,2966.716021
1000.0,1000,2970.615346
799.0,799,2971.14685
1000.0,1000,2974.797306
1000.0,1000,2975.392679
1000.0,1000,2978.740534
1000.0,1000,2979.352617
1000.0,1000,2982.716616
1000.0,1000,2983.325781
1000.0,1000,2986.964748
1000.0,1000,2987.57652
1000.0,1000,2991.259645
1000.0,1000,2991.871913
1000.0,1000,2995.323932
1000.0,1000,2995.918893
1000.0,1000,2999.432343
741.0,741,2999.951456
1000.0,1000,3003.390379
1000.0,1000,3004.003519
1000.0,1000,3004.656846
1000.0,1000,3008.106707
1000.0,1000,3008.739635
1000.0,1000,3012.17019
1000.0,1000,3012.808388
1000.0,1000,3016.32093
1000.0,1000,3016.942961
1000.0,1000,3020.607202
1000.0,1000,3021.217177
1000.0,1000,3024.636095
1000.0,1000,3025.352551
212.0,212,3025.495464
1000.0,1000,3028.985273
1000.0,1000,3029.591694
1000.0,1000,3033.169426
1000.0,1000,3033.869939
679.0,679,3037.08313
168.0,168,3037.183335
616.0,616,3037.592118
381.0,381,3037.855138
226.0,226,3037.993282
1000.0,1000,3041.514653
1000.0,1000,3042.141327
1000.0,1000,3045.656732
259.0,259,3045.838922
835.0,835,3046.423666
105.0,105,3046.497803
1000.0,1000,3050.127386
1000.0,1000,3050.786991
1000.0,1000,3054.283758
1000.0,1000,3054.910721
1000.0,1000,3058.41975
1000.0,1000,3059.169986
1000.0,1000,3062.673733
280.0,280,3062.842655
478.0,478,3063.143143
1000.0,1000,3066.73208
1000.0,1000,3067.332951
1000.0,1000,3070.880595
415.0,415,3071.134247
833.0,833,3071.64215
1000.0,1000,3074.992666
1000.0,1000,3075.58998
1000.0,1000,3079.051987
1000.0,1000,3079.711728
188.0,188,3079.866345
1000.0,1000,3083.508945
1000.0,1000,3084.111341
965.0,965,3087.588106
1000.0,1000,3088.241114
162.0,162,3088.34112
1000.0,1000,3091.950576
1000.0,1000,3092.57897
1000.0,1000,3096.146625
1000.0,1000,3096.752743
1000.0,1000,3100.06657
1000.0,1000,3100.706301
1000.0,1000,3104.086141
1000.0,1000,3104.694057
1000.0,1000,3108.075818
1000.0,1000,3108.685023
1000.0,1000,3112.183238
1000.0,1000,3112.853562
1000.0,1000,3116.552196
1000.0,1000,3117.321994
1000.0,1000,3120.97935
1000.0,1000,3121.655121
1000.0,1000,3125.176095
1000.0,1000,3125.819291
561.0,561,3126.19106
995.0,995,3129.56881
117.0,117,3129.641577
1000.0,1000,3133.391656
1000.0,1000,3134.120473
1000.0,1000,3134.820975
1000.0,1000,3138.323397
1000.0,1000,3138.997931
495.0,495,3142.334839
1000.0,1000,3143.059911
1000.0,1000,3146.625847
35.0,35,3146.647338
798.0,798,3147.148013
348.0,348,3147.373457
1000.0,1000,3151.151992
1000.0,1000,3151.813584
1000.0,1000,3155.406837
1000.0,1000,3156.04236
1000.0,1000,3159.621793
1000.0,1000,3160.285386
1000.0,1000,3163.853084
1000.0,1000,3164.489038
1000.0,1000,3168.002242
1000.0,1000,3168.644995
1000.0,1000,3172.22789
549.0,549,3172.629567
1000.0,1000,3173.286313
1000.0,1000,3176.875585
1000.0,1000,3177.496945
1000.0,1000,3181.210679
1000.0,1000,3181.880452
1000.0,1000,3185.559529
1000.0,1000,3186.20367
1000.0,1000,3189.798151
1000.0,1000,3190.491879
1000.0,1000,3194.071244
1000.0,1000,3194.694765
1000.0,1000,3198.196955
1000.0,1000,3198.843738
1000.0,1000,3202.421326
1000.0,1000,3203.029772
1000.0,1000,3206.711177
1000.0,1000,3207.39191
1000.0,1000,3210.97952
1000.0,1000,3211.66902
1000.0,1000,3215.23108
1000.0,1000,3215.937692
1000.0,1000,3219.251502
1000.0,1000,3219.901198
1000.0,1000,3223.279484
1000.0,1000,3223.943114
1000.0,1000,3227.367998
1000.0,1000,3228.059205
1000.0,1000,3231.761217
1000.0,1000,3232.41584
1000.0,1000,3235.889782
1000.0,1000,3236.525161
1000.0,1000,3240.138126
1000.0,1000,3240.781377
1000.0,1000,3244.204113
1000.0,1000,3244.829876
1000.0,1000,3245.521222
1000.0,1000,3249.124816
1000.0,1000,3249.851634
1000.0,1000,3253.486574
1000.0,1000,3254.113017
1000.0,1000,3257.570087
1000.0,1000,3258.181904
1000.0,1000,3261.593903
1000.0,1000,3262.302267
1000.0,1000,3265.753142
1000.0,1000,3266.379716
377.0,377,3269.335223
1000.0,1000,3269.951853
1000.0,1000,3273.539304
1000.0,1000,3274.164524
1000.0,1000,3274.825208
1000.0,1000,3278.381633
1000.0,1000,3279.111292
1000.0,1000,3282.571889
1000.0,1000,3283.177419
1000.0,1000,3286.729872
1000.0,1000,3287.33836
1000.0,1000,3290.783088
1000.0,1000,3291.385633
1000.0,1000,3294.705131
1000.0,1000,3295.317192
1000.0,1000,3299.084271
1000.0,1000,3299.746813
1000.0,1000,3303.346416
1000.0,1000,3303.98091
1000.0,1000,3307.533934
1000.0,1000,3308.193445
1000.0,1000,3311.744722
1000.0,1000,3312.367001
1000.0,1000,3315.932702
1000.0,1000,3316.561878
1000.0,1000,3320.083483
1000.0,1000,3320.707783
1000.0,1000,3324.364721
1000.0,1000,3325.034572
1000.0,1000,3328.441085
1000.0,1000,3329.088043
1000.0,1000,3332.499404
1000.0,1000,3333.160698
1000.0,1000,3336.771477
1000.0,1000,3337.464804
1000.0,1000,3340.794014
1000.0,1000,3341.388072
1000.0,1000,3344.781971
1000.0,1000,3345.393205
1000.0,1000,3348.963102
1000.0,1000,3349.679275
1000.0,1000,3353.143959
1000.0,1000,3353.776744
1000.0,1000,3357.1499
1000.0,1000,3357.762233
1000.0,1000,3361.147229
1000.0,1000,3361.769038
1000.0,1000,3362.370187
1000.0,1000,3365.632214
1000.0,1000,3366.226637
1000.0,1000,3369.628302
1000.0,1000,3370.262767
1000.0,1000,3373.818809
1000.0,1000,3374.500668
1000.0,1000,3378.170889
1000.0,1000,3378.896539
1000.0,1000,3382.374174
1000.0,1000,3382.983916
1000.0,1000,3386.481124
1000.0,1000,3387.18458
1000.0,1000,3390.766856
1000.0,1000,3391.641891
1000.0,1000,3396.137161
1000.0,1000,3396.765912
1000.0,1000,3400.585255
1000.0,1000,3401.245648
1000.0,1000,3404.819089
1000.0,1000,3405.501034
1000.0,1000,3409.150089
1000.0,1000,3409.815229
1000.0,1000,3413.475729
1000.0,1000,3414.114304
1000.0,1000,3417.716015
1000.0,1000,3418.397504
1000.0,1000,3421.95502
1000.0,1000,3422.641289
1000.0,1000,3426.20906
1000.0,1000,3426.843033
1000.0,1000,3430.445755
1000.0,1000,3431.057338
1000.0,1000,3434.718506
1000.0,1000,3435.37007
1000.0,1000,3438.942884
1000.0,1000,3439.568719
1000.0,1000,3443.150464
1000.0,1000,3443.805885
1000.0,1000,3447.391895
1000.0,1000,3447.991199
1000.0,1000,3451.436984
1000.0,1000,3452.068791
1000.0,1000,3452.734789
1000.0,1000,3456.238491
1000.0,1000,3456.84786
1000.0,1000,3460.440058
1000.0,1000,3461.039627
1000.0,1000,3464.000581
1000.0,1000,3464.598249
1000.0,1000,3467.494476
1000.0,1000,3468.092566
1000.0,1000,3471.341998
1000.0,1000,3471.943488
1000.0,1000,3475.280542
1000.0,1000,3475.871123
1000.0,1000,3479.284131
1000.0,1000,3479.876654
1000.0,1000,3482.964035
1000.0,1000,3483.567587
1000.0,1000,3486.522917
1000.0,1000,3487.125228
1000.0,1000,3490.516454
1000.0,1000,3491.164623
1000.0,1000,3494.587019
1000.0,1000,3495.25962
1000.0,1000,3498.475344
1000.0,1000,3499.074039
901.0,901,3501.974051
1000.0,1000,3502.595674
1000.0,1000,3505.877481
1000.0,1000,3506.476217
1000.0,1000,3509.81829
1000.0,1000,3510.40842
1000.0,1000,3513.798914
1000.0,1000,3514.420378
1000.0,1000,3517.466704
1000.0,1000,3518.062739
1000.0,1000,3521.232577
1000.0,1000,3521.829558
1000.0,1000,3525.143871
740.0,740,3525.591213
1000.0,1000,3526.198143
1000.0,1000,3529.466902
1000.0,1000,3530.08612
1000.0,1000,3533.422937
1000.0,1000,3534.014086
1000.0,1000,3537.537051
1000.0,1000,3538.129977
1000.0,1000,3541.398726
1000.0,1000,3542.009164
1000.0,1000,3545.441561
1000.0,1000,3546.048447
1000.0,1000,3549.478377
940.0,940,3550.036119
1000.0,1000,3553.418325
1000.0,1000,3554.014044
1000.0,1000,3557.418581
1000.0,1000,3558.01078
1000.0,1000,3561.108829
1000.0,1000,3561.713386
1000.0,1000,3565.085145
1000.0,1000,3565.711734
1000.0,1000,3568.894946
1000.0,1000,3569.552491
1000.0,1000,3572.834551
1000.0,1000,3573.437645
1000.0,1000,3576.429522
1000.0,1000,3577.153485
1000.0,1000,3580.382337
1000.0,1000,3580.976589
1000.0,1000,3581.628144
1000.0,1000,3584.854657
1000.0,1000,3585.445477
1000.0,1000,3588.974615
1000.0,1000,3589.598243
1000.0,1000,3593.027296
1000.0,1000,3593.726277
1000.0,1000,3597.152987
1000.0,1000,3597.829314
1000.0,1000,3601.167097
1000.0,1000,3601.759772
1000.0,1000,3605.086701
1000.0,1000,3605.693467
1000.0,1000,3609.121382
1000.0,1000,3609.725976
1000.0,1000,3613.305255
1000.0,1000,3613.902576
1000.0,1000,3617.036181
1000.0,1000,3617.68488
1000.0,1000,3620.969407
1000.0,1000,3621.59246
1000.0,1000,3625.024483
1000.0,1000,3625.67835
1000.0,1000,3629.148693
1000.0,1000,3629.754793
1000.0,1000,3633.133114
1000.0,1000,3633.748301
1000.0,1000,3637.015487
530.0,530,3637.341614
1000.0,1000,3637.980663
1000.0,1000,3641.548074
1000.0,1000,3642.215652
1000.0,1000,3645.694944
1000.0,1000,3646.396991
1000.0,1000,3650.173722
1000.0,1000,3650.806314
1000.0,1000,3654.450678
1000.0,1000,3655.135021
1000.0,1000,3658.60116
1000.0,1000,3659.243459
1000.0,1000,3662.679615
1000.0,1000,3663.285223
1000.0,1000,3666.754735
1000.0,1000,3667.468832
1000.0,1000,3671.055917
1000.0,1000,3671.683003
1000.0,1000,3675.129744
1000.0,1000,3675.734329
1000.0,1000,3679.259604
1000.0,1000,3679.887211
1000.0,1000,3683.398499
686.0,686,3683.805178
1000.0,1000,3684.398704
1000.0,1000,3687.838085
1000.0,1000,3688.444001
1000.0,1000,3691.79316
1000.0,1000,3692.402579
1000.0,1000,3695.817598
1000.0,1000,3696.42438
1000.0,1000,3699.635431
1000.0,1000,3700.311967
1000.0,1000,3703.735976
1000.0,1000,3704.332637
1000.0,1000,3707.664598
1000.0,1000,3708.283047
1000.0,1000,3711.741642
1000.0,1000,3712.347713
1000.0,1000,3715.935584
1000.0,1000,3716.541957
1000.0,1000,3720.072445
1000.0,1000,3720.677484
1000.0,1000,3723.877081
1000.0,1000,3724.51265
1000.0,1000,3728.098592
1000.0,1000,3728.71222
1000.0,1000,3732.064823
1000.0,1000,3732.697433
1000.0,1000,3736.267154
679.0,679,3736.718146
1000.0,1000,3740.264162
1000.0,1000,3740.880198
1000.0,1000,3744.320626
199.0,199,3744.442965
1000.0,1000,3745.12149
1000.0,1000,3748.531232
1000.0,1000,3749.128282
1000.0,1000,3752.659972
1000.0,1000,3753.319488
1000.0,1000,3756.297102
1000.0,1000,3756.890728
1000.0,1000,3760.431395
1000.0,1000,3761.030482
1000.0,1000,3761.631809
1000.0,1000,3765.159548
1000.0,1000,3765.753976
1000.0,1000,3769.387762
246.0,246,3769.566018
1000.0,1000,3772.877036
1000.0,1000,3773.528897
1000.0,1000,3777.213313
1000.0,1000,3777.811283
1000.0,1000,3781.200816
1000.0,1000,3781.86112
1000.0,1000,3782.453441
1000.0,1000,3785.615508
1000.0,1000,3786.306512
1000.0,1000,3789.747659
1000.0,1000,3790.378727
1000.0,1000,3793.924107
1000.0,1000,3794.604615
1000.0,1000,3797.997534
1000.0,1000,3798.64348
237.0,237,3801.385445
1000.0,1000,3802.003116
1000.0,1000,3802.602648
1000.0,1000,3805.547532
1000.0,1000,3806.169892
1000.0,1000,3809.077678
1000.0,1000,3809.71865
1000.0,1000,3813.303747
1000.0,1000,3813.922276
1000.0,1000,3817.473726
1000.0,1000,3818.180911
1000.0,1000,3821.88591
1000.0,1000,3822.62458
1000.0,1000,3825.972447
1000.0,1000,3826.598335
1000.0,1000,3830.250466
1000.0,1000,3830.882765
1000.0,1000,3834.132631
1000.0,1000,3834.845887
1000.0,1000,3838.379647
1000.0,1000,3838.984281
1000.0,1000,3842.318651
1000.0,1000,3842.917079
1000.0,1000,3846.167715
1000.0,1000,3846.770643
1000.0,1000,3849.929648
1000.0,1000,3850.532461
1000.0,1000,3853.970378
1000.0,1000,3854.562664
1000.0,1000,3857.860266
1000.0,1000,3858.462714
1000.0,1000,3861.632115
1000.0,1000,3862.228031
1000.0,1000,3865.614986
1000.0,1000,3866.218511
1000.0,1000,3869.277288
1000.0,1000,3869.878306
1000.0,1000,3872.935761
1000.0,1000,3873.535861
1000.0,1000,3876.563267
1000.0,1000,3877.185746
1000.0,1000,3880.446722
1000.0,1000,3881.101369
1000.0,1000,3884.277814
1000.0,1000,3884.929932
1000.0,1000,3885.557884
1000.0,1000,3888.651915
1000.0,1000,3889.271863
1000.0,1000,3892.172714
1000.0,1000,3892.768924
1000.0,1000,3895.622893
1000.0,1000,3896.218599
1000.0,1000,3899.332348
1000.0,1000,3899.929533
1000.0,1000,3902.969496
1000.0,1000,3903.568058
1000.0,1000,3906.808882
1000.0,1000,3907.406352
1000.0,1000,3910.555811
1000.0,1000,3911.154094
1000.0,1000,3914.551426
1000.0,1000,3915.252578
1000.0,1000,3918.447721
1000.0,1000,3919.043774
1000.0,1000,3922.344157
1000.0,1000,3922.955373
1000.0,1000,3926.092838
1000.0,1000,3926.686093
1000.0,1000,3929.792831
1000.0,1000,3930.389175
1000.0,1000,3933.482537
1000.0,1000,3934.088222
1000.0,1000,3937.23574
1000.0,1000,3937.836683
1000.0,1000,3940.795919
1000.0,1000,3941.387354
1000.0,1000,3944.599969
1000.0,1000,3945.216306
