#{"t_start": 1533450988.167733, "env_id": "Humanoid-v2"}
r,l,t
185.171881,41,0.069907
70.098284,15,0.092293
92.361097,21,0.124431
93.283372,20,0.155347
127.101483,31,0.205088
93.615653,20,0.234544
105.485604,24,0.271792
80.242722,17,0.297769
74.376395,16,0.321934
75.72452,16,0.345462
123.969731,27,0.386905
76.988421,17,0.412934
75.793929,16,0.437056
128.350301,27,0.479035
94.840709,20,0.50807
80.796934,17,0.527777
79.399493,17,0.547688
73.401434,16,0.56647
109.459712,23,0.59481
95.683525,20,0.616452
74.24956,16,0.635643
82.565944,19,0.665027
74.556881,16,0.688391
151.02831,34,0.742987
118.688549,26,0.783005
75.94619,16,0.806332
79.222799,18,0.828245
102.692152,22,0.861924
122.616715,26,0.902935
73.774276,16,0.927069
85.908996,18,0.95454
166.586146,35,1.009988
138.879334,31,1.058805
78.65067,17,1.084509
76.194472,16,1.108725
86.855859,18,1.136074
73.745092,16,1.16034
154.011667,35,1.215413
86.80825,18,1.242981
86.047462,20,1.273177
83.440522,17,1.299137
156.528652,34,1.354681
182.149643,41,1.407482
72.058626,16,1.4247
85.906448,18,1.444821
86.505802,18,1.464517
87.966886,18,1.484216
76.12676,16,1.50167
79.333498,17,1.52048
86.0676,18,1.539698
93.595179,21,1.564192
87.83895,18,1.583675
85.978323,18,1.603479
122.224958,25,1.631842
66.653875,15,1.64802
80.064148,17,1.666592
124.790658,26,1.694955
75.86464,16,1.712671
80.508649,17,1.730944
116.343393,25,1.759175
81.572861,17,1.777709
81.007009,17,1.79629
169.612125,34,1.83484
137.260428,32,1.87136
89.898675,19,1.892999
90.755788,19,1.913443
96.97866,20,1.934951
144.726747,30,1.968393
75.843871,16,1.985796
96.540484,22,2.011307
91.30277,19,2.032322
75.543483,16,2.049665
257.357701,56,2.116097
184.027272,40,2.162047
98.203724,21,2.185011
80.893476,17,2.203908
156.796899,36,2.248532
190.762609,45,2.302072
90.793582,19,2.323929
82.812241,18,2.343964
75.450062,16,2.361263
85.625013,20,2.383431
201.989738,44,2.433461
132.996256,29,2.466062
72.854189,16,2.483551
73.691595,16,2.500884
126.147903,26,2.528185
87.150026,18,2.548356
157.320048,34,2.598584
80.885823,17,2.623002
80.971411,17,2.649101
96.540775,20,5.872994
85.881131,18,5.900313
102.728181,22,5.930419
89.626769,19,5.957894
74.084932,16,5.982367
105.699744,23,6.015177
72.151049,16,6.03777
108.629489,24,6.07572
95.629017,20,6.102849
119.991983,26,6.142351
81.195025,17,6.166681
209.790323,45,6.23702
70.226572,15,6.258555
133.995,28,6.301178
166.278327,35,6.354744
98.744452,24,6.388702
226.660107,51,6.474893
74.658236,16,6.498413
79.84138,17,6.521904
74.07173,16,6.547068
184.466252,41,6.612231
193.173643,41,6.675824
74.686053,16,6.699951
73.828857,16,6.722138
145.765592,31,6.762226
89.830411,19,6.791312
227.406107,52,6.864446
74.856235,16,6.883473
80.300304,17,6.907053
133.14984,32,6.961243
77.02706,17,6.988474
261.716921,54,7.087495
195.703433,42,7.161011
84.268694,18,7.190287
206.232933,45,7.267651
124.326938,26,7.311877
76.303747,16,7.337413
69.297085,15,7.362639
73.861047,16,7.389418
105.36595,23,7.428406
92.856455,20,7.462097
69.950558,15,7.487231
65.021844,15,7.512537
95.941139,20,7.546513
100.457584,21,7.582279
72.546767,16,7.608747
80.469938,17,7.637393
96.758645,23,7.676095
91.231873,20,7.710655
114.548436,25,7.753536
127.886681,26,7.79785
149.667417,33,7.856509
203.892794,45,7.937827
147.112833,32,7.994452
192.418197,39,8.060858
80.283706,17,8.088105
145.013286,32,8.142126
77.311526,17,8.170033
88.171389,19,8.201701
117.389815,25,8.243051
122.196248,28,8.290327
72.92567,16,8.316396
113.335194,25,8.358022
76.480368,16,8.377669
150.666704,32,8.421489
69.96392,16,8.440238
106.925316,22,8.464875
83.121929,17,8.485119
74.375279,16,8.509105
90.370743,19,8.537767
72.258609,16,8.562176
109.142269,25,8.602436
80.933865,17,8.627881
74.930064,16,8.651881
91.72092,20,8.674853
74.191745,16,8.69298
98.824535,22,8.727554
97.045019,20,8.758665
74.876491,16,8.782161
87.38448,19,8.810174
159.410922,36,8.861921
218.351201,45,8.929625
81.242489,17,8.951424
188.149703,43,9.023711
81.164173,17,9.05052
68.605882,16,12.265158
91.251666,19,12.299207
73.589416,16,12.327736
160.693528,35,12.39186
80.288887,18,12.423906
74.683213,16,12.452749
79.255947,17,12.483591
107.333537,25,12.529171
75.714372,16,12.557953
112.75544,24,12.602306
76.824119,16,12.630718
113.457521,23,12.67388
107.600263,22,12.704791
104.367713,22,12.851182
79.257281,17,12.880504
74.571853,16,12.907619
151.843332,33,12.965972
78.464286,17,12.994502
76.273002,16,13.021865
78.838621,17,13.052006
98.391926,21,13.088414
146.825742,35,13.15106
81.258561,17,13.179835
141.858559,30,13.231433
81.106064,17,13.260805
133.716567,33,13.321431
75.595167,16,13.348599
79.215451,17,13.377699
90.535355,19,13.410236
181.871054,37,13.477955
84.659424,18,13.50832
141.29886,29,13.558363
149.591582,31,13.613003
78.689222,17,13.641442
69.076088,15,13.667385
91.46645,19,13.699788
168.550551,36,13.762875
82.694627,17,13.792187
126.582382,27,13.83896
83.84378,18,13.869926
178.252614,38,13.936691
74.7261,16,13.963589
175.282991,40,14.035102
81.371054,17,14.063755
100.87201,22,14.100671
159.426326,32,14.155765
141.392171,32,14.212208
90.454921,20,14.24583
106.426511,22,14.283551
156.414221,34,14.342569
100.265927,21,14.378447
145.738891,32,14.43411
99.160738,21,14.470756
124.578432,27,14.517902
77.721431,17,14.546393
116.594046,25,14.590391
331.200565,71,14.71681
80.061728,17,14.745657
80.356836,17,14.773949
80.626531,17,14.80265
81.007336,17,14.831353
196.740735,42,14.904599
80.943203,17,14.932608
74.669452,16,14.960079
123.170425,26,15.005158
81.320466,17,15.033698
137.294,31,15.089701
232.937321,46,15.170574
75.227954,16,15.19756
74.373682,16,15.224226
105.180367,24,15.265578
76.835794,17,15.294229
104.455926,22,15.331713
75.808805,16,15.358521
80.023627,17,15.387058
76.380158,16,15.413415
73.244561,16,15.440331
223.376989,48,15.525652
133.113628,29,15.574724
101.792714,22,15.611406
74.006667,16,15.638671
76.321899,16,15.665683
76.23644,16,15.693146
294.886769,62,15.808064
80.737482,17,15.837221
74.925051,16,15.86447
74.652047,16,15.891974
104.015268,21,15.928951
80.250037,17,19.167215
143.863119,32,19.218272
109.094328,24,19.254901
81.043592,17,19.278284
168.612331,39,19.337569
100.893273,23,19.374637
97.846105,21,19.406883
85.542011,18,19.434967
161.618716,36,19.487638
75.304172,16,19.509515
153.533096,33,19.559741
74.124085,16,19.579089
106.196689,23,19.60827
88.000829,19,19.635936
72.799176,16,19.660642
115.524964,25,19.696987
97.783858,20,19.7246
127.019957,27,19.765346
80.344399,17,19.787359
91.115404,19,19.814352
99.309593,22,19.843664
71.463777,15,19.865011
99.076409,21,19.894961
258.847146,53,19.983326
188.283955,41,20.057213
80.265838,17,20.085268
91.916117,20,20.119115
80.818769,17,20.146751
106.211659,23,20.186605
125.17443,28,20.235795
102.972684,24,20.276473
134.115927,28,20.32589
86.471787,18,20.354926
244.773824,59,20.458172
72.168816,16,20.484559
118.305297,26,20.528127
89.896712,19,20.560195
80.177387,18,20.589986
123.571103,28,20.640222
96.914123,21,20.674424
74.74913,16,20.700144
170.399607,36,20.759837
64.821072,15,20.780657
86.891627,18,20.804962
181.45233,38,20.850815
119.325254,28,20.885418
90.007176,19,20.907788
71.693892,15,20.929237
137.412337,32,20.968557
119.551592,25,20.999056
162.949655,36,21.042598
140.470811,33,21.083098
109.63728,23,21.110437
75.073223,16,21.128747
109.018601,23,21.153904
120.458735,24,21.187628
118.740868,25,21.218602
186.756166,43,21.277201
267.61495,60,21.359215
105.752703,25,21.391751
90.813856,20,21.418933
106.974857,22,21.443992
79.102242,17,21.469553
141.520017,29,21.506421
94.828937,20,21.528664
97.623219,21,21.551929
111.834043,24,21.578535
82.044974,17,21.60028
112.784495,23,21.636371
92.77144,19,21.659456
105.837556,23,21.689676
75.87787,16,21.71332
78.549735,17,21.739901
145.225274,32,21.787872
85.147316,18,21.814595
131.924342,28,21.854432
198.279183,41,21.920459
123.702247,26,21.962556
100.566804,21,21.994856
81.008965,17,22.018215
94.245316,21,22.051892
91.431333,19,22.081907
80.916326,17,22.108711
116.561572,24,25.459414
97.738032,21,25.497012
131.065542,29,25.549275
129.416718,30,25.604598
131.453222,29,25.655958
101.450462,21,25.691465
288.00637,61,25.804664
82.241186,17,25.833985
85.925914,18,25.865129
75.247452,16,25.892417
120.050217,29,25.944651
137.319793,30,25.998127
75.364985,16,26.025594
85.239041,18,26.055757
76.570136,16,26.082497
79.81755,17,26.112128
88.561888,19,26.144759
80.365927,17,26.173217
91.4614,19,26.205885
111.80875,27,26.254169
159.559348,36,26.317632
69.483642,15,26.343234
95.232753,20,26.378411
186.470832,48,26.467325
231.402873,49,26.558974
87.700763,19,26.591979
157.890359,33,26.65139
82.070486,17,26.68022
169.057493,35,26.742531
79.564525,17,26.772022
75.866777,16,26.79913
141.887598,33,26.857294
130.991111,29,26.908305
91.328351,21,26.944611
70.832929,15,26.969741
120.688978,27,27.0182
93.801188,20,27.052513
119.386619,27,27.099297
134.108165,30,27.152964
97.144137,20,27.187905
75.325985,16,27.214621
155.89586,34,27.274193
102.086466,22,27.312274
114.03923,24,27.355067
73.57218,16,27.382187
115.699008,25,27.425728
107.394884,23,27.464752
135.371644,29,27.515803
121.357168,29,27.567059
90.12279,19,27.599726
169.307819,37,27.662924
70.407433,16,27.689688
100.321614,21,27.725604
132.242068,28,27.773794
123.482982,26,27.818794
90.197364,19,27.851332
76.419585,16,27.878362
96.192727,20,27.912431
84.467078,19,27.945217
176.099744,39,28.011381
81.140501,17,28.039834
149.609383,34,28.101992
90.878526,19,28.134015
75.93403,16,28.160614
81.314254,17,28.188403
89.554334,19,28.221125
192.359965,41,28.296304
71.63768,16,28.322981
76.2942,16,28.349306
74.570657,16,28.375441
106.203071,23,28.412516
120.61123,25,28.446743
81.247371,17,28.472141
209.747108,50,28.555903
80.490821,17,28.580319
254.187039,51,28.662153
94.384722,19,28.69076
117.956925,24,28.726087
89.93739,19,28.754673
175.611685,38,28.814026
142.165319,30,28.862848
90.154171,19,28.893163
242.93734,52,32.169248
162.048798,36,32.218898
85.408654,18,32.246301
138.053715,31,32.29684
114.195357,27,32.341544
80.045948,17,32.362891
171.236483,32,32.41357
122.674885,26,32.455113
75.087728,16,32.478489
203.94117,45,32.537156
330.816113,76,32.649061
100.284083,24,32.685519
164.462059,34,32.736649
112.083275,23,32.767316
102.96811,25,32.806955
111.125481,26,32.843703
93.717062,21,32.873991
129.499809,30,32.914964
80.007374,17,32.93804
397.991136,93,33.087254
101.037924,21,33.118875
116.103932,24,33.153259
97.748502,20,33.184595
75.745682,16,33.209441
87.124112,19,33.232756
76.446126,16,33.257207
99.716817,21,33.289807
96.415316,21,33.320253
273.540832,58,33.398622
148.87142,31,33.447194
175.723482,39,33.506299
142.909822,30,33.551197
115.57717,25,33.589037
87.768165,19,33.617021
92.272631,19,33.643742
123.148773,26,33.678376
128.40644,27,33.719947
81.177723,17,33.740627
92.876627,20,33.763205
98.320779,21,33.795559
163.462388,36,33.852814
115.95462,24,33.890707
92.905033,20,33.916546
162.207061,35,33.957868
114.91555,25,33.988368
106.410596,25,34.018905
81.02258,17,34.03883
203.187644,48,34.094141
94.4195,20,34.115271
95.873525,20,34.136825
173.694772,37,34.18104
132.778541,27,34.219532
98.758734,20,34.251075
86.880372,18,34.278478
106.933063,24,34.316573
140.447175,32,34.367769
250.604017,53,34.429992
110.992994,25,34.458643
149.068903,31,34.493441
92.852605,19,34.514535
78.394782,17,34.533125
121.817002,26,34.562762
123.170744,25,34.591454
117.686601,25,34.619456
103.050237,22,34.642899
85.368398,18,34.661758
80.011692,17,34.679317
93.147077,21,34.70178
88.465918,19,34.722646
84.66013,18,34.751368
80.925503,17,34.771181
79.268611,17,34.791146
140.757128,34,34.839822
81.258239,17,34.86489
74.03451,16,34.883892
153.244225,36,34.934336
99.44931,24,34.972489
112.300598,23,38.245033
212.536992,45,38.319215
206.572244,43,38.38606
100.186825,23,38.423256
148.279818,32,38.475401
111.256292,25,38.508202
235.422335,54,38.597138
115.686173,26,38.639394
136.115246,28,38.677865
174.4627,39,38.732669
81.265018,17,38.759038
99.185441,21,38.79084
126.493315,26,38.829743
179.456015,39,38.886714
85.173167,18,38.911225
81.250096,17,38.933877
81.143647,17,38.959516
190.122053,47,39.029617
123.721548,27,39.068064
102.326768,21,39.094049
191.537195,41,39.152582
81.071172,17,39.174148
130.3234,27,39.208221
80.720016,17,39.233252
276.465896,60,39.316417
110.139051,23,39.346085
75.548363,16,39.367662
115.492778,24,39.398205
100.221052,21,39.425955
150.509478,32,39.468117
160.855785,35,39.522432
82.200972,18,39.549701
69.75415,15,39.572542
151.405609,33,39.616637
105.045724,24,39.655068
75.239766,16,39.680693
82.280554,17,39.704264
114.419024,25,39.739994
147.359427,32,39.783279
132.853006,29,39.82848
156.719202,33,39.880517
141.097478,29,39.926089
81.152757,18,39.948981
279.157814,61,40.04506
130.086229,28,40.082695
80.759416,17,40.102488
75.861503,16,40.121882
105.943353,22,40.151702
86.466568,18,40.177933
163.847856,38,40.234003
95.138005,20,40.264606
89.436726,20,40.291408
319.635334,70,40.391087
350.918786,73,40.495158
97.447501,21,40.523064
150.962458,35,40.57638
106.322834,24,40.608551
265.265122,61,40.701778
78.20318,18,40.72293
83.809291,18,40.743003
89.580353,19,40.768503
160.857509,33,40.81954
121.331094,27,40.851619
121.502722,25,40.889487
143.166831,29,40.933442
215.891196,43,41.002553
117.494996,24,41.03912
171.047462,37,41.096944
95.384093,20,41.127182
100.986234,23,41.162449
85.257864,18,41.18988
95.835045,20,44.291262
82.556306,18,44.321196
74.41567,16,44.347347
95.142847,20,44.377329
221.682239,47,44.462533
86.454229,19,44.493916
207.102512,43,44.567047
96.086709,21,44.600366
128.409515,26,44.642401
167.699047,36,44.701442
143.181673,30,44.756008
258.277112,57,44.865049
113.338153,26,44.912508
219.199397,46,44.996755
109.749919,24,45.03989
117.225963,25,45.084314
76.240939,16,45.110876
80.321074,17,45.140122
149.756367,34,45.202556
87.033085,19,45.235803
111.06926,23,45.276279
225.299353,47,45.361911
339.518657,76,45.505008
106.156756,22,45.543229
171.898409,39,45.615033
134.891991,30,45.668281
98.12679,21,45.704813
161.16689,36,45.769735
91.6635,21,45.807055
146.176329,32,45.865196
85.219681,18,45.895953
139.890616,31,45.9508
86.364383,18,45.981686
86.78304,18,46.012375
323.124342,69,46.140414
105.703787,22,46.178807
95.116788,20,46.213351
86.447881,18,46.243692
159.974663,36,46.307502
76.180453,16,46.334937
291.280604,68,46.463577
140.221089,30,46.517958
107.606238,24,46.559813
109.596716,25,46.605086
86.941232,18,46.635867
90.801162,19,46.668622
110.093675,24,46.710242
74.399807,16,46.737509
151.950284,35,46.801165
116.274993,25,46.845382
85.886867,18,46.876039
119.489999,29,46.929106
76.293605,16,46.95655
92.699725,19,46.98986
105.806613,25,47.035251
178.39348,40,47.107822
98.433143,21,47.144159
94.445111,21,47.181391
110.337995,23,47.222243
142.432237,33,47.283412
93.564743,21,47.320688
91.587188,19,47.353236
172.830737,38,47.420996
114.378313,26,47.468994
120.31135,24,47.512591
89.35474,19,47.544827
99.488064,21,47.582269
80.440808,17,47.611205
129.71353,28,47.660341
239.294899,57,47.763449
80.338698,17,47.791854
123.332512,28,47.841495
197.0375,40,47.914844
147.080961,31,51.147006
174.165865,36,51.199466
155.792464,32,51.242051
105.472235,22,51.273684
216.912824,54,51.354764
90.751127,19,51.383955
149.264392,34,51.439411
76.024632,16,51.464451
96.460935,21,51.495781
81.037166,17,51.521293
83.231286,18,51.546576
215.979,43,51.610241
128.274475,29,51.651439
145.47673,31,51.698916
122.442045,28,51.744142
218.99913,47,51.815331
105.446457,24,51.846609
80.819267,17,51.868202
93.400583,20,51.896566
105.861735,22,51.927565
300.505614,62,52.013649
79.218838,17,52.037875
148.322892,33,52.089056
148.23912,31,52.138965
118.798595,26,52.178508
160.4669,35,52.23092
75.127494,16,52.255075
89.51709,19,52.284409
122.410536,27,52.32173
145.103704,33,52.370695
139.833079,33,52.423743
251.515273,53,52.504273
94.588799,21,52.534132
94.919774,20,52.565618
133.387032,30,52.606292
131.557168,27,52.648838
92.300759,19,52.676498
221.104128,47,52.752474
113.288355,24,52.788928
104.259652,24,52.822503
84.528298,18,52.85037
279.984235,57,52.934852
87.345407,18,52.962374
317.423172,67,53.069091
214.717415,52,53.15288
75.408241,16,53.173763
74.671385,16,53.197445
89.359355,19,53.226847
89.499556,19,53.255856
263.673086,66,53.354207
92.889717,20,53.379128
122.611874,25,53.417424
234.242166,51,53.492627
102.100507,21,53.525894
85.27797,19,53.553075
141.603875,29,53.590112
170.699427,39,53.649288
83.158043,18,53.671231
115.715171,24,53.705
97.497553,20,53.736209
269.238121,55,53.827019
106.980911,22,53.857661
107.477479,25,53.894545
434.046858,93,54.037523
81.423077,17,54.061276
132.00472,27,54.095274
78.54349,17,54.121037
283.624665,61,57.485825
131.1269,29,57.538563
85.983174,18,57.569773
174.363634,37,57.636952
138.346036,30,57.692193
75.272141,16,57.719814
139.861427,29,57.773163
289.563688,63,57.889444
154.829424,34,57.949472
87.965502,19,57.981732
236.585684,50,58.071915
129.998897,29,58.124066
234.196916,49,58.211176
87.355056,18,58.241889
138.795858,29,58.293089
147.215325,30,58.344689
112.770334,24,58.385225
79.957056,17,58.41369
337.823712,66,58.535212
196.37353,44,58.612509
162.862211,34,58.671528
87.611461,18,58.701036
348.821136,70,58.826278
185.567865,38,58.892806
148.87212,32,58.947451
104.827283,23,58.986376
209.788625,48,59.074687
81.324149,17,59.102347
257.938348,58,59.206613
81.662921,19,59.23899
219.964414,50,59.327675
104.549414,23,59.36743
155.923262,33,59.425169
107.421665,22,59.462705
318.586312,70,59.591634
136.506789,28,59.641212
353.544791,85,59.796755
233.791793,49,59.882717
141.174059,30,59.934063
90.214658,19,59.965346
161.420922,33,60.022428
110.373532,25,60.06562
81.074964,17,60.094009
171.851494,36,60.156909
95.180282,20,60.191449
422.709058,86,60.349885
227.092807,53,60.444452
98.646073,21,60.480381
91.317022,19,60.512867
156.283344,34,60.572922
156.295508,36,60.636656
121.841579,25,60.682244
80.704372,17,60.711107
133.126374,30,60.763623
185.2163,45,60.842961
82.9726,18,60.872321
144.634214,31,60.924724
116.80397,25,60.966944
133.193085,30,61.019792
136.577741,31,64.306854
224.45832,47,64.383851
195.315545,43,64.451393
135.239135,29,64.498532
109.756337,23,64.535722
215.381128,46,64.606411
81.251951,17,64.630584
122.033067,25,64.667395
200.567567,42,64.735265
121.572244,27,64.773093
113.305057,23,64.800908
115.060923,24,64.83339
155.130336,34,64.884255
136.553436,31,64.922632
164.462758,33,64.974307
200.189922,47,65.046357
190.779102,40,65.112128
155.718131,34,65.162475
201.221705,41,65.225194
147.274123,31,65.274647
266.544422,55,65.362142
86.603764,18,65.386595
123.615051,28,65.430915
151.484395,31,65.4701
149.728045,31,65.510257
106.817866,23,65.543192
81.251395,17,65.569053
81.665517,17,65.59524
166.670058,39,65.649124
142.068817,31,65.693891
215.970183,49,65.77471
122.850031,25,65.806651
152.955082,35,65.854095
86.238523,18,65.878543
130.51007,30,65.921063
120.233019,29,65.958051
113.118184,24,65.995433
110.703794,23,66.032263
215.175028,47,66.100193
96.171757,20,66.131793
272.675727,56,66.218589
221.066113,55,66.30805
138.195882,28,66.352093
104.974977,22,66.386831
116.020285,23,66.421894
110.25345,26,66.460914
199.350816,46,66.534339
268.063066,60,66.621501
164.367805,36,66.670207
105.405571,26,66.706844
129.496448,27,66.748903
123.027616,26,66.786893
161.437964,33,66.834557
120.532142,27,66.876657
129.735305,27,66.912778
224.144054,48,66.980358
101.460187,21,67.009803
250.684546,49,67.080103
119.190618,27,67.117979
108.151545,22,67.150129
216.382159,46,67.210164
81.012528,17,67.236947
290.964777,59,70.530176
236.986765,49,70.608356
121.189018,28,70.656962
167.889468,36,70.717268
105.255586,21,70.748688
123.822219,25,70.788861
326.970196,77,70.906057
96.304946,23,70.937721
202.499616,46,71.011169
167.091044,38,71.069148
79.878635,17,71.094972
123.613899,28,71.136436
86.308105,18,71.165702
169.064162,38,71.229684
139.290505,31,71.284415
108.073087,23,71.321266
110.777405,23,71.355886
112.888938,27,71.402792
258.333457,58,71.501657
149.175349,34,71.556474
163.439932,35,71.621316
296.474534,68,71.749477
240.697934,53,71.846858
96.445561,21,71.883593
253.097991,52,71.977175
326.12901,71,72.110863
174.024156,38,72.181908
179.099549,42,72.258466
188.692068,44,72.339731
234.441397,49,72.431744
119.322517,28,72.482022
100.431023,21,72.518416
107.446228,23,72.559025
223.044523,50,72.653144
81.228537,17,72.682572
231.054906,46,72.766652
81.595604,17,72.795103
112.411842,26,72.841412
203.208128,42,72.917178
114.635428,27,72.965509
249.239993,63,73.085527
208.071089,47,73.175648
283.236367,60,73.284888
81.257881,17,73.313189
300.205761,65,73.434344
252.306931,53,73.530954
126.87396,29,73.582459
83.73474,18,73.612778
104.729181,22,73.651193
224.002687,55,73.752368
188.123195,42,73.827234
179.319845,39,73.89669
118.655159,25,73.941928
207.94081,45,74.023852
244.030112,57,77.38189
209.326683,51,77.468849
161.158876,36,77.523014
119.70862,24,77.558131
123.527463,25,77.596772
192.580921,42,77.665337
144.810858,32,77.717087
201.607905,41,77.776871
149.650968,34,77.833322
241.314749,51,77.916037
405.377671,92,78.06216
140.344176,33,78.115347
116.097541,26,78.156738
84.398432,18,78.183146
105.643591,25,78.219213
129.696423,31,78.26692
263.57227,56,78.351049
225.036255,49,78.425291
265.488125,65,78.522393
100.978494,21,78.553088
148.774954,34,78.594842
153.420701,34,78.646741
204.212759,44,78.703302
165.940779,35,78.758702
139.902346,29,78.803102
221.289409,47,78.869937
148.601346,34,78.918615
95.789041,23,78.95258
111.63965,27,78.990255
145.105882,30,79.03276
300.037147,69,79.124549
137.816565,30,79.162809
341.3864,75,79.279491
98.100082,23,79.310166
192.892994,42,79.374467
289.430422,68,79.470382
197.317928,44,79.5274
162.738044,37,79.582878
168.679351,37,79.634422
79.43675,17,79.654691
164.851747,37,79.696656
143.170058,30,79.736534
89.500235,19,79.767852
158.692573,37,79.813633
328.52681,74,79.916835
248.753155,53,79.99152
225.511354,46,80.04908
123.053303,27,80.087657
304.850095,71,80.200894
154.520777,33,80.251542
146.267882,33,80.305482
219.140515,50,80.376918
280.607992,65,83.611065
101.96453,21,83.639853
171.853299,38,83.69783
112.434831,23,83.735543
202.703548,42,83.796901
132.206221,29,83.84614
373.347746,84,83.979396
181.205992,41,84.042168
172.783685,35,84.091663
261.78049,60,84.185021
80.653753,17,84.21068
174.952432,38,84.275842
154.231361,33,84.328598
337.53437,68,84.439401
98.431415,21,84.470757
172.615616,34,84.52792
254.794719,54,84.610308
127.64913,33,84.666993
91.016162,22,84.70241
120.70442,25,84.741685
125.060481,29,84.789336
157.670599,33,84.838746
211.048483,48,84.918697
322.699617,68,85.028418
76.400046,16,85.051377
144.63488,30,85.099649
286.307243,71,85.208144
212.233425,50,85.290989
200.955154,44,85.356291
162.075129,34,85.406749
268.752418,62,85.495658
115.521496,26,85.531122
311.457746,70,85.637596
280.35487,56,85.720678
160.351198,35,85.776583
296.581591,65,85.876504
110.901209,28,85.914936
125.021551,26,85.950778
432.470893,92,86.093205
115.582777,25,86.128988
79.419352,17,86.151374
260.97012,58,86.238091
195.481487,44,86.299552
97.336869,22,86.335188
283.158724,56,86.420812
191.956161,43,86.483858
247.411698,54,86.569435
324.235206,68,89.84509
148.242879,34,89.898356
189.574062,40,89.961579
123.712577,28,90.004903
239.217994,56,90.090112
294.290328,61,90.185883
134.601848,28,90.229209
134.060584,31,90.280849
225.005836,53,90.362775
105.298255,24,90.397585
115.999254,24,90.429513
223.557261,53,90.511725
102.21031,22,90.546286
163.160043,33,90.595128
140.415407,30,90.638153
166.127112,36,90.686417
238.850834,49,90.761401
312.909419,65,90.8629
282.134169,59,90.952483
325.972205,69,91.060254
82.06618,19,91.085422
129.264164,29,91.129734
336.667155,70,91.239042
150.618882,33,91.290137
270.606295,64,91.390387
205.763644,44,91.461551
230.478387,46,91.536263
117.36639,25,91.575126
146.883355,31,91.626757
217.999198,45,91.710523
248.534457,57,91.816182
264.456144,52,91.912783
127.449298,30,91.968607
148.607367,31,92.023717
486.74429,112,92.206206
286.287003,63,92.296692
213.792587,51,92.368578
141.620627,30,92.413564
102.270565,22,92.449382
221.48316,48,92.516046
241.543552,55,92.591448
108.696059,25,92.631348
126.265708,29,92.675164
288.94161,63,92.767744
178.778576,39,92.818718
245.157989,55,92.903507
184.093726,40,92.96358
144.979812,30,93.005595
78.787892,17,96.147928
269.986021,62,96.245085
212.774308,46,96.313171
223.764564,55,96.404466
101.379125,21,96.438575
234.177482,50,96.523815
408.606573,85,96.660488
169.047807,36,96.717972
185.2099,40,96.777982
154.102,35,96.832179
137.159027,30,96.874641
93.671516,23,96.908614
471.073975,111,97.089131
240.469557,48,97.16159
144.026477,30,97.210082
151.819142,35,97.259056
407.952398,89,97.400357
149.885554,34,97.44825
245.093022,56,97.534805
293.17065,59,97.630306
242.636402,55,97.719967
163.155213,32,97.770243
216.07034,47,97.841601
252.470252,47,97.913203
209.058512,46,97.980918
220.809251,50,98.057382
162.405857,32,98.100835
117.513162,24,98.137244
143.610019,32,98.183454
268.278918,54,98.264678
243.182659,58,98.348658
150.043131,31,98.398001
113.067339,24,98.43437
310.359673,64,98.536203
346.32153,75,98.649104
259.710104,64,98.758277
165.052572,37,98.807565
88.348118,19,98.828819
285.033742,67,98.922102
358.058302,73,99.03697
156.788882,32,99.084889
189.454536,46,99.153996
84.284832,18,99.181687
131.835644,29,99.227367
181.1101,43,99.28594
98.878771,21,102.600916
164.385421,35,102.666618
143.450406,33,102.728179
302.306466,58,102.840584
115.218483,27,102.889532
232.956063,51,102.987003
215.368372,52,103.087103
304.991744,69,103.217768
146.763474,32,103.278205
210.163405,43,103.359532
83.651915,18,103.391638
147.381362,32,103.451584
311.51424,76,103.59929
260.396599,62,103.717632
173.626996,34,103.779866
158.153999,37,103.84988
120.487751,26,103.896841
161.071634,36,103.961798
201.798354,43,104.040779
256.76056,56,104.146587
99.944057,21,104.185699
185.856349,40,104.259733
144.01069,34,104.323252
141.155482,29,104.375632
126.315802,29,104.430487
84.867476,18,104.462794
224.057933,50,104.555974
221.599293,50,104.647519
201.218375,45,104.733389
150.742915,31,104.788021
109.286944,23,104.829569
190.357432,39,104.902478
176.138855,35,104.965981
274.753768,62,105.083835
271.558056,56,105.187315
248.682773,53,105.286691
386.504179,84,105.441927
377.22845,81,105.58469
191.547861,36,105.6339
224.800263,51,105.705353
307.992189,72,105.812839
226.681481,51,105.891613
107.86145,23,105.924862
152.603218,36,105.980803
175.881127,39,106.041432
164.185835,37,106.097844
120.01175,27,106.136713
245.942948,57,109.36627
166.262113,36,109.432417
448.516864,102,109.627288
304.181052,62,109.740146
394.0104,87,109.898019
116.570832,25,109.942183
152.076534,32,110.001556
229.529511,49,110.090832
200.73211,40,110.162625
241.7606,55,110.256216
215.101232,50,110.331496
72.684541,18,110.361314
160.598842,38,110.419077
215.524975,47,110.494878
145.441144,30,110.543388
154.166164,34,110.602497
196.301092,42,110.663952
195.853675,43,110.73319
338.484755,71,110.85131
287.563866,62,110.955086
422.656286,80,111.084846
144.519623,30,111.129841
206.731415,47,111.205352
176.459032,38,111.264537
252.689926,59,111.348144
291.946182,63,111.434855
216.231155,47,111.490388
142.706496,30,111.525496
308.248589,64,111.598902
229.813161,50,111.654827
144.896577,32,111.689701
231.370295,53,111.761448
172.728261,40,111.816972
257.158935,57,111.910651
169.681364,39,111.974004
157.671585,35,112.029314
287.275786,57,112.098098
237.996303,50,112.160041
251.592469,56,112.257752
345.921419,75,112.396026
129.579524,29,112.44616
206.451525,46,112.529179
388.565587,92,115.887411
153.031732,36,115.939246
477.090893,96,116.092835
360.951646,71,116.204765
200.676398,42,116.273233
399.377169,87,116.412348
138.245043,30,116.454566
299.883675,68,116.556393
161.391043,36,116.608829
85.927441,18,116.635716
86.722056,19,116.666393
199.013738,45,116.735684
279.947339,60,116.828303
208.528731,42,116.896465
143.006178,30,116.941598
173.850204,37,116.999594
233.932355,52,117.082974
135.543146,30,117.133258
213.601085,45,117.20346
247.858289,56,117.296084
261.59176,55,117.378231
158.362276,34,117.429435
306.348197,72,117.54522
174.281865,41,117.612292
79.239601,19,117.642672
125.601269,30,117.68857
145.222949,30,117.733564
213.459802,51,117.81544
274.726697,57,117.905645
170.158747,38,117.961075
318.408416,66,118.068283
458.290319,103,118.259247
167.696619,36,118.325635
186.727187,46,118.411315
308.460886,69,118.536089
270.144891,52,118.630665
182.338184,45,118.71252
114.88941,24,118.753985
183.986276,42,118.830512
289.817659,58,118.941744
244.474223,52,119.038071
215.012247,43,119.118154
235.157912,53,122.340207
216.02255,43,122.418783
280.131796,63,122.536061
128.329736,30,122.590349
122.270388,30,122.645666
296.993775,60,122.756444
290.80506,59,122.865932
314.573346,70,122.995276
276.890328,56,123.098858
305.390341,65,123.221729
187.56138,38,123.291114
197.229249,46,123.372443
174.371078,37,123.429302
226.941096,48,123.498277
105.126382,22,123.528559
190.664497,42,123.59037
221.212764,50,123.665678
233.17179,57,123.750627
260.564336,57,123.837291
211.361829,43,123.90162
317.637604,66,124.010934
322.403014,67,124.105012
209.659098,53,124.183185
295.340881,67,124.281784
191.843844,43,124.348161
221.191241,48,124.419675
293.761361,63,124.516456
187.523221,40,124.577502
86.89585,18,124.602211
295.667785,61,124.703569
233.273283,54,124.789109
294.572015,71,124.911799
119.170401,25,124.957601
216.78673,49,125.04923
185.516605,43,125.129533
428.679579,82,125.285131
291.037919,58,125.392554
219.947799,49,125.484754
241.636298,55,125.586622
442.372437,89,125.748558
490.502085,116,129.138007
206.903752,49,129.218781
85.277443,18,129.247228
90.869373,21,129.279867
228.262153,53,129.364225
107.804964,22,129.398572
313.922991,66,129.505318
205.177251,47,129.580389
201.584712,52,129.6634
128.395524,29,129.705296
267.568812,62,129.807741
229.21027,56,129.897898
339.763938,81,130.031652
185.728507,37,130.086151
216.398267,48,130.158633
108.191676,26,130.198673
208.512296,48,130.274645
188.702707,45,130.348998
217.177944,48,130.422246
328.205868,68,130.529947
319.904829,75,130.650746
148.302093,36,130.710308
216.761559,46,130.785717
341.932344,70,130.893489
104.684008,24,130.930501
177.530333,38,130.992908
227.518534,54,131.07762
290.770455,66,131.188419
273.614103,63,131.294305
243.564251,52,131.372079
75.536871,16,131.396714
108.552037,24,131.434176
256.122656,48,131.513238
288.476727,55,131.60457
136.298369,29,131.649779
252.929112,61,131.743137
121.116146,28,131.787337
107.392962,24,131.825479
343.618226,81,131.958686
216.083048,46,132.033521
359.491267,71,132.14616
171.275814,37,132.198909
187.505429,40,135.412343
122.634213,30,135.458453
252.987862,55,135.538825
226.553592,54,135.624068
302.555179,62,135.708658
197.513616,46,135.77379
203.639246,42,135.837092
342.270342,73,135.956135
353.356933,75,136.0748
303.698838,64,136.173339
232.012475,51,136.256008
325.242023,69,136.367419
188.377946,45,136.437875
257.065764,57,136.529815
254.817143,53,136.616468
261.186379,54,136.704661
178.272568,37,136.764526
105.312145,23,136.798278
312.522231,74,136.91689
183.478334,44,136.979683
329.107764,70,137.087449
205.205743,49,137.164099
243.027458,48,137.232955
309.861812,62,137.337713
243.919502,52,137.419212
115.885577,27,137.463062
247.645494,54,137.551497
91.021427,19,137.58068
374.595772,72,137.690467
204.816088,48,137.764934
241.034511,51,137.843086
354.823355,83,137.97741
266.349067,55,138.063497
150.554223,33,138.110531
159.668132,34,138.161112
190.698647,45,138.225687
119.233633,28,138.26419
145.66288,33,138.314674
344.226527,73,138.426827
122.152965,25,138.463785
309.50285,65,138.558002
205.377822,51,141.701868
253.420596,60,141.802062
473.774885,98,141.961063
283.589375,63,142.055707
354.833329,74,142.177862
164.691812,36,142.23727
213.185925,45,142.312052
248.831485,53,142.397294
229.374001,48,142.468942
132.407643,28,142.511995
164.969273,35,142.568919
239.010684,53,142.652043
361.731981,80,142.784469
173.239584,40,142.847648
313.700666,76,142.976393
153.594707,32,143.025315
438.30599,92,143.173604
244.682682,52,143.254125
188.9076,38,143.31633
247.694388,50,143.399251
233.01328,55,143.491935
176.554983,36,143.547698
204.507111,44,143.622352
284.999195,63,143.719592
152.313001,33,143.768964
144.77002,28,143.81207
146.77403,31,143.857882
247.479836,54,143.944358
214.219269,51,144.023411
231.721675,52,144.109287
278.128164,63,144.209925
252.675891,51,144.291626
210.984195,45,144.367517
192.182063,46,144.443603
116.0116,27,144.486733
291.954199,62,144.580264
196.811916,44,144.651814
244.628546,54,144.742123
219.345958,44,144.808712
319.322116,66,147.970011
194.296989,42,148.03134
267.492215,59,148.126937
353.101631,75,148.26422
165.676321,34,148.325087
154.949524,35,148.387051
182.44831,43,148.464908
355.065038,77,148.606241
311.14322,65,148.725428
230.105521,55,148.823122
265.32732,59,148.931474
185.371009,44,149.012256
263.686853,60,149.129376
212.203527,47,149.215405
223.761363,47,149.300638
204.915559,43,149.378563
281.18056,62,149.495213
160.606746,32,149.551436
217.546352,47,149.637236
278.215107,60,149.752046
488.37711,109,149.959908
177.984598,37,150.026836
277.483795,57,150.128332
235.832408,50,150.219645
166.992468,40,150.291296
179.626108,39,150.361705
296.857774,65,150.484283
226.547114,53,150.580533
240.879904,56,150.685163
191.21057,41,150.760063
239.032952,53,150.856156
278.404991,55,150.95625
146.803686,35,151.020686
214.122742,46,151.105255
237.51586,49,151.193282
324.076408,66,151.313761
207.539517,46,151.401747
150.450523,33,151.460877
277.869592,58,151.568944
257.094042,55,151.670765
256.312704,57,155.010399
173.810164,36,155.065343
250.588875,55,155.143824
303.934392,67,155.263362
115.07942,25,155.30717
294.589499,63,155.419043
218.639989,47,155.503104
138.763062,30,155.556152
333.133745,70,155.685078
324.138313,66,155.808853
375.579005,82,155.964963
258.336914,55,156.065963
210.198085,51,156.160973
484.638584,104,156.357989
248.716612,53,156.460231
172.553373,36,156.525025
185.542037,38,156.594855
216.498859,47,156.67992
152.823842,33,156.740354
327.744604,70,156.872967
172.293895,35,156.936303
283.074374,66,157.059535
191.04479,43,157.138015
205.978038,44,157.218326
348.470032,76,157.359141
229.654918,52,157.453873
139.532801,29,157.506503
161.180444,34,157.567957
255.005622,60,157.680671
211.163486,43,157.759662
262.367331,52,157.855531
136.883434,29,157.907069
363.95484,80,158.056559
220.238501,49,158.14552
264.350576,59,158.251618
200.558111,42,158.326475
202.172068,45,158.408664
239.842984,59,158.519022
130.663897,29,158.571432
223.975393,47,158.661285
516.793076,112,162.166787
251.966007,53,162.254936
268.874627,59,162.349793
291.870674,58,162.437583
483.92571,102,162.610264
258.076749,53,162.696329
202.579591,48,162.772701
140.339985,31,162.822008
148.222026,32,162.875667
275.351592,59,162.972057
260.433273,62,163.074545
348.471227,82,163.20516
176.690839,37,163.265136
327.774077,66,163.361646
309.936899,63,163.460442
184.732945,41,163.525525
284.623352,59,163.616381
228.991745,55,163.699013
305.269125,62,163.796839
352.954534,75,163.917538
295.854668,67,164.020679
365.370997,67,164.131411
220.295007,46,164.211419
277.722762,63,164.31651
242.05487,51,164.390289
225.700506,50,164.4753
216.890665,47,164.549448
152.142837,33,164.598484
263.957789,57,164.68734
282.891484,59,164.774427
219.875746,46,164.84592
199.123355,47,164.915556
343.343016,73,165.032992
220.987784,48,165.10261
204.816298,46,165.179113
250.366653,51,168.43959
178.284094,40,168.502768
250.592823,57,168.595039
257.298178,65,168.705642
314.041717,74,168.817539
217.663299,48,168.888965
203.549893,43,168.955691
435.183445,94,169.103846
302.109569,61,169.197003
389.381982,83,169.327907
131.121608,29,169.374197
160.520585,34,169.429376
403.594921,82,169.553109
308.330151,63,169.662572
208.559748,52,169.744549
339.551167,79,169.865689
245.519276,54,169.946793
308.558115,64,170.048699
196.934599,44,170.118683
278.952694,59,170.213096
427.693117,89,170.355986
202.68404,42,170.422971
309.627469,62,170.5234
278.115377,64,170.630597
409.234852,90,170.758804
322.065571,72,170.872841
219.346324,48,170.938001
245.405919,55,171.017664
314.253966,61,171.118633
260.235806,59,171.22339
271.965062,56,171.31025
222.78665,50,171.38644
304.190463,65,171.484877
349.522795,82,171.616322
272.851226,54,174.883654
255.358619,58,174.990857
156.380211,33,175.0496
169.11708,36,175.114526
257.68598,62,175.23015
264.003715,58,175.325271
189.560015,42,175.388102
255.268707,51,175.462249
290.982491,64,175.566952
178.807281,41,175.636014
146.125254,32,175.682139
326.491685,60,175.775688
313.858496,61,175.874169
307.980644,67,175.976216
101.496653,21,176.00762
439.116525,87,176.148042
323.768718,64,176.243438
252.989041,58,176.33545
280.156201,55,176.42083
200.113694,46,176.496275
282.303274,59,176.59596
393.800122,82,176.736009
215.037647,44,176.808082
337.292599,76,176.936947
240.785482,51,177.021904
367.036768,73,177.136081
329.266776,68,177.25063
234.012349,55,177.344694
433.621902,99,177.513713
379.243443,81,177.643957
346.801247,81,177.777697
421.96322,86,177.920029
367.362142,75,178.047334
240.811422,56,178.137572
368.071916,70,181.633627
234.576531,49,181.72743
199.765684,46,181.814314
185.210548,39,181.885214
262.352352,54,181.9867
326.568453,66,182.108707
343.589491,82,182.258097
209.948437,53,182.357232
237.192553,51,182.453247
264.896146,63,182.578637
320.319897,72,182.713942
127.932041,29,182.767251
340.879859,80,182.920409
215.401639,49,183.000879
199.1516,46,183.077543
155.825981,32,183.123554
215.876526,46,183.195735
105.163057,28,183.240433
258.638586,52,183.316548
239.648234,54,183.405439
274.983869,62,183.501273
333.651385,80,183.634101
220.818465,46,183.706774
186.990285,40,183.767334
287.904004,58,183.858918
254.324315,55,183.949194
154.323714,33,183.999257
285.449406,74,184.121371
376.405593,88,184.269746
249.914338,49,184.348577
207.698367,48,184.428651
205.453753,43,184.492928
253.429894,53,184.579796
223.078405,48,184.656708
285.202935,67,184.763305
271.741322,55,184.847446
171.482844,39,184.907267
232.096038,51,184.981077
345.338994,67,188.156088
242.659965,51,188.236219
214.813105,46,188.308306
218.874649,54,188.392264
262.329526,58,188.481552
254.090319,56,188.564046
215.519895,43,188.624381
262.143367,56,188.709066
464.259989,105,188.856353
235.731907,49,188.929961
330.806033,65,189.019339
311.557574,63,189.108835
156.490376,34,189.153341
280.919118,56,189.229146
104.400256,23,189.263186
237.849793,53,189.345271
297.504969,66,189.441402
281.540957,58,189.521687
312.800323,62,189.621464
247.697562,53,189.709356
215.243286,50,189.782354
266.439905,65,189.884214
292.944153,64,189.985151
367.545224,76,190.096202
173.227304,40,190.16163
371.274263,76,190.276042
234.091374,53,190.357496
270.355687,61,190.447656
548.385006,107,190.632155
235.515491,53,190.721524
371.976828,75,190.835806
135.809323,28,190.878672
270.706195,57,190.968524
178.620145,39,191.025759
452.995937,97,191.178173
172.58611,39,194.324878
433.462477,77,194.45701
247.798908,50,194.54113
236.084326,53,194.623461
120.180918,28,194.666568
259.695956,61,194.757567
197.225129,43,194.82561
314.171228,61,194.922408
460.471267,99,195.081059
343.231582,71,195.192322
227.363423,53,195.270337
223.217828,49,195.346171
438.014554,101,195.512268
317.09064,62,195.60356
248.346559,59,195.694509
254.29699,58,195.781982
151.137129,34,195.824695
251.508571,54,195.907499
302.111319,66,196.001074
285.388533,69,196.116137
328.25792,75,196.236689
394.901628,90,196.380758
325.144844,62,196.480343
252.78688,54,196.570866
359.230079,73,196.692946
327.337301,71,196.804722
146.349351,33,196.85672
372.508151,82,196.984615
225.781338,50,197.063525
286.345746,65,197.164793
313.273159,67,197.271849
253.801749,57,197.368037
235.694066,57,197.455367
441.009762,92,200.829325
343.551216,68,200.957897
127.944753,27,201.007065
233.184963,54,201.109226
300.766914,60,201.224319
485.173726,110,201.435076
202.850785,42,201.514475
361.354201,70,201.646125
244.717667,57,201.754071
347.237904,76,201.89901
226.871285,49,201.989643
381.95817,79,202.137577
392.778152,73,202.274879
221.20317,46,202.360428
193.526257,42,202.437095
272.808308,55,202.539814
237.894851,51,202.635677
224.585257,48,202.722838
270.244716,59,202.833424
222.488385,47,202.904125
213.962037,48,202.984519
231.549839,48,203.064364
223.3294,47,203.145159
387.161721,81,203.271196
322.234422,60,203.363785
253.888008,62,203.46277
136.052255,28,203.507695
227.369205,53,203.596744
159.414427,36,203.655507
313.386265,64,203.753669
191.126284,42,203.815564
317.245384,66,203.915834
346.245908,66,204.012487
129.878173,29,204.057201
443.844413,97,204.207622
232.587952,48,204.281458
346.005968,79,207.541844
141.172993,32,207.599552
248.580599,51,207.693815
192.950644,44,207.773209
170.395446,39,207.845726
161.214224,35,207.907513
309.294673,62,208.02042
289.304703,60,208.128212
143.287082,32,208.183877
234.632937,49,208.271259
355.985471,86,208.433308
212.66567,45,208.512459
159.621754,34,208.573076
232.105692,48,208.65961
97.882826,23,208.699505
203.044005,44,208.778061
394.766637,92,208.948166
523.023746,112,209.151809
206.435843,43,209.230134
143.57965,33,209.288098
219.722962,47,209.372201
207.613015,46,209.456464
155.456144,32,209.514126
433.518638,87,209.67228
206.706526,47,209.75815
342.937926,72,209.891556
125.570866,28,209.94096
97.807698,21,209.977571
281.542748,53,210.076044
310.308864,59,210.18453
247.142273,53,210.283268
209.598276,47,210.371209
186.476459,40,210.444143
403.25628,84,210.600773
197.100147,42,210.677187
374.651387,83,210.833804
297.506714,64,210.941435
341.533218,70,211.04807
291.719747,60,214.300345
240.262796,59,214.391527
233.610321,57,214.471985
259.211386,57,214.551276
246.833728,51,214.618431
302.532657,65,214.710275
263.771284,55,214.793489
416.045531,83,214.909435
328.941155,65,214.993752
415.884415,96,215.125155
310.693526,63,215.211735
253.532883,52,215.283051
234.38828,52,215.35323
167.201274,37,215.40665
229.822243,55,215.493102
287.938394,56,215.565304
293.252953,68,215.673155
308.903091,68,215.781656
89.314512,19,215.811945
377.670802,76,215.939918
290.774836,59,216.026429
95.659967,22,216.056313
305.785279,68,216.172189
381.868729,90,216.312777
290.075116,62,216.410635
258.439544,57,216.501566
126.605574,26,216.538349
204.535659,44,216.60438
266.489895,59,216.70448
323.682536,67,216.813167
277.251116,63,216.920129
431.486301,89,217.070413
232.391349,53,217.159548
147.443532,31,217.206706
251.684407,54,217.291434
181.553691,42,217.357329
267.127687,64,220.690034
198.771461,44,220.772511
204.356969,47,220.860769
314.248351,67,220.989708
176.329471,36,221.057609
366.816251,76,221.202923
263.05086,57,221.311399
173.848275,36,221.378026
458.053133,101,221.546316
320.033051,66,221.658285
239.985909,53,221.746067
237.658505,51,221.824821
228.189834,51,221.899628
174.994505,36,221.9471
324.6134,63,222.044043
337.679347,65,222.122187
287.883648,63,222.21587
268.415253,54,222.297651
356.58305,70,222.393875
200.070442,45,222.465962
173.145584,37,222.525349
200.783029,44,222.596404
163.128823,35,222.649323
230.855631,48,222.717874
378.412995,74,222.831898
265.225453,61,222.938569
336.093154,69,223.037357
319.371961,65,223.140309
230.530375,55,223.230966
232.791406,49,223.298788
212.898991,48,223.373706
236.770817,56,223.457629
185.817653,40,223.523843
221.641768,53,223.606909
244.241619,53,223.691726
258.81055,53,223.770245
278.185816,60,223.862246
251.598471,51,227.182508
217.388038,50,227.262253
395.709202,82,227.392343
366.32073,77,227.521484
243.033795,53,227.608738
541.781963,107,227.784011
293.647718,65,227.885526
313.53444,67,228.010154
292.657282,59,228.117663
357.307846,72,228.250191
290.007275,64,228.36698
321.906539,66,228.48625
235.636071,49,228.5753
261.252125,64,228.691631
152.756613,35,228.755925
307.409164,62,228.871631
289.151724,65,228.993132
223.420945,49,229.082702
196.326561,41,229.158639
297.886838,66,229.282128
148.995692,34,229.344002
372.979757,75,229.485612
278.393674,54,229.584689
160.156585,35,229.648018
169.951015,38,229.71676
371.845444,76,229.861266
257.649311,58,229.971275
237.568437,50,230.062901
297.206876,67,230.189005
336.750652,78,230.335717
135.819146,29,230.38869
100.958611,23,230.429163
212.55269,45,230.512931
375.420935,82,230.671778
405.865671,75,230.811419
210.509882,47,234.17007
473.57848,109,234.350187
310.291935,66,234.447668
208.604862,48,234.529013
269.29484,65,234.638693
200.682794,44,234.701753
240.623257,58,234.791222
253.128823,60,234.896033
249.184242,52,234.986112
425.620755,76,235.109983
268.033315,58,235.216388
454.231162,89,235.386864
184.671048,40,235.460112
343.037707,74,235.600926
202.812216,43,235.679799
426.391996,81,235.832419
371.160379,77,235.979939
292.104952,67,236.107503
519.239029,110,236.322819
407.28658,81,236.477478
298.389461,64,236.599229
347.799884,72,236.734572
356.124966,79,236.887614
256.888076,55,236.991244
383.691876,80,237.144362
198.02497,42,237.220591
395.886478,81,237.376863
265.167571,66,237.502354
316.080709,61,237.616689
335.064132,72,237.750048
260.37503,49,241.034264
419.271442,90,241.186873
193.941166,41,241.256549
287.165837,55,241.341392
278.332132,60,241.434743
164.712801,35,241.493369
244.05938,53,241.583897
244.555195,56,241.679281
272.935788,62,241.786513
292.183919,60,241.881768
280.359608,66,241.986616
99.945576,21,242.021691
131.11702,27,242.062484
281.26388,65,242.173092
285.924954,66,242.279189
269.775852,55,242.371359
210.10439,48,242.450787
286.633174,66,242.564916
340.178647,75,242.687202
266.7928,61,242.77527
230.772172,48,242.844508
261.905453,61,242.944532
290.948631,62,243.046788
289.392299,60,243.143158
391.68965,84,243.284463
229.275249,52,243.365828
275.377378,56,243.45213
222.574492,46,243.528019
272.065491,56,243.61996
212.583854,52,243.69814
273.237422,64,243.799282
269.09631,53,243.889936
187.432673,39,243.944364
142.053229,30,243.991804
294.610734,62,244.090107
348.582628,73,244.208312
372.148902,91,247.461292
325.814231,76,247.608198
361.87337,81,247.760679
255.618794,55,247.865902
122.186835,26,247.91227
265.039587,62,248.029674
153.692082,34,248.091277
179.513151,39,248.162366
257.916961,60,248.274761
467.658618,94,248.453042
277.61981,61,248.562325
244.591865,52,248.656856
247.836156,50,248.743993
346.324695,76,248.881887
337.824116,78,249.024599
315.48265,63,249.135507
303.016419,61,249.246852
215.591051,48,249.334395
127.852567,29,249.386892
317.90011,72,249.516375
245.171137,54,249.616335
273.064694,62,249.731677
404.005024,84,249.890215
278.966758,70,250.019764
334.856481,68,250.144197
264.237455,54,250.240506
329.868455,67,250.365591
211.771431,50,250.464773
324.643573,71,250.596829
331.164223,77,250.740983
237.576289,55,250.842916
214.939985,52,250.941073
457.925263,90,251.115378
240.963193,52,251.208859
234.434705,52,254.460432
182.407186,42,254.526945
435.277885,95,254.688523
96.662026,22,254.727459
306.850465,66,254.84251
274.317949,56,254.931305
269.364818,64,255.036586
267.019417,59,255.144014
394.488277,88,255.314884
420.906134,90,255.486379
287.262574,56,255.592187
332.075738,64,255.713509
233.406253,50,255.81077
248.88625,52,255.907484
320.820664,75,256.052265
270.833777,62,256.170928
398.576,91,256.344708
210.753315,45,256.427633
314.267998,72,256.565965
260.700138,59,256.676993
352.96814,77,256.826445
254.204467,53,256.927145
241.398527,50,257.022212
345.39765,70,257.156176
348.118859,73,257.293326
277.020564,57,257.400881
191.055933,40,257.475335
362.399395,76,257.620411
318.969844,70,257.750515
212.935212,49,257.841412
174.506672,38,257.910101
345.540731,72,258.048497
337.152505,78,261.503599
244.132352,51,261.588504
216.847782,52,261.671937
226.892006,51,261.75976
245.235246,48,261.837845
311.129853,64,261.941255
306.363876,65,262.05013
237.348032,57,262.143722
158.472937,34,262.199737
231.694499,49,262.276972
339.305531,74,262.400183
256.786376,59,262.491326
296.559959,71,262.608084
199.032858,44,262.673197
229.562493,51,262.750403
249.445703,51,262.829557
272.874539,55,262.917023
291.698237,66,263.023679
93.130599,21,263.055981
309.205838,69,263.168492
335.245085,66,263.271873
345.661582,67,263.377774
378.075177,76,263.506362
407.316045,83,263.640404
282.00612,59,263.733229
378.030006,78,263.857328
227.208532,49,263.935669
354.037688,72,264.053349
389.834133,82,264.183931
193.568441,42,264.253037
265.090809,60,264.355926
256.347096,56,264.426811
346.8801,77,264.556177
264.158513,55,264.64307
560.12874,121,268.182813
304.476945,70,268.299995
225.986267,46,268.377898
284.459585,66,268.487655
247.461106,59,268.582497
337.643272,71,268.723285
285.120557,62,268.843903
270.564377,57,268.952451
260.462063,55,269.05335
334.061854,74,269.192837
356.020414,76,269.336988
358.111583,67,269.466449
358.552285,77,269.615658
260.3803,54,269.715848
313.168433,64,269.838679
328.159536,69,269.971013
351.869838,83,270.128512
219.263728,46,270.198181
259.474674,52,270.277622
330.45394,66,270.389188
237.385084,51,270.473643
177.103255,40,270.526849
343.093568,80,270.63705
271.337495,58,270.713773
213.767632,49,270.79083
419.781026,93,270.938723
309.532262,72,271.055547
394.418692,91,271.182543
248.815719,52,271.264648
98.67668,23,271.29198
222.736748,44,271.357332
332.624719,75,271.481491
377.58706,79,274.700505
347.563132,72,274.823174
328.739597,70,274.944069
391.233854,77,275.074544
386.690629,86,275.226347
379.324453,79,275.366895
451.500869,96,275.535676
405.716715,88,275.679217
391.287939,81,275.810585
444.614132,93,275.952864
330.054102,70,276.063331
246.926417,53,276.139113
320.621155,64,276.242483
422.679245,93,276.394157
239.960092,51,276.480285
386.628476,76,276.615641
346.309992,79,276.766512
357.726648,73,276.90142
219.265234,45,276.983945
307.804383,68,277.11169
332.184264,65,277.232409
350.092793,76,277.372757
324.463532,62,277.483085
255.15292,55,277.581241
404.762253,80,277.727085
235.287125,47,277.813635
263.683887,58,277.921967
342.20643,73,278.059008
280.560205,57,278.16548
479.276569,92,281.717982
184.594999,40,281.78367
258.777226,55,281.877386
351.201832,74,282.008418
178.314286,38,282.072992
431.278973,98,282.235087
375.778405,73,282.35592
205.351741,44,282.429722
259.737233,50,282.513135
295.03169,61,282.61379
211.764729,52,282.691605
124.185797,25,282.730838
280.574921,58,282.817176
259.553405,56,282.912129
307.304578,73,283.029203
246.128001,51,283.111435
377.053027,85,283.247476
337.774914,68,283.354201
295.826086,67,283.456486
366.509306,83,283.594632
231.049989,51,283.674741
274.293727,60,283.765136
293.904476,60,283.855285
329.225557,68,283.958886
399.565245,98,284.108148
295.368669,64,284.206028
449.478741,89,284.340731
345.825554,72,284.455192
321.96967,67,284.565176
386.250256,79,284.697819
268.493801,61,284.772846
347.741036,77,284.885413
240.566952,53,288.026263
458.507891,108,288.222647
227.370529,50,288.307474
253.10611,61,288.410153
312.440081,70,288.535441
357.408945,68,288.651915
312.58732,62,288.755359
194.952568,42,288.820967
276.625869,54,288.910282
322.151808,70,289.035577
212.910519,49,289.116554
482.05241,112,289.303893
343.583278,70,289.41895
352.624629,79,289.549149
389.022662,84,289.692229
180.272669,40,289.752314
351.029727,77,289.875999
551.341455,108,290.051676
238.872547,59,290.14607
322.522242,74,290.265487
303.226203,63,290.35637
373.288007,81,290.48385
284.209712,66,290.582967
94.106188,20,290.607822
238.497412,53,290.683451
234.343427,49,290.764856
457.183457,90,290.902602
363.802647,83,291.023841
395.207204,95,291.153732
209.732314,49,291.227132
231.276541,48,294.479298
343.922606,70,294.598261
287.654336,69,294.712512
148.296552,33,294.76239
128.720681,29,294.808468
280.980265,66,294.919173
230.124682,57,295.013494
170.672692,37,295.073678
287.097303,62,295.184712
319.974504,75,295.317691
193.427255,43,295.38973
88.84155,19,295.420502
263.931382,53,295.511441
282.565039,61,295.620082
321.206279,69,295.741548
243.923872,53,295.832604
188.982338,39,295.895203
373.933769,80,296.026468
650.65097,143,296.263195
284.077588,58,296.357232
348.421452,69,296.466601
193.837333,45,296.53947
374.600552,73,296.657456
237.097193,53,296.745745
260.111585,56,296.835298
135.855081,29,296.877553
625.902684,138,297.102094
280.179037,64,297.20834
203.113069,46,297.292455
373.190254,80,297.444239
189.941222,42,297.52212
384.099646,80,297.673957
408.090016,80,297.824787
263.756285,55,300.946287
341.409974,82,301.074379
389.890222,84,301.214662
430.802111,88,301.355611
229.765534,53,301.444606
275.81793,65,301.553228
226.573439,47,301.629642
360.837066,79,301.763313
304.702279,64,301.87492
299.312912,61,301.975043
329.900197,66,302.086826
428.931832,94,302.254389
278.936445,57,302.353237
426.644785,88,302.507028
206.309238,47,302.585521
407.241211,86,302.728254
254.683115,51,302.809796
305.205099,65,302.911378
159.77472,38,302.971946
256.523305,58,303.070946
257.032792,62,303.173263
199.607033,44,303.242743
250.606539,59,303.325304
443.097295,91,303.459841
311.918726,72,303.577324
252.364599,54,303.678146
293.549814,62,303.790751
269.521712,57,303.895501
267.828356,62,304.010663
377.551388,85,304.169158
271.03479,61,304.281788
367.995503,82,307.578654
277.904022,59,307.682217
205.985161,49,307.763492
399.506977,100,307.935784
312.053856,70,308.052926
222.664858,48,308.133397
236.971471,48,308.217262
300.82939,60,308.316426
402.644382,90,308.470069
298.400668,66,308.583733
294.538921,61,308.694398
310.788695,67,308.810317
412.945225,86,308.960579
370.423047,80,309.097524
336.342418,74,309.230882
281.964187,66,309.345298
246.992595,57,309.43668
327.422721,72,309.551109
211.538209,47,309.620256
341.527967,78,309.752224
224.450795,48,309.834154
251.027953,55,309.918313
312.356025,68,310.025496
331.338477,68,310.139262
441.922379,100,310.304924
278.603319,56,310.392409
272.798308,57,310.489523
346.077078,69,310.597193
323.350533,65,310.694009
294.795314,59,310.778671
269.619423,59,310.866838
352.943581,82,314.468076
260.990599,56,314.572724
271.41955,62,314.687923
291.205051,58,314.797063
284.470276,60,314.91398
251.388675,55,315.019894
312.017358,66,315.152318
278.088049,57,315.266422
278.320951,55,315.361389
267.818194,66,315.471281
366.868837,73,315.594804
379.615989,88,315.744957
336.874124,79,315.886687
329.283991,67,315.999848
241.567415,52,316.086434
377.042851,85,316.239656
249.50094,54,316.326924
208.98333,47,316.401851
216.685529,50,316.483407
263.685095,61,316.583021
264.553718,60,316.677595
234.179232,50,316.758487
392.817613,83,316.891689
349.878903,80,317.01702
233.897546,55,317.106497
394.583051,97,317.265388
376.82539,79,317.383958
262.85199,60,317.48075
351.648939,72,317.585328
282.679891,64,317.68009
243.078688,53,317.756541
372.152469,82,321.098236
374.148702,71,321.217764
287.17008,60,321.320314
344.46454,79,321.465866
262.320477,61,321.566177
337.711437,70,321.684341
304.844541,65,321.8015
308.364616,65,321.917927
389.581578,77,322.050588
273.702458,64,322.167173
330.404633,77,322.305167
298.243881,57,322.393359
201.786132,47,322.470127
307.529733,64,322.576292
385.645995,85,322.730092
284.143141,55,322.81405
366.289393,72,322.926909
367.449037,84,323.066684
376.950824,80,323.195823
296.915604,59,323.291354
207.032201,45,323.359206
269.488939,62,323.454367
348.432412,69,323.561347
223.853797,52,323.635206
291.095279,70,323.745685
547.369847,113,323.930277
322.446068,71,324.041282
392.479295,89,324.179109
335.737104,65,324.277479
231.442135,47,324.34416
251.593478,58,327.50251
255.697532,59,327.598487
436.097132,86,327.740274
382.626099,83,327.882952
353.975188,79,328.019255
288.360958,61,328.122907
410.063263,86,328.269963
268.275595,62,328.377238
380.897126,79,328.514779
288.469791,67,328.634403
471.132007,98,328.806136
287.891099,63,328.920521
296.265637,70,329.039659
335.479063,71,329.160536
275.32281,57,329.259056
342.225038,74,329.382584
364.821099,72,329.506671
306.988301,61,329.605552
269.851786,57,329.701444
243.126687,55,329.790596
359.777467,81,329.931927
368.80558,83,330.075059
309.376158,66,330.183577
297.384601,64,330.287926
332.768267,82,330.414495
491.244116,112,330.586128
238.254648,50,330.66601
354.945985,76,330.78895
188.837386,45,330.852398
313.668892,72,333.998772
351.207504,75,334.14193
487.604517,100,334.336887
270.950164,55,334.443795
289.67192,61,334.558537
363.27268,87,334.73604
290.933028,66,334.867766
323.434777,63,334.989846
217.223043,51,335.089897
283.880566,67,335.223714
257.530091,55,335.332428
405.832291,86,335.503351
298.056872,61,335.627996
196.121692,45,335.715694
264.631948,55,335.822018
288.657193,63,335.941821
407.540095,99,336.135886
315.737124,65,336.265265
370.045157,85,336.439043
261.674765,61,336.562716
358.498,82,336.717731
200.190124,43,336.780405
414.538582,80,336.910817
418.424356,88,337.047749
318.391226,66,337.152024
295.929563,61,337.244441
415.746263,80,337.368781
256.527686,62,337.455224
253.001593,56,337.549761
189.102163,42,337.601704
226.604546,48,337.672579
437.464767,83,340.807551
382.131101,74,340.927408
168.63502,37,340.988615
528.670274,114,341.17741
378.838459,83,341.313915
253.018877,60,341.41536
391.985773,85,341.5614
249.596616,51,341.647825
291.864476,65,341.751168
373.903065,81,341.892781
424.245884,93,342.045898
186.150069,45,342.125109
444.782559,91,342.273938
484.922907,101,342.448007
264.980255,59,342.548806
239.512765,55,342.642422
348.71271,71,342.758999
322.768075,67,342.861422
240.010209,51,342.942918
255.672714,62,343.034845
336.071964,75,343.139853
308.848111,72,343.257706
441.238839,96,343.416388
106.792168,23,343.447923
338.328241,69,343.556889
298.199064,61,343.651508
168.116701,36,343.711532
251.863051,60,343.812402
232.814932,50,343.895389
279.232435,60,343.988204
362.04788,83,346.738945
372.972145,75,346.859097
129.287334,26,346.896758
300.029913,72,347.011629
472.207105,96,347.161195
441.286416,96,347.313269
341.07363,82,347.446194
283.98306,66,347.549377
179.841647,39,347.6089
237.029088,61,347.705568
226.005156,50,347.779762
471.061575,94,347.930981
269.507352,54,348.018978
478.456401,107,348.185864
291.490908,64,348.292313
365.588945,75,348.412737
275.470896,59,348.507886
535.568928,118,348.70783
289.341567,65,348.812646
353.606522,80,348.943606
326.372791,77,349.081336
279.210181,62,349.189991
378.958572,73,349.317443
393.089007,76,349.447796
379.363944,86,349.597802
269.303155,61,349.697507
285.482145,69,349.813145
277.750139,59,349.914287
295.258153,71,353.146819
281.674974,65,353.271708
237.844917,54,353.373917
247.333266,53,353.474105
255.890683,57,353.584059
511.188513,112,353.802056
314.193335,67,353.927678
461.447251,109,354.142542
222.509196,47,354.23127
371.15915,84,354.399275
222.853132,48,354.489707
273.225029,55,354.592298
228.530387,49,354.683074
394.998841,88,354.856311
243.278699,53,354.957428
237.665744,56,355.051784
364.516015,78,355.190413
304.558701,61,355.294677
395.687147,93,355.458156
271.58341,54,355.549873
276.896529,56,355.651868
314.642964,64,355.765033
211.131775,44,355.839209
392.037827,76,355.976161
274.550013,58,356.07557
227.78381,48,356.157135
260.490728,53,356.242906
337.31578,66,356.341364
137.500092,33,356.394592
280.533218,62,356.488986
407.480595,88,356.630152
382.251176,80,356.752326
413.040479,91,360.051943
202.288741,45,360.132613
201.070665,42,360.208092
330.952563,71,360.339367
392.510307,85,360.49671
336.398321,72,360.627794
289.191067,68,360.756267
195.756164,40,360.826708
446.967203,97,361.008265
465.966722,90,361.174622
361.30229,80,361.331061
339.598008,69,361.459406
282.874252,60,361.571367
362.234448,73,361.707598
400.932473,85,361.861514
314.778545,66,361.984193
228.23194,54,362.082444
330.930007,70,362.214848
240.478558,56,362.323074
227.696735,52,362.423774
330.362151,68,362.554938
320.300808,63,362.678915
327.873637,65,362.800476
420.778214,92,362.960326
266.082341,63,363.074679
267.355028,60,363.178147
314.659188,66,363.289224
203.120819,48,363.364051
360.406833,79,363.489923
389.800522,83,363.63033
238.185555,55,366.86212
315.391689,66,366.969679
285.526769,61,367.063356
355.39987,74,367.175718
270.281733,57,367.257715
355.020173,81,367.385715
283.5682,60,367.477016
332.909764,79,367.600823
236.342624,54,367.684663
391.712911,84,367.820725
297.024432,70,367.926495
315.305759,65,368.028845
222.186249,51,368.101384
341.78094,72,368.217243
523.53876,107,368.394207
469.424046,110,368.579098
326.038447,73,368.700666
369.77144,74,368.81693
214.833574,48,368.896088
367.356101,79,369.027217
238.215755,53,369.113423
232.232025,53,369.203959
257.853655,50,369.285593
215.829359,46,369.360546
409.732709,78,369.487048
244.197481,56,369.575395
479.200259,103,369.753767
196.293268,43,369.818627
264.455969,55,369.910215
270.971817,64,370.005602
279.003746,60,373.342586
313.42705,67,373.468704
356.327495,71,373.601673
390.137024,87,373.766139
445.061517,90,373.935368
342.008605,80,374.088521
416.84533,89,374.256674
376.618341,77,374.402043
364.456167,77,374.549779
262.860447,57,374.658965
362.424649,84,374.813627
271.599098,54,374.90267
289.751289,66,375.010525
272.325917,64,375.115047
391.966224,85,375.260087
267.367022,55,375.351883
437.889873,100,375.519965
222.105967,52,375.606353
335.45486,73,375.733023
143.137973,33,375.786404
396.798565,92,375.956312
252.131836,57,376.046995
322.419169,73,376.170064
313.565688,68,376.292359
227.299669,52,376.381109
277.241283,64,376.483825
345.941462,69,376.594896
227.068961,47,376.662585
282.595215,65,376.763955
405.603099,85,380.012361
301.308129,67,380.140286
273.005421,57,380.24594
297.391139,61,380.362747
350.617204,70,380.491415
363.869575,72,380.627903
389.774726,83,380.783893
328.164533,78,380.943719
307.056569,69,381.077894
302.383837,68,381.202244
370.592234,76,381.343177
481.359403,92,381.513345
296.746533,70,381.650152
290.934858,64,381.773215
227.22914,53,381.875047
247.959577,59,381.987098
362.910033,74,382.127173
175.591504,37,382.196656
234.162409,51,382.29377
313.800382,69,382.425946
315.494536,63,382.534349
293.525776,59,382.637469
341.270896,68,382.766686
328.978615,69,382.892389
289.387118,62,383.008089
494.057264,96,383.193359
230.742167,48,383.279522
315.173645,65,383.400679
565.290052,110,383.605945
236.425562,53,383.703666
439.68699,98,387.045372
258.286972,57,387.140093
493.743722,104,387.313961
298.918127,69,387.426881
80.888634,18,387.454232
348.163238,70,387.573116
359.128903,69,387.683001
481.638976,96,387.839795
166.636638,36,387.895391
194.339875,42,387.954065
304.738902,69,388.068326
292.579182,58,388.160595
316.471771,64,388.254725
276.754712,58,388.341298
331.832768,77,388.472412
327.304742,69,388.590841
348.901907,81,388.720991
486.623555,112,388.90665
429.603945,82,389.041745
243.488613,55,389.125888
575.744219,120,389.33012
389.782688,86,389.481864
222.865005,48,389.551493
251.482112,59,389.640868
274.646464,55,389.726183
441.797197,92,389.857936
376.725767,76,389.991165
388.881376,80,390.137462
313.787243,63,390.240745
199.059217,42,390.306698
251.070019,50,393.564342
289.590458,58,393.668632
310.929532,72,393.810124
263.520184,55,393.911258
324.194259,64,394.031448
403.598047,94,394.208571
195.63724,44,394.28944
530.300152,106,394.49176
339.374406,67,394.617048
371.434239,93,394.794649
411.070139,79,394.944049
685.389247,143,395.22348
353.441251,67,395.351384
352.837942,70,395.482164
325.325087,67,395.60551
477.907835,89,395.776062
217.413903,48,395.865126
305.985088,64,395.985043
430.558009,86,396.144178
310.231001,74,396.270365
331.150678,72,396.393667
313.127014,65,396.498751
413.556378,83,396.627542
381.93949,76,396.750755
227.786836,49,396.831754
244.135895,58,396.928028
285.995543,63,397.032132
317.50924,62,397.131612
237.109161,48,397.206489
245.458118,60,400.585499
264.969109,54,400.684725
280.910168,63,400.806169
194.942193,41,400.880535
435.242528,83,401.040399
239.236213,55,401.147042
341.263853,69,401.277298
274.086286,60,401.395643
256.583146,55,401.498819
254.831218,52,401.599333
350.309721,82,401.760296
249.899421,53,401.863349
293.48836,68,401.994517
304.610406,68,402.125097
315.242699,65,402.247088
157.56928,35,402.310531
363.23568,69,402.438981
280.791229,58,402.547495
348.352317,72,402.688744
366.529545,72,402.822487
396.243377,86,402.990234
208.497892,43,403.067902
417.574051,97,403.257363
570.10022,112,403.468792
308.960754,70,403.602175
261.28546,62,403.720177
341.316109,70,403.852755
300.506036,58,403.957727
476.360019,105,404.153359
450.169711,96,404.335853
230.877686,50,407.605028
271.138226,56,407.709012
349.114601,78,407.855578
246.605403,51,407.950612
255.456813,57,408.058991
372.470759,73,408.194412
335.409843,67,408.320142
283.588304,59,408.430309
314.463317,62,408.54583
366.425181,81,408.694005
234.675321,57,408.801757
292.213489,67,408.928104
227.68822,49,409.017484
265.748125,56,409.120523
297.501363,67,409.245291
282.071263,62,409.35992
237.335959,50,409.454209
379.668099,78,409.603735
322.552659,70,409.739108
321.250907,67,409.865507
239.678613,57,409.973439
330.845427,68,410.104996
257.974118,56,410.210616
292.212479,61,410.324652
291.018297,67,410.452904
295.716338,60,410.565573
407.243452,80,410.719967
241.876696,52,410.821789
289.939083,57,410.935461
207.773958,45,411.018474
220.591922,46,411.104073
287.898497,58,411.213127
221.05154,52,411.316167
108.922743,24,411.359674
347.859734,72,414.443237
316.086148,63,414.545149
352.974034,74,414.664277
324.784265,70,414.76829
182.072524,41,414.828845
198.808502,44,414.905824
384.284793,77,415.030267
188.490206,39,415.088764
347.615802,70,415.207308
352.518277,78,415.346784
231.769371,53,415.449093
255.314616,57,415.558413
317.346605,67,415.68494
405.475509,87,415.852416
324.073528,71,415.990954
276.802432,59,416.101758
212.633317,46,416.186387
247.733053,52,416.28114
292.097343,57,416.386618
515.094626,108,416.59241
241.553056,55,416.699883
330.549088,70,416.833847
353.226859,72,416.968842
392.398468,90,417.141826
425.75991,100,417.342117
372.476191,73,417.479581
338.668623,75,417.625193
267.786648,58,417.738024
423.23568,77,417.884442
263.453358,54,417.98286
370.053297,86,421.274883
224.143514,47,421.357394
325.370311,72,421.472333
335.053156,80,421.604064
521.256535,106,421.778845
274.264292,56,421.870656
173.802446,38,421.930238
273.294692,58,422.026591
288.241187,71,422.140128
257.401422,52,422.220669
317.357689,65,422.315336
258.758911,56,422.400145
479.617946,99,422.555737
383.794981,74,422.665625
317.934822,61,422.761446
236.224535,51,422.843984
313.846546,67,422.947647
321.240602,70,423.036525
278.660182,58,423.118554
424.712466,95,423.262926
406.194974,90,423.398886
250.569837,59,423.484853
500.24866,106,423.639981
257.722517,51,423.71268
229.979005,54,423.790134
306.179492,63,423.885806
377.305992,75,424.005318
368.433602,81,424.135102
259.79985,62,424.235303
278.906046,66,424.340336
109.750174,23,424.374737
271.39554,54,427.673589
627.102611,142,427.899697
332.883385,70,428.011043
236.322871,49,428.092718
263.542519,62,428.188461
127.227071,26,428.226818
418.147083,95,428.381303
416.823193,88,428.525192
355.197316,86,428.659659
311.384041,62,428.754085
262.87024,53,428.829727
86.428142,19,428.860482
261.076186,60,428.963149
282.804761,64,429.068466
349.00009,68,429.175324
381.836176,78,429.294646
275.026024,64,429.395972
187.832367,42,429.463729
446.136417,91,429.624537
355.290246,72,429.741264
418.803228,74,429.860071
367.184086,81,429.996867
528.22749,105,430.168039
179.311561,38,430.224494
193.3352,40,430.289428
334.843796,69,430.408539
273.936255,56,430.497147
436.885116,96,430.653722
145.68933,31,430.702942
404.851392,85,430.841014
310.683537,68,434.198288
272.787477,64,434.303629
378.855554,79,434.429314
213.306195,51,434.508319
273.123235,63,434.607002
652.837486,140,434.834311
413.703602,92,434.979424
226.632742,48,435.055334
260.091332,62,435.155295
266.019971,56,435.248108
505.297438,106,435.423197
285.006597,66,435.529689
396.935959,82,435.66311
399.256704,79,435.785388
288.369085,70,435.904881
304.478599,61,436.004532
343.753822,75,436.133401
412.879871,88,436.281384
293.044886,68,436.398858
519.955544,113,436.585368
233.424029,54,436.671749
354.029687,72,436.778123
269.418769,56,436.86702
280.936427,53,436.948165
249.059568,57,437.038533
222.211972,47,437.111099
423.380381,89,437.249597
257.079972,59,437.34195
324.437776,66,437.447232
299.105529,63,440.695211
387.601671,85,440.829867
396.156933,77,440.957265
265.377929,57,441.055745
291.337761,54,441.135639
520.781195,105,441.31292
238.456859,51,441.395092
262.317914,54,441.483667
529.200374,104,441.648803
268.24769,61,441.746917
536.572199,113,441.944313
257.846474,63,442.051968
278.285973,56,442.143335
359.896176,71,442.259783
346.244053,68,442.369371
280.827487,63,442.478753
286.721556,60,442.579647
250.318326,48,442.655159
210.686263,50,442.741087
385.290946,77,442.871085
285.810191,63,442.977335
402.431697,81,443.113331
357.612825,72,443.237684
231.901601,47,443.310105
340.07628,71,443.409399
290.444523,59,443.501965
263.277729,59,443.594804
242.711056,56,443.683667
404.026448,76,443.806893
329.770278,77,443.922671
293.666777,66,447.424052
343.997159,69,447.530844
415.915444,78,447.64513
266.852546,55,447.732671
382.905277,76,447.85386
412.788849,86,447.979413
337.35267,69,448.078316
194.980389,43,448.144739
302.211362,65,448.254177
278.879998,55,448.34625
334.595815,72,448.462615
261.797867,53,448.548106
88.725474,20,448.58207
318.123029,61,448.682709
311.0672,68,448.799783
314.217076,71,448.923064
541.831601,111,449.116557
354.986882,75,449.245779
324.681252,68,449.354735
442.950652,99,449.518
352.709226,69,449.639796
274.322728,55,449.731193
233.849507,50,449.814721
243.712431,58,449.910425
375.193124,80,450.035764
98.73843,21,450.065097
295.837992,67,450.174113
234.29221,54,450.264294
295.583721,58,450.357334
360.194138,75,450.482037
389.003989,80,450.619599
142.372752,31,450.669509
181.027375,41,453.942339
346.028439,67,454.065676
341.509957,71,454.199691
541.449906,108,454.405615
273.022788,62,454.521694
475.247693,97,454.705409
251.313013,53,454.806853
364.062253,77,454.954355
211.501643,47,455.044107
217.875821,46,455.129927
335.187265,72,455.268991
251.214779,50,455.363715
490.188348,107,455.577502
490.40473,98,455.769447
571.506631,125,456.010085
314.402093,62,456.128887
375.493836,80,456.285292
267.196299,54,456.389786
628.653006,131,456.642917
419.226741,81,456.80214
326.603902,68,456.935794
345.996845,76,457.085597
339.217302,65,457.210232
310.659381,62,457.310638
93.132973,20,457.342202
413.921359,90,457.486949
267.905966,57,457.569541
185.983139,42,457.639528
395.834566,79,461.01998
378.406205,81,461.155169
318.894178,72,461.267448
275.736128,56,461.362819
378.141855,75,461.48573
324.198643,62,461.587859
131.86569,28,461.634246
253.930675,51,461.713489
292.304035,59,461.809213
228.653516,49,461.889892
349.618037,68,462.00512
321.147067,76,462.133881
273.299397,54,462.221537
284.728086,59,462.315631
389.638209,74,462.439953
269.902643,59,462.528095
474.407675,101,462.703211
425.500211,90,462.846854
88.762,19,462.876686
387.498228,73,462.996508
291.099892,60,463.090915
234.266807,51,463.178285
222.924676,50,463.261722
414.91181,85,463.4055
272.102096,60,463.503727
301.297817,58,463.599738
563.527985,107,463.780663
264.244322,57,463.874773
365.655253,87,464.021901
460.748868,91,464.170259
277.646175,62,464.272792
341.490213,79,467.56569
416.005722,79,467.713782
207.117795,47,467.800332
341.332518,73,467.938302
267.720765,66,468.063307
361.341903,79,468.210877
290.623035,60,468.323797
315.453059,64,468.443168
380.026584,75,468.582769
158.955979,34,468.646492
339.292233,83,468.805896
283.896853,62,468.922022
270.61851,56,469.026089
288.208267,60,469.139751
266.428781,56,469.247593
248.832746,60,469.363424
302.346785,64,469.476398
234.472785,56,469.570382
283.324242,62,469.672037
280.448329,56,469.755142
286.21404,55,469.834528
291.966354,61,469.932117
325.028214,67,470.038749
228.178707,52,470.118052
368.378732,74,470.226184
490.463689,98,470.387138
390.910004,86,470.524653
347.680736,76,470.650202
260.413335,51,470.725686
388.494486,77,470.847994
288.153618,59,470.945213
377.721089,70,471.057621
354.406168,77,474.246744
316.198176,65,474.365785
389.761646,87,474.531373
331.858648,72,474.66666
126.127666,27,474.715354
285.101448,64,474.838685
347.375176,68,474.967094
256.891078,54,475.068223
294.436631,63,475.188277
339.597261,75,475.331294
235.116104,54,475.432196
363.816499,76,475.576152
429.432156,106,475.782683
296.699656,60,475.8969
279.203716,61,476.011531
247.944831,47,476.099988
606.431245,123,476.343765
435.644172,91,476.518154
327.974349,72,476.658091
497.165209,100,476.849272
447.776982,95,477.037153
339.276772,77,477.172901
440.338663,96,477.331217
223.335813,55,477.414127
225.368154,51,477.490408
259.946466,53,477.567747
263.74415,56,477.665916
385.757079,75,477.804725
325.279998,64,481.15749
366.023674,80,481.286778
266.657997,62,481.384233
279.467257,56,481.472947
300.285528,55,481.565188
179.5935,40,481.626335
339.921879,67,481.728814
314.779017,72,481.846886
367.597245,73,481.962652
258.899826,55,482.057597
286.230103,56,482.146833
180.308519,38,482.203809
342.18309,64,482.305827
324.514795,67,482.408422
402.149915,87,482.554254
294.82136,60,482.656224
328.530235,65,482.766006
469.582225,95,482.928861
374.091892,82,483.065046
305.503148,62,483.171211
281.016609,55,483.258066
539.716393,110,483.445719
505.381512,103,483.620173
377.676503,74,483.744473
338.228071,72,483.861398
361.746755,75,483.985153
356.528359,74,484.105156
393.974657,83,484.241337
438.538031,90,484.385353
350.377335,69,487.632671
294.389473,60,487.731445
165.055427,37,487.790123
421.617591,84,487.929757
259.11771,58,488.02366
372.782643,71,488.139837
477.850432,94,488.292308
531.912148,111,488.47142
93.858789,20,488.503058
424.114294,81,488.63168
439.854521,89,488.775087
301.433206,70,488.893706
296.202262,62,488.990938
92.36799,20,489.022888
273.1081,56,489.114256
306.2308,59,489.211185
321.369529,74,489.340031
349.441243,67,489.442004
449.195197,94,489.587646
458.715153,87,489.727463
300.537035,60,489.822648
422.165752,95,489.981883
208.1864,43,490.04137
328.269963,68,490.140858
226.209157,58,490.228037
383.186422,76,490.341232
400.733413,78,490.459508
311.419736,61,490.556251
362.210913,75,490.684054
444.946169,85,490.824878
194.262788,40,490.888432
355.372955,78,494.085911
334.79144,69,494.195951
230.204895,53,494.284444
311.989504,67,494.390234
469.112793,103,494.556531
370.52349,78,494.680862
290.512604,56,494.772283
377.835998,81,494.901735
381.385197,80,495.027785
492.116452,96,495.188748
508.509671,92,495.339507
362.863916,68,495.449193
298.603284,60,495.547797
252.228053,54,495.63509
310.03167,74,495.755277
367.587302,79,495.883503
356.516922,71,495.99924
282.70219,68,496.111217
346.555932,74,496.233272
168.134364,35,496.287419
386.559256,83,496.422309
413.758429,83,496.551857
244.130802,53,496.632143
277.880278,65,496.742571
293.115741,66,496.847173
279.862852,56,496.936043
373.979589,72,497.055562
283.611429,58,497.150125
355.689901,70,497.265487
201.035709,41,500.585529
295.475705,67,500.714126
395.670228,89,500.890196
270.808222,53,500.993642
385.920164,74,501.137525
455.606375,105,501.325306
309.971489,67,501.424598
297.501203,71,501.534165
344.760366,64,501.636038
315.183862,64,501.739656
299.33241,61,501.835815
289.532062,55,501.919855
228.86401,47,501.995691
306.072282,62,502.088844
310.371572,63,502.185428
315.063459,68,502.289889
346.276891,67,502.386269
239.687543,50,502.462567
313.151577,62,502.562994
429.451459,75,502.672627
340.11041,70,502.770165
335.133052,71,502.879618
316.97432,74,503.001377
255.861562,54,503.082495
444.392988,97,503.237919
322.250679,68,503.348668
337.729789,66,503.442684
227.147359,47,503.509089
397.640337,85,503.630786
291.562075,64,503.722936
310.228931,70,506.911209
302.645332,63,507.025726
251.699333,58,507.120492
190.973366,39,507.182076
341.525813,79,507.311904
245.880342,54,507.404089
337.110226,77,507.535183
208.241813,44,507.6025
409.511303,89,507.749511
325.715881,69,507.859974
254.367964,54,507.941683
362.559747,81,508.081239
301.524312,65,508.190954
327.948108,65,508.295365
362.045955,75,508.42162
307.80542,67,508.535879
309.350678,64,508.639736
303.331692,62,508.742402
246.44812,52,508.827557
299.527278,56,508.921522
459.101833,99,509.085006
260.686115,60,509.185125
456.703884,96,509.350676
501.735687,98,509.512937
360.433515,75,509.642751
325.299226,61,509.735168
241.530705,54,509.822394
381.100252,73,509.937829
328.133549,68,510.0496
241.059556,49,510.128153
337.201328,65,510.228509
272.240624,57,513.698209
229.912833,49,513.786887
550.095576,112,514.002808
312.974406,72,514.142214
403.479809,80,514.297393
517.148489,102,514.490534
135.170983,26,514.538106
562.48627,105,514.734366
269.704681,56,514.824075
327.656096,69,514.942068
447.597036,88,515.082721
395.092778,71,515.197803
340.682708,72,515.315241
466.346112,91,515.4591
209.765582,40,515.523869
410.522729,84,515.666445
400.44882,93,515.824164
551.075551,105,516.003727
147.19816,31,516.056991
245.218408,47,516.132972
379.351863,72,516.25343
384.981973,73,516.38391
386.417806,75,516.525299
269.129762,63,516.647844
237.14564,53,516.744546
272.050372,56,516.847625
312.653617,60,516.959
321.925512,64,517.077321
431.689441,91,517.228929
426.547881,85,520.45238
238.028053,54,520.547393
419.47685,87,520.685879
206.718588,49,520.763625
586.401694,115,520.945242
492.178801,113,521.137578
215.209467,49,521.209967
358.459789,70,521.319637
443.600308,89,521.453403
284.05701,56,521.53284
293.029765,59,521.618042
195.611432,43,521.678404
315.568939,68,521.776221
186.046605,39,521.831229
402.623754,82,521.958311
330.986604,65,522.060986
349.245902,70,522.164099
233.879544,48,522.231622
260.354703,57,522.323204
125.181157,25,522.362475
290.712183,63,522.46327
470.770096,90,522.608395
379.060194,71,522.719216
270.912506,60,522.8156
276.447689,56,522.909208
327.595955,70,523.034259
86.05398,19,523.063288
333.928217,67,523.170971
388.714681,74,523.286693
220.519395,49,523.364965
203.525203,40,523.424502
275.090165,56,523.51002
335.60632,73,526.88772
336.588869,66,526.997021
305.392778,63,527.10514
109.062909,23,527.145059
110.431332,23,527.18067
444.021184,100,527.354185
331.286685,65,527.465705
264.641738,59,527.560187
443.04,91,527.703729
166.571578,36,527.76499
353.509984,82,527.895849
204.809857,45,527.969352
426.034629,81,528.101966
243.706106,49,528.182767
548.690474,116,528.376516
510.455046,101,528.535204
186.96262,39,528.595845
305.885282,64,528.707573
445.407732,95,528.864182
381.790522,77,528.993407
223.094201,47,529.074712
210.740787,43,529.146703
244.047442,50,529.230917
292.148457,62,529.33774
411.47377,79,529.47721
331.620559,64,529.586046
283.20873,64,529.697366
237.850937,47,529.76992
88.51508,19,529.801924
339.603845,69,529.912036
314.759695,73,530.025317
269.008333,57,530.119471
398.846618,80,533.496546
390.039875,79,533.651654
283.913592,60,533.772007
311.98029,64,533.900856
476.806682,107,534.109051
269.333189,60,534.20984
523.952628,108,534.39937
131.082524,27,534.443721
584.126417,120,534.642923
423.061832,85,534.772549
337.647291,72,534.887038
277.40464,56,534.970375
106.813317,23,535.002476
268.494986,57,535.092007
374.929437,74,535.208541
330.081416,66,535.312271
263.27926,54,535.398686
241.104239,55,535.487204
216.237595,49,535.565668
534.010754,123,535.775513
406.606959,84,535.91639
414.615739,82,536.050911
427.41845,86,536.198276
310.463615,65,536.305509
294.50502,69,536.419701
296.996423,57,536.500974
222.286602,50,536.574621
291.698679,62,536.674343
270.348045,57,536.764385
379.628611,78,540.031602
200.831304,45,540.113121
374.15529,75,540.254936
628.429468,131,540.504627
307.062501,66,540.618701
280.057602,60,540.718885
301.208332,63,540.826227
262.238174,51,540.909646
239.718831,50,540.99181
221.800064,46,541.069377
356.615291,82,541.211786
349.007259,66,541.317405
320.732003,62,541.420622
459.57984,94,541.577665
380.771916,81,541.714759
377.112137,72,541.837949
385.361571,82,541.973007
313.938046,67,542.081353
308.355197,62,542.184062
396.27241,87,542.335109
260.366184,57,542.432897
279.631978,57,542.52882
320.469451,70,542.655607
425.109437,87,542.802668
379.073443,77,542.930019
436.807341,94,543.088364
327.486655,64,543.181848
386.531902,75,543.300849
311.923273,59,543.39747
261.249201,53,543.482554
473.326879,111,546.623314
317.742273,65,546.745216
261.516215,63,546.869056
317.914725,60,546.985151
235.426673,54,547.08711
257.444648,52,547.182992
264.11236,60,547.297469
248.194448,51,547.392553
391.267333,81,547.546835
250.915454,56,547.65389
316.336125,60,547.770438
321.174843,65,547.893037
225.464853,51,547.98916
334.167846,69,548.122745
315.84082,69,548.233934
361.401212,72,548.35642
312.66984,65,548.462314
245.930719,52,548.548215
352.323018,75,548.682557
275.66087,61,548.780276
212.130339,44,548.850622
346.906608,74,548.968082
267.136803,56,549.061628
438.800926,93,549.225991
302.897234,63,549.32883
417.034145,90,549.486392
322.842681,60,549.58692
255.68653,50,549.669527
429.24508,83,549.809068
368.154381,71,549.92682
314.742633,65,550.032777
273.372673,57,553.175238
341.048847,80,553.313867
336.239113,73,553.442741
288.543458,64,553.562488
317.512133,59,553.674734
358.776152,72,553.811476
308.6163,73,553.954312
397.764237,86,554.117247
454.395485,86,554.283678
275.581595,58,554.402523
451.729874,91,554.582371
287.903389,61,554.701521
275.425648,53,554.804962
345.455527,73,554.948641
291.812571,64,555.071393
240.31852,51,555.167729
385.164334,87,555.336276
255.597291,60,555.453062
442.647651,92,555.631792
330.172843,73,555.77277
281.084235,57,555.88221
314.679653,70,556.021137
267.750115,51,556.120728
318.989851,68,556.252995
347.562509,69,556.386448
266.771096,57,556.495394
369.129458,83,556.656081
352.903672,79,556.809406
293.69126,62,556.92895
397.21188,82,560.147905
488.910504,100,560.309756
349.136253,74,560.429237
239.992938,50,560.503305
379.028806,83,560.639333
257.106125,57,560.734658
364.75951,72,560.850153
458.587987,88,560.988646
276.469556,61,561.089463
604.952156,130,561.300284
346.464215,64,561.408583
280.223933,59,561.501971
282.13197,63,561.598719
305.945631,67,561.700933
375.961755,76,561.816932
86.303276,18,561.843776
387.309536,76,561.966832
144.424544,33,562.020687
500.70431,111,562.207076
517.263973,113,562.396011
296.626122,60,562.496889
333.425821,73,562.620557
376.383086,83,562.760398
452.286511,90,562.911945
360.255289,76,563.040672
398.949829,81,563.178765
251.342358,52,563.267065
281.753873,59,563.382814
249.57586,53,566.285468
296.724917,57,566.3541
394.970239,73,566.442704
327.664783,65,566.519207
386.437383,83,566.617824
468.128574,100,566.739274
273.20492,58,566.809337
388.907217,82,566.908853
380.434737,78,567.009433
367.145716,75,567.125548
321.384,63,567.215802
201.651494,41,567.274212
294.870757,60,567.363148
294.756846,60,567.450168
325.78552,71,567.555228
325.497843,74,567.671807
325.259575,72,567.787782
372.193601,72,567.903656
231.057764,51,567.963434
490.43223,98,568.101998
240.675414,51,568.169511
86.449495,19,568.200032
361.236662,75,568.321883
382.767803,79,568.445386
407.237055,81,568.577738
505.91121,110,568.751106
427.214646,85,568.898047
311.601516,60,568.996517
436.966482,96,569.156502
396.816563,76,572.382734
280.766188,64,572.486566
348.702863,70,572.599459
248.736435,55,572.685916
338.427431,66,572.780353
224.514503,47,572.857633
274.740851,58,572.95161
382.632324,75,573.070793
235.713362,51,573.138817
103.098461,22,573.171562
302.740455,62,573.272407
341.008977,71,573.375605
396.253606,87,573.51541
397.203282,87,573.6553
314.349297,62,573.748015
333.889916,70,573.86411
306.098793,66,573.971944
254.410502,59,574.071959
333.617942,65,574.182647
344.420805,82,574.318189
322.848476,71,574.436226
337.671424,80,574.570752
289.62547,58,574.663893
331.479955,73,574.781443
341.726613,68,574.891034
304.31284,65,574.992537
380.34906,80,575.121462
321.863082,62,575.226767
381.703138,81,575.361088
284.863848,59,575.464196
240.878993,47,575.543362
289.239103,67,578.972253
288.473217,69,579.101943
335.800717,73,579.24001
258.609414,52,579.337014
334.089102,66,579.458057
315.414575,67,579.584276
278.27853,54,579.686448
352.075741,77,579.830974
206.647116,47,579.919271
432.347142,85,580.081321
516.787728,99,580.266364
149.248455,32,580.325442
297.892619,59,580.437737
325.487071,70,580.569245
189.07491,43,580.650051
359.624588,81,580.765458
195.374916,42,580.815461
332.311238,69,580.894527
334.260953,64,580.988898
409.684166,82,581.114347
395.643204,76,581.241053
275.001631,59,581.337377
565.481735,128,581.533981
477.280037,92,581.663421
378.225185,71,581.760942
338.228662,69,581.870632
291.443781,56,581.950454
355.4462,71,582.071204
406.947894,82,582.206366
300.713437,64,582.310471
430.348813,85,585.626856
512.202538,99,585.81336
436.376413,99,586.008445
332.766708,72,586.142875
454.76866,88,586.307608
322.007274,66,586.431415
362.004207,80,586.585654
353.984713,75,586.724891
193.879966,39,586.798009
263.586666,53,586.895854
338.697917,66,587.02111
358.843169,73,587.161768
392.006911,72,587.299623
288.895179,69,587.425761
318.357507,74,587.566677
581.799391,127,587.813552
216.190593,46,587.900664
291.166506,68,588.034385
398.484091,78,588.188676
335.635214,67,588.319077
422.199905,97,588.509923
112.570164,23,588.55224
210.799713,42,588.631024
362.85051,82,588.795316
397.572255,79,588.946105
360.636912,70,589.084341
178.488364,36,589.1513
354.948643,70,589.286209
127.541216,26,589.333836
147.372399,30,589.39095
94.535199,20,589.428439
392.77135,87,592.894331
371.981311,76,593.013612
449.472462,83,593.140144
370.964304,77,593.269421
265.6423,54,593.354142
494.514829,107,593.524021
443.313997,89,593.667311
443.739809,84,593.805271
333.763076,71,593.917646
301.051759,65,594.021362
417.768281,86,594.158212
498.804572,104,594.331936
238.844113,50,594.410827
261.859136,54,594.498001
324.196787,61,594.589506
246.703274,58,594.682409
355.657985,74,594.802557
609.429182,124,594.98924
279.393981,63,595.096821
240.701895,49,595.168856
621.532268,130,595.384242
489.309931,97,595.54672
314.453622,70,595.64955
352.258625,66,595.750882
346.239611,71,595.862722
465.520244,91,596.020755
306.416568,60,599.300572
399.618452,76,599.450234
487.762638,99,599.641684
403.249816,77,599.787864
290.490826,63,599.906377
214.905022,50,600.000521
315.390117,61,600.112997
440.138653,92,600.288213
484.77329,96,600.469871
528.949842,103,600.67342
273.724893,58,600.78284
338.661797,64,600.903884
316.747556,64,601.030758
253.357448,52,601.128839
555.414705,113,601.348619
282.565763,58,601.460961
384.590338,78,601.610164
376.825615,77,601.755135
246.210377,48,601.844496
433.508812,86,602.00664
339.750258,75,602.152572
254.644705,53,602.255115
494.356364,92,602.429315
407.980405,81,602.583809
300.230322,70,602.714605
511.327918,109,602.889427
498.842439,92,603.041548
259.459403,56,606.268071
211.313003,44,606.346514
431.862111,91,606.51476
239.695174,47,606.599859
354.13067,80,606.753073
341.000989,69,606.878999
439.045929,97,607.047543
268.295863,60,607.142079
121.523244,25,607.184207
164.162003,34,607.234581
357.739952,69,607.348256
320.08928,63,607.449607
311.676238,73,607.572585
504.650981,100,607.747856
425.095295,82,607.883764
342.638874,75,608.001779
447.042833,98,608.171121
322.114355,72,608.282596
322.659323,66,608.38928
468.183475,95,608.543534
382.005736,77,608.674704
286.374452,56,608.764238
281.474686,57,608.85779
536.410233,118,609.051947
258.821305,55,609.141932
289.252945,58,609.232519
411.689324,76,609.359361
247.997852,54,609.447918
330.936047,67,609.554416
387.494357,77,612.94944
276.449356,54,613.053283
314.502911,61,613.168609
122.044365,25,613.213506
377.068626,72,613.349784
289.010844,62,613.46883
170.839524,38,613.537827
375.65185,74,613.678409
295.726404,60,613.792104
595.381888,116,614.017522
229.870767,49,614.115246
242.456986,55,614.224122
378.165193,69,614.35455
293.045201,64,614.474353
236.275242,51,614.571563
248.872809,51,614.668371
320.292414,69,614.804284
223.921156,45,614.886896
287.141494,59,614.996073
368.268047,71,615.129679
297.523519,67,615.255747
351.384315,73,615.396899
337.217532,63,615.516488
310.749691,66,615.642781
283.373576,58,615.751619
311.076337,72,615.889696
365.950146,78,616.037783
405.863553,89,616.206895
339.526457,67,616.333862
363.540446,69,616.466873
275.358399,53,616.566492
299.929887,64,616.684553
277.147135,60,616.79364
374.778543,77,620.098612
473.864903,101,620.266732
257.359101,61,620.376203
252.501542,56,620.481871
458.381329,89,620.652151
341.729801,70,620.782986
429.109269,78,620.929695
433.080802,91,621.10586
144.73899,30,621.162667
404.546077,78,621.313527
298.402865,62,621.431213
362.200641,73,621.56908
369.569346,76,621.712559
326.968388,66,621.836201
369.197054,76,621.981169
384.476144,72,622.118062
391.944153,91,622.293039
272.543947,60,622.403584
313.690363,58,622.515343
583.868937,117,622.744539
250.613821,52,622.841009
144.728354,30,622.896372
374.376938,75,623.038249
87.356038,18,623.06982
319.256095,64,623.188319
355.776181,72,623.3262
603.147871,117,623.551116
394.900525,78,623.700403
212.777662,43,623.778969
306.895896,65,627.142092
362.580083,77,627.285513
200.95608,41,627.360784
239.656374,48,627.448507
321.512682,63,627.568067
322.847639,70,627.696329
338.837427,73,627.837003
314.178131,67,627.963075
239.834948,48,628.051032
303.309754,62,628.167306
273.772045,57,628.271995
395.844582,81,628.421674
323.082566,66,628.549028
411.966202,82,628.703375
374.883601,88,628.872716
435.890853,91,629.035797
282.122231,60,629.135179
265.700879,51,629.218147
254.423401,55,629.306268
300.099433,71,629.42654
266.234122,58,629.522038
422.192726,78,629.653895
472.566876,94,629.80409
292.422587,66,629.903493
325.793673,64,630.005355
286.8081,62,630.103475
317.790176,61,630.197737
375.787521,80,630.325772
322.494698,73,630.448514
305.076763,59,630.546064
273.928526,59,630.643821
354.475719,68,633.999545
348.309492,71,634.112004
288.02404,60,634.217865
465.36019,91,634.341794
420.707822,85,634.47459
283.609226,61,634.561159
369.229452,74,634.676374
297.931681,59,634.769395
334.186463,63,634.859688
272.555312,54,634.936439
481.918874,96,635.072884
422.538786,79,635.190078
382.987077,76,635.317968
415.99114,76,635.429361
362.654491,73,635.533104
279.061405,56,635.616313
357.763926,74,635.731228
151.611973,31,635.782196
333.107266,64,635.87398
373.067105,72,635.989005
325.841589,66,636.097127
391.116965,81,636.232336
458.849127,92,636.373457
257.853689,58,636.465012
350.563479,67,636.574459
372.425317,68,636.68636
371.136115,70,636.803217
364.923864,75,636.929007
358.688061,72,637.051726
359.147686,70,640.307686
268.232648,55,640.408479
356.212824,71,640.534515
101.665981,22,640.567588
362.048811,72,640.683145
316.199052,66,640.789248
392.073841,75,640.916058
369.430018,70,641.026032
311.522877,63,641.121526
399.40645,80,641.246771
353.547918,73,641.360931
353.859212,70,641.472507
339.741408,75,641.581935
302.185775,60,641.675359
288.917757,65,641.769275
368.263272,67,641.866183
557.422064,107,642.04261
349.361361,67,642.141549
427.744138,87,642.281766
363.656374,68,642.391126
185.338063,37,642.448062
323.122345,61,642.543362
269.40563,54,642.620273
393.870646,75,642.757266
359.25686,80,642.909463
355.676656,68,643.039698
383.412374,78,643.189043
350.207328,68,643.316368
276.181313,54,643.417752
508.166727,102,643.612104
402.653182,78,646.963434
367.721443,67,647.056573
427.895674,102,647.207838
326.616957,63,647.303352
335.319601,70,647.412192
457.368929,97,647.563922
356.841651,72,647.670921
132.767542,28,647.710324
416.094213,82,647.841665
273.186989,57,647.936625
497.79159,102,648.098433
389.857352,82,648.227385
329.540707,73,648.350212
142.696035,29,648.389368
294.570305,56,648.477198
341.541586,68,648.576521
249.849715,48,648.653836
258.189021,53,648.73857
279.300023,56,648.825922
417.489514,79,648.952518
254.034091,49,649.030588
244.712217,51,649.112243
386.691315,73,649.226809
274.367012,61,649.326105
404.74628,78,649.45353
333.688439,68,649.566106
342.074415,75,649.695814
314.268121,63,649.801591
422.36884,93,649.956077
369.992832,78,650.081936
298.585044,58,653.31537
318.712843,69,653.421215
358.76331,74,653.541814
272.577305,57,653.646799
253.260031,49,653.734603
490.272795,107,653.936347
296.731772,59,654.043283
394.098155,82,654.199264
299.653756,64,654.322481
372.950245,75,654.46273
203.353602,42,654.540559
268.460243,56,654.647174
287.331961,57,654.752432
330.24754,69,654.882
319.183596,73,655.01815
419.502049,80,655.168774
324.467703,66,655.292383
306.348337,71,655.428184
81.41192,18,655.460215
281.208291,61,655.573022
408.602923,79,655.71877
477.221444,96,655.904951
335.648354,69,656.034498
337.323762,71,656.170593
342.452411,67,656.300033
444.153185,94,656.486093
373.336546,76,656.630519
393.76109,75,656.772051
374.648304,71,656.906899
231.866121,52,657.0044
330.514434,77,660.417896
280.173424,59,660.507042
633.382594,130,660.733807
453.460861,84,660.874045
320.075873,68,660.983837
353.78607,69,661.095391
314.063776,67,661.209959
146.023868,31,661.258161
288.593703,56,661.343209
324.488676,66,661.443675
437.643532,86,661.591163
449.600679,90,661.734422
365.4575,70,661.85698
271.087903,55,661.942545
410.769655,93,662.104461
317.552053,67,662.217817
238.996258,49,662.292443
436.69596,87,662.43951
456.382235,91,662.588017
408.76726,87,662.728825
336.931339,68,662.843115
384.516346,76,662.969686
366.789081,72,663.086746
477.938118,96,663.252035
354.053047,71,663.373672
475.614081,100,663.552956
257.80912,53,663.645669
332.109582,67,667.190301
345.796524,67,667.319707
473.121667,103,667.525816
271.675901,55,667.626423
331.722955,66,667.748737
343.308667,69,667.87145
318.602346,65,667.961184
371.94231,79,668.086497
355.347275,74,668.201056
501.22423,95,668.337969
419.305341,95,668.473909
261.216585,55,668.565797
313.921955,61,668.645492
302.052091,64,668.750827
370.918734,72,668.851014
791.405519,158,669.083512
307.243954,66,669.187161
285.026505,57,669.27651
341.471041,66,669.380122
428.342673,86,669.519034
360.088074,73,669.639115
273.54288,62,669.735987
316.028252,64,669.831917
378.389372,74,669.950323
362.90085,80,670.083429
333.712394,65,670.191015
502.376621,98,670.349833
310.650019,65,673.590997
510.171144,108,673.767617
106.082714,22,673.798785
271.113356,53,673.886534
211.376834,43,673.954982
358.491025,69,674.06952
412.556666,80,674.194987
380.564423,73,674.309922
549.265489,108,674.486167
315.10204,68,674.595037
357.174091,75,674.722179
342.151148,69,674.840407
303.420078,71,674.959102
345.317922,71,675.077723
274.285796,64,675.165319
488.843312,97,675.314692
340.468562,67,675.41373
111.354491,23,675.446233
259.063778,51,675.521243
293.407532,57,675.623143
268.164943,52,675.720714
456.72669,105,675.922941
378.862355,71,676.058906
477.327951,94,676.23478
401.070576,83,676.399183
379.266266,81,676.55579
349.17427,69,676.686174
319.774936,70,676.818475
282.344671,56,676.926687
544.071896,109,680.557878
336.029078,67,680.662913
522.590888,106,680.818584
341.646182,66,680.921108
216.663627,46,680.99433
289.137336,59,681.093646
281.807103,65,681.202925
313.234039,67,681.318349
382.669767,77,681.442796
352.222883,68,681.556044
398.590573,79,681.670994
617.182877,138,681.877907
672.993809,133,682.0991
456.343278,93,682.250232
299.395601,60,682.34637
283.954583,59,682.44725
400.051189,81,682.580937
210.277564,44,682.65306
397.910001,80,682.77753
292.603268,57,682.862118
340.939391,70,682.972495
290.704389,60,683.068722
392.431803,86,683.215326
495.692348,95,683.376918
262.386712,54,683.466374
515.146678,103,683.640395
316.169654,61,683.733463
149.448534,30,683.78275
396.957892,80,687.144955
178.982796,41,687.218773
273.411644,57,687.323582
416.444155,78,687.46893
380.302432,82,687.603537
444.620724,86,687.741312
413.266013,81,687.86726
290.168141,57,687.949041
458.275947,96,688.11293
479.193352,99,688.291002
359.143375,69,688.425189
486.246898,93,688.608802
280.492333,57,688.716549
441.914896,93,688.898405
252.074707,52,688.978466
267.95823,59,689.061622
192.667338,41,689.118043
453.004679,90,689.245784
304.594915,69,689.348392
262.616879,55,689.416362
337.060625,73,689.534336
305.718601,62,689.632781
340.331116,75,689.757202
405.938475,79,689.878289
330.391994,66,689.977725
192.805725,43,690.046901
105.597524,22,690.080892
247.478725,49,690.151661
384.900635,85,690.28735
395.504487,83,690.420935
335.86126,68,693.822755
370.529333,71,693.95895
276.376329,53,694.056414
249.079314,52,694.151979
425.548336,90,694.3274
457.155615,93,694.509126
359.519807,74,694.653517
192.480132,41,694.730977
269.055898,56,694.834657
307.393843,61,694.949489
429.934365,93,695.123604
466.624776,91,695.294905
351.22852,73,695.429715
373.878825,76,695.573182
324.587609,65,695.690728
224.382616,46,695.775646
329.738028,74,695.918036
288.993557,57,696.023764
256.842786,54,696.122854
529.473975,107,696.324222
372.027277,76,696.47435
528.546487,104,696.672906
199.516511,40,696.749892
258.952359,56,696.854896
314.152097,59,696.968878
239.092481,52,697.067217
402.767014,87,697.234869
331.863502,66,697.361311
334.572135,66,697.463563
303.309887,63,700.717719
138.498512,29,700.770625
247.898261,52,700.866542
372.272983,72,701.000283
378.996867,76,701.147308
392.736182,76,701.294576
424.926196,97,701.481412
366.073977,74,701.625831
326.071769,63,701.745934
341.595869,65,701.870652
322.796492,62,701.991243
400.195262,77,702.144751
503.733036,100,702.325325
512.239487,108,702.474619
321.461699,68,702.574332
381.143483,79,702.686306
339.658174,68,702.795135
275.031391,62,702.895578
375.341436,77,703.02396
336.805545,76,703.146083
272.521403,56,703.229532
393.158505,80,703.351316
303.547978,63,703.445008
344.768139,78,703.57678
252.04955,54,703.662919
244.825201,53,703.748991
271.14388,55,703.837403
449.827523,89,703.988438
538.646445,106,704.175876
498.331066,100,707.486038
318.115173,63,707.589307
363.112316,73,707.703834
329.334029,72,707.813557
283.548044,63,707.915024
347.723065,74,708.031094
307.443947,64,708.126775
407.619463,93,708.266232
470.179078,91,708.401939
303.190975,66,708.514748
442.507965,95,708.671368
269.019156,59,708.763926
497.436541,106,708.928579
292.829487,61,709.030647
338.236391,66,709.136438
345.762344,75,709.269241
397.34261,76,709.413444
302.097667,65,709.536343
327.054365,73,709.671503
375.149493,82,709.831687
248.007207,49,709.925931
345.291488,68,710.05273
388.562203,80,710.204335
313.922193,67,710.329865
385.541309,77,710.474647
369.795633,73,710.614808
392.454993,77,710.765789
312.44026,60,710.881952
360.265326,73,714.265315
351.855542,72,714.349668
435.097952,86,714.453082
428.467866,84,714.577208
329.047416,68,714.676932
293.72383,64,714.769201
343.478965,67,714.87532
322.91291,65,714.974607
331.305337,68,715.067153
265.719429,53,715.140961
368.237212,72,715.262291
348.518477,68,715.357131
394.4474,84,715.493081
365.212656,82,715.627538
261.785323,56,715.714107
328.752398,67,715.820836
418.438667,83,715.946713
345.632861,65,716.050996
550.757078,115,716.236674
435.352535,85,716.369118
259.177204,52,716.451025
536.725511,106,716.604511
623.921618,126,716.800617
316.202444,61,716.905988
350.814514,69,717.021934
332.8345,66,717.141589
270.762576,58,717.238575
305.031863,64,720.53751
338.90648,65,720.658668
189.914008,41,720.735012
343.106271,69,720.865194
195.22181,41,720.941616
346.491829,68,721.071406
294.522424,62,721.187181
384.096429,78,721.335459
292.129778,57,721.442348
247.685705,49,721.534613
289.598604,58,721.64321
318.645562,63,721.76254
94.183222,20,721.797604
422.034959,84,721.922882
350.4067,69,722.017083
293.810502,67,722.123185
316.506396,59,722.208735
295.416093,57,722.298898
319.256874,70,722.409566
244.968292,56,722.500803
282.927169,63,722.60129
397.918495,78,722.723216
355.88991,66,722.818911
359.82633,74,722.922171
368.636492,78,723.047382
263.917461,53,723.147121
297.118532,69,723.28346
325.23413,66,723.410956
295.058501,58,723.526058
441.795657,100,723.722807
406.117689,80,723.881357
380.748063,72,724.022798
304.803498,66,727.384398
601.353574,122,727.615402
235.767735,53,727.713654
291.322756,59,727.822796
430.163137,98,728.0099
306.968641,62,728.123243
265.978215,55,728.222214
375.728736,82,728.333107
400.609759,76,728.448186
505.524859,104,728.603398
310.425361,60,728.693553
284.266924,55,728.776741
262.106957,52,728.858359
237.437466,56,728.944134
439.783448,86,729.08465
323.13914,62,729.181694
256.495305,57,729.274224
514.316052,115,729.456079
277.793143,54,729.530257
340.842768,71,729.647897
424.340942,76,729.765
351.902738,66,729.874641
253.353541,53,729.959554
251.582141,53,730.044007
296.152973,60,730.142451
389.345466,80,730.275892
354.744593,68,730.404921
437.251733,89,730.577333
337.998395,73,730.71555
360.88721,77,734.216768
409.279358,79,734.366102
557.664914,117,734.590679
390.418069,85,734.750233
190.242051,40,734.822594
354.196252,75,734.966024
237.789058,49,735.057321
323.140125,67,735.183101
192.471406,41,735.25992
528.943075,120,735.491066
279.383988,59,735.60272
456.643851,93,735.775517
392.71016,78,735.918511
305.778769,58,736.02424
434.392016,87,736.19226
328.580492,71,736.316851
307.781975,62,736.406545
451.206196,93,736.557143
395.818834,87,736.698617
510.502787,99,736.852264
370.553137,73,736.962711
318.941335,71,737.072993
389.287873,87,737.218069
486.16008,107,737.405677
266.346727,53,737.49124
195.327503,45,737.564876
309.86305,57,737.653716
234.171975,50,740.91269
352.509556,66,741.019639
234.548443,53,741.101608
274.894504,58,741.19021
427.713227,93,741.335394
369.928708,81,741.465628
327.316305,71,741.574778
329.124438,70,741.691579
309.165004,64,741.791093
425.635057,81,741.903044
332.560273,71,742.017521
152.808572,33,742.063258
355.957824,80,742.183872
98.061798,21,742.210899
356.204615,71,742.322332
306.456005,64,742.420043
445.790203,91,742.548718
375.34667,75,742.668313
280.635614,58,742.756514
318.068142,63,742.853271
482.080056,95,742.990048
404.890462,75,743.105818
464.043626,98,743.264806
323.363267,65,743.369928
372.221875,79,743.491736
336.52572,66,743.594991
231.200872,44,743.662072
438.983454,82,743.800719
487.455449,95,743.959594
388.760182,82,747.356715
313.675594,61,747.461004
226.238994,46,747.526965
301.994703,67,747.630162
454.131989,88,747.769139
333.649195,71,747.88952
458.48566,99,748.047951
466.232085,90,748.198446
264.623175,58,748.285315
294.120218,59,748.372829
409.081485,80,748.499025
437.794362,85,748.642939
342.433387,70,748.754307
389.998907,87,748.885541
502.663954,100,749.040457
289.461306,58,749.13056
468.663984,105,749.298253
376.68637,73,749.414355
131.881207,27,749.453795
330.153198,69,749.562419
228.656384,47,749.636201
305.616019,64,749.728938
402.026502,84,749.86234
423.645087,90,750.013096
309.655862,70,750.128086
479.846556,92,750.289493
426.64073,85,750.4406
346.049796,75,750.564816
483.271654,100,753.929451
220.201536,43,754.00715
366.580321,76,754.154603
248.049869,55,754.260462
350.173978,72,754.397023
135.441073,30,754.451878
220.378118,46,754.541136
238.931825,52,754.640157
450.300369,88,754.808061
379.589019,88,754.974255
340.428552,68,755.106044
428.940358,92,755.283785
330.675495,62,755.399641
432.510403,83,755.560602
318.684315,66,755.688431
358.604357,83,755.847691
284.826976,57,755.958782
465.113828,99,756.153175
440.952793,86,756.318617
406.988084,79,756.468918
369.517092,70,756.601228
119.773911,25,756.646024
292.803014,56,756.750349
364.444142,73,756.890664
434.159443,87,757.057089
303.987451,64,757.176868
363.754075,73,757.293465
461.595732,83,757.425003
350.741367,70,757.533741
278.69682,61,760.76726
275.101358,56,760.857006
282.931681,54,760.944335
326.743482,62,761.034374
471.263939,90,761.172672
303.127326,60,761.2451
371.770981,77,761.348368
433.541734,85,761.490377
430.828095,89,761.624961
426.441446,80,761.746847
280.876741,58,761.836352
335.643359,70,761.941872
382.834171,72,762.048041
367.108091,80,762.163705
423.060637,92,762.304406
352.718401,70,762.405582
348.631641,75,762.520248
333.175693,71,762.634819
477.638388,107,762.804542
254.836692,49,762.881003
586.407999,125,763.083504
411.126687,79,763.211534
420.890043,83,763.33786
375.695978,71,763.442064
425.031415,90,763.575108
384.598342,75,763.692467
278.448125,65,763.797012
661.59358,144,767.302532
309.879747,68,767.432095
405.801585,81,767.588938
293.399889,57,767.700024
319.902142,62,767.817029
424.025572,84,767.988569
350.962213,70,768.126369
232.454705,49,768.224078
537.636746,111,768.439101
344.035313,65,768.563573
280.881164,63,768.68313
346.672763,71,768.817957
317.383057,61,768.932153
488.752393,93,769.092894
416.189301,82,769.218782
401.237564,90,769.36039
198.183481,42,769.425253
354.4896,77,769.547141
314.649851,68,769.658029
331.268082,69,769.76083
367.216486,81,769.893222
279.220344,57,769.976568
489.012326,101,770.143213
366.570989,75,770.2695
332.177446,63,770.36942
329.261782,65,770.484641
255.884336,53,770.571532
399.037313,83,770.716021
222.599033,47,773.950857
397.906768,80,774.081637
328.285383,67,774.193237
502.106203,96,774.34582
362.058018,79,774.472387
471.522309,91,774.632333
255.31936,52,774.710735
257.277708,56,774.804802
471.526221,89,774.941019
416.753816,81,775.064296
526.376496,108,775.225972
366.267626,78,775.339794
393.427148,75,775.457083
340.89869,66,775.539801
523.305438,103,775.680139
106.904374,22,775.708618
380.138852,71,775.81338
273.961898,55,775.887817
456.019531,92,776.032718
337.905052,68,776.136312
220.012008,43,776.197365
175.142013,37,776.242785
346.033345,77,776.349224
334.799217,69,776.449651
389.254978,81,776.56375
395.583123,82,776.691384
349.179573,75,776.809712
261.068335,55,776.896619
321.083192,61,776.99161
365.772277,72,780.321559
279.928903,56,780.42645
323.172852,64,780.545302
233.463288,52,780.642169
406.999373,82,780.79637
268.983604,64,780.917515
268.012911,52,781.012103
206.725604,42,781.087626
410.25015,82,781.242223
366.823845,69,781.368144
271.393288,56,781.471189
365.738103,75,781.611156
424.60757,83,781.767512
398.375416,79,781.916462
297.914199,59,782.026164
535.671404,106,782.227515
581.274329,115,782.438544
497.399,112,782.653004
429.382039,89,782.820582
306.073471,62,782.932273
321.962247,66,783.051352
396.486875,79,783.195567
355.478574,82,783.353601
356.011106,74,783.488813
322.398715,67,783.611728
268.626002,55,783.71564
373.886693,78,783.861493
304.877328,62,783.979083
245.221157,51,787.31483
273.255859,56,787.386896
243.962407,52,787.460495
221.773494,52,787.54762
352.633746,72,787.657772
517.271399,106,787.825428
274.476922,60,787.915467
493.545026,103,788.082508
335.79902,66,788.185626
301.02823,59,788.282991
492.966931,95,788.434084
346.952174,78,788.536231
444.697716,84,788.635442
300.533136,58,788.705047
324.178617,63,788.778367
348.865828,71,788.864411
373.733796,76,788.957032
337.031045,64,789.031844
277.017392,57,789.098474
355.883595,77,789.191266
473.694961,91,789.298877
344.365417,70,789.38334
303.00965,59,789.454659
326.969133,66,789.53454
332.237629,70,789.617853
477.426344,87,789.723689
280.698402,54,789.787152
269.98066,64,789.866086
352.836646,71,789.949418
332.037173,62,793.005312
387.302037,73,793.130409
320.313201,61,793.234208
319.592485,64,793.338011
404.497079,77,793.462909
271.538282,55,793.550069
453.403395,99,793.705103
588.830594,124,793.908229
198.367182,40,793.973496
288.431669,62,794.075378
361.686949,74,794.199723
502.603251,111,794.40184
465.597396,95,794.583391
350.220962,73,794.718806
313.521812,68,794.844815
317.209554,67,794.972936
342.582417,70,795.105515
295.533269,61,795.223181
434.486997,87,795.388543
346.837919,73,795.5263
411.411239,94,795.703387
563.166878,121,795.941978
314.093286,74,796.08122
376.554237,69,796.210616
249.271912,51,796.30695
384.284891,78,796.453635
611.841117,140,799.841239
316.130106,63,799.941142
247.587393,50,800.02125
288.257888,56,800.110049
248.973132,57,800.200253
88.432978,19,800.229407
417.681362,83,800.359601
485.886849,105,800.524992
476.547236,96,800.67915
431.759224,90,800.822027
338.303148,79,800.94726
311.996527,64,801.047257
189.555643,38,801.107528
246.639524,49,801.183303
247.698247,53,801.271629
379.730975,78,801.397581
526.549751,97,801.556425
418.702875,85,801.705491
307.208026,70,801.844192
360.212103,77,801.990751
389.478972,83,802.149138
356.910674,81,802.302356
306.508226,62,802.420017
452.900935,98,802.612221
404.532002,80,802.761391
256.453092,53,802.857924
285.6047,59,802.966184
443.51506,88,803.134306
430.794554,95,803.315595
407.280254,87,806.646695
360.390623,71,806.765371
322.297341,72,806.884208
411.102413,87,807.031215
160.087542,36,807.090647
367.602814,72,807.213719
429.348683,82,807.350652
459.538014,94,807.519504
397.833546,78,807.651793
431.593361,89,807.802701
404.289692,91,807.958195
84.493689,18,807.984354
220.263481,49,808.06986
424.898825,86,808.219294
373.170876,71,808.336056
291.258032,56,808.423517
361.674983,68,808.538054
391.348929,76,808.659614
281.148502,57,808.748978
366.682852,71,808.853737
263.137201,52,808.92976
259.321364,50,809.00241
132.301437,27,809.041502
351.012766,72,809.157783
296.572127,60,809.249823
419.297619,89,809.387246
510.196769,98,809.519091
429.196184,86,809.629965
371.829443,75,809.750208
315.426225,66,813.326193
314.383688,64,813.429808
416.846878,86,813.58053
249.075799,49,813.660448
363.169053,71,813.780064
482.967573,104,813.955059
454.092116,96,814.114321
414.246182,80,814.253789
427.093422,87,814.405351
383.179869,88,814.555944
228.967753,49,814.633588
424.141393,79,814.762867
303.637845,59,814.860935
380.015394,71,814.984597
415.034863,90,815.133494
120.465573,26,815.17345
262.570943,54,815.271383
470.514318,89,815.419482
279.146733,62,815.524339
252.522819,52,815.610216
431.309993,97,815.782889
314.872993,65,815.883183
282.281224,64,816.000085
359.282275,70,816.129835
445.662765,90,816.287743
304.027322,59,816.373644
167.006301,35,816.429236
356.98314,70,816.550031
620.831476,130,820.011368
289.686592,59,820.121607
436.306786,93,820.300489
339.968754,70,820.434309
296.513632,71,820.574022
272.711874,57,820.68328
135.002494,29,820.735198
139.963481,29,820.787635
504.817286,106,820.995872
360.518875,76,821.146022
430.765287,90,821.322196
400.755551,80,821.476485
326.514049,65,821.601851
367.002908,71,821.743967
315.9648,61,821.863608
359.269052,84,822.03039
394.354968,83,822.199542
333.527371,62,822.318545
291.496038,59,822.432248
341.034627,75,822.574746
502.162521,103,822.7732
269.323696,58,822.884418
658.935304,133,823.140959
241.294593,47,823.231217
433.829683,86,823.398613
340.132481,64,823.522786
312.765046,67,823.654374
479.565549,104,823.859584
360.965782,72,827.141767
92.508752,20,827.172919
393.796484,75,827.292838
281.281596,59,827.395294
306.400542,62,827.501779
349.096544,80,827.630098
368.947219,82,827.771406
326.489928,69,827.887463
395.463569,79,828.017846
391.096038,77,828.149203
364.200566,77,828.280793
597.112692,124,828.496758
382.506197,81,828.634703
430.188562,83,828.777178
346.966002,78,828.911659
306.46897,63,829.022958
292.864703,62,829.142759
566.978334,111,829.358268
357.865937,76,829.50674
341.413025,67,829.632392
385.208293,88,829.800161
283.581092,56,829.90742
461.659711,95,830.090829
283.319397,64,830.211836
434.370786,84,830.375303
395.65178,83,830.542673
546.46616,116,830.767295
304.529686,60,834.211359
314.424909,62,834.330705
379.36402,74,834.47185
312.084963,64,834.591235
373.191936,78,834.737513
197.522096,41,834.814784
343.934236,70,834.942535
426.773652,82,835.097696
529.413528,114,835.314651
389.976165,75,835.453343
405.796926,80,835.579527
353.549912,70,835.692889
360.35178,75,835.826096
334.253042,63,835.929312
377.28187,71,836.044786
472.980031,94,836.20316
449.361841,93,836.347952
415.066231,86,836.477163
237.44407,48,836.555385
326.228579,66,836.665678
251.8527,56,836.757401
394.770279,82,836.896351
337.35013,63,837.013073
212.856449,48,837.104498
174.738466,36,837.172396
332.458032,79,837.314774
542.271013,114,837.531543
362.870466,75,837.675096
544.620862,113,841.050822
277.398858,55,841.151614
415.447384,82,841.308343
366.494703,76,841.453348
379.590143,81,841.605152
440.975877,85,841.768753
337.16786,66,841.901556
300.743659,58,842.013669
427.396147,82,842.177429
251.197053,58,842.290951
345.153369,70,842.425308
314.621113,68,842.557585
487.543995,100,842.757001
386.411311,76,842.90029
459.649891,88,843.067699
392.427823,85,843.231631
319.753862,67,843.364064
285.221494,58,843.476194
374.269481,72,843.616192
511.503117,103,843.815802
355.080324,72,843.954875
500.935836,97,844.141938
222.992357,47,844.233848
331.464666,71,844.374742
509.042925,98,844.567363
353.164671,69,844.702003
504.986947,105,848.179836
330.40057,72,848.295258
434.71218,94,848.454491
320.262093,68,848.571438
317.937593,61,848.661855
321.088163,68,848.781141
485.459061,96,848.943214
409.488832,88,849.092245
393.051115,79,849.227887
309.986204,70,849.342774
365.119878,71,849.451999
450.824986,87,849.597788
572.846206,135,849.831207
323.955076,69,849.949676
321.060106,65,850.054676
480.871752,98,850.223036
302.100294,64,850.333769
278.419378,57,850.42935
402.814376,76,850.557737
308.501759,63,850.666945
446.815012,89,850.81862
358.130622,71,850.938743
384.173738,80,851.065589
404.396207,80,851.190719
603.704901,133,851.409359
432.866496,87,851.569412
375.380514,75,854.955086
198.562774,44,855.017322
527.69653,113,855.200437
302.46508,62,855.297537
494.824453,102,855.461375
375.402888,71,855.574748
318.882092,62,855.681876
259.808058,59,855.796187
352.618809,84,855.959589
301.374493,67,856.091453
428.556714,88,856.259239
444.501951,97,856.446488
278.140183,64,856.570861
561.822928,113,856.788602
424.688999,91,856.966088
467.073962,103,857.165415
314.692308,63,857.284677
348.507882,69,857.423976
485.09398,101,857.626688
415.666984,91,857.807924
334.1212,65,857.933917
387.869175,83,858.093516
359.988044,80,858.251094
458.674412,94,858.424315
383.452847,76,858.568958
317.18192,63,861.799208
325.674737,66,861.902442
314.733483,62,862.008415
545.205376,105,862.19171
330.077607,63,862.299172
323.942032,74,862.430133
301.9229,61,862.531401
353.068232,66,862.633701
456.51893,92,862.786627
469.088854,93,862.935358
375.389961,71,863.052103
391.846985,92,863.198428
255.590157,54,863.286394
326.510699,66,863.389822
475.907925,94,863.549906
418.984331,82,863.684451
618.599323,132,863.91232
262.149473,53,863.998393
347.786785,67,864.107954
402.207043,75,864.233472
344.405667,69,864.351961
237.583022,46,864.428804
500.568819,98,864.586996
467.210024,95,864.740309
302.061941,64,864.844882
315.576736,68,864.950656
348.039476,66,865.046405
263.273006,56,865.127455
392.08672,75,868.640292
335.333428,72,868.778604
344.756986,72,868.91837
368.330021,73,869.060402
458.420817,98,869.255158
365.060742,80,869.408673
507.791344,93,869.583244
432.051787,83,869.736914
395.474215,88,869.90434
350.87553,85,870.066785
462.187236,97,870.248228
407.673929,81,870.38518
321.250356,65,870.489758
327.943163,66,870.59893
358.569313,70,870.712264
244.512708,49,870.791674
341.891587,67,870.902101
327.017689,66,870.995965
393.26869,78,871.130965
365.774383,72,871.247727
452.254434,95,871.402542
536.468825,111,871.589655
413.353466,79,871.71905
468.588701,91,871.872724
240.555385,49,871.94785
386.403956,74,872.064723
335.74203,72,875.390866
438.836163,82,875.548636
588.984935,121,875.791178
247.15231,49,875.883142
319.976192,77,876.03307
345.324049,66,876.168774
287.455138,57,876.277443
222.58721,46,876.362621
339.702213,70,876.496368
345.866045,72,876.634893
368.038852,80,876.791473
542.648734,110,877.006791
362.140426,73,877.150717
412.795401,84,877.311468
401.354266,79,877.465195
316.150826,66,877.592473
308.513197,59,877.700718
243.893323,57,877.811541
281.845752,59,877.928943
486.21123,94,878.104923
529.869462,103,878.305173
351.349004,70,878.442085
348.509428,78,878.588347
418.923184,82,878.743805
371.168784,70,878.8745
574.412504,122,879.103588
342.167277,69,879.236125
280.68873,66,882.550972
338.658993,74,882.683354
299.253034,59,882.781904
300.190003,61,882.884018
327.582457,77,883.012914
401.808727,91,883.1635
422.239247,80,883.295212
280.383436,57,883.391536
255.818575,59,883.486258
295.025051,57,883.580667
331.989795,67,883.689998
376.52608,84,883.826744
351.979874,71,883.938299
328.040367,70,884.055429
405.164984,82,884.194141
407.994998,77,884.317215
287.449532,59,884.412922
335.292335,68,884.52829
395.626127,78,884.656771
498.842286,104,884.814065
318.882875,62,884.907768
392.621606,74,885.026671
532.40769,107,885.203722
435.929418,85,885.331861
351.571066,74,885.451951
371.646067,72,885.567238
349.816697,80,885.694324
270.131827,65,889.020902
713.070266,148,889.315721
354.118051,68,889.446899
333.525744,63,889.569172
365.437603,76,889.71572
419.96983,91,889.885021
151.409154,30,889.941407
219.697073,46,890.028121
102.330447,22,890.07003
428.525281,83,890.224712
509.632281,116,890.445143
354.836304,68,890.561324
185.815679,37,890.619695
467.898956,90,890.772376
394.182885,75,890.908003
387.482633,77,891.052984
204.552531,43,891.131957
254.409332,52,891.23065
373.747648,71,891.363226
248.825399,49,891.452294
270.502054,56,891.548352
111.701248,23,891.588298
359.577457,74,891.726663
235.658648,49,891.815322
321.394176,62,891.92631
390.435893,74,892.060457
339.797559,67,892.18323
329.949917,77,892.329067
434.778354,96,892.507173
366.522567,74,892.643423
425.777181,82,895.99202
340.266522,73,896.1204
334.489251,67,896.226058
406.177433,79,896.356443
270.249029,53,896.443363
294.900217,59,896.555971
381.604586,75,896.69416
329.936978,64,896.815089
346.999064,75,896.96179
320.409874,70,897.093311
360.526178,76,897.237983
250.537631,53,897.33513
232.358232,45,897.420169
449.404993,92,897.602009
449.366418,85,897.759322
344.648706,69,897.890888
387.24598,77,898.039041
252.90693,54,898.137029
306.385882,61,898.25341
446.183276,89,898.426489
324.827201,67,898.552641
263.67119,54,898.650826
338.210115,68,898.780863
474.274194,96,898.965636
278.673258,55,899.067484
318.414493,63,899.186884
303.897377,63,899.30351
344.098065,70,899.435508
402.032672,78,899.581795
104.748869,22,899.621346
495.044891,94,903.095819
366.948305,69,903.219425
289.495525,60,903.325303
206.76513,44,903.391996
314.466364,66,903.504029
430.080553,86,903.650981
345.811198,76,903.772846
404.498062,78,903.89496
334.334999,72,904.003602
575.201572,118,904.188259
458.217826,88,904.329862
321.908129,65,904.429047
451.963503,99,904.600713
301.948584,59,904.698291
392.828483,84,904.842692
470.212344,87,904.975769
457.078666,93,905.124115
449.459885,98,905.284441
264.72683,53,905.364353
261.777151,55,905.452657
364.875935,75,905.573039
359.89168,79,905.703182
386.005257,80,905.833354
443.710349,88,905.977259
532.383242,106,906.147244
291.225009,61,906.240737
426.900446,85,906.372886
518.507027,106,909.814745
297.560388,60,909.931198
460.36415,97,910.126393
400.670539,76,910.275169
343.364642,76,910.422328
326.783067,70,910.553545
260.483661,56,910.656093
299.441955,61,910.770347
475.854304,92,910.947419
473.414695,89,911.119509
528.314044,97,911.302177
452.753891,95,911.485609
449.975044,86,911.653913
296.835804,66,911.78028
396.385631,75,911.928557
389.249358,78,912.082603
554.313288,107,912.29075
324.619288,65,912.412122
395.377939,78,912.556339
81.456122,18,912.587011
457.202609,95,912.766201
96.492695,21,912.802864
328.552939,63,912.919644
397.236218,82,913.071118
543.290522,111,913.276336
330.652548,62,913.39205
312.309614,64,913.511301
462.627168,89,916.849465
488.992331,98,917.018047
260.195573,54,917.105446
427.463491,80,917.244847
451.443835,88,917.407176
415.388413,88,917.570598
382.432101,78,917.714524
435.420036,86,917.881919
456.382013,97,918.069485
470.176482,93,918.247828
426.674016,81,918.403107
292.265359,64,918.522662
281.094982,57,918.628747
484.460627,94,918.805606
431.872241,86,918.970394
374.151274,72,919.10973
401.553872,76,919.25415
374.716276,76,919.402148
480.756896,99,919.593924
370.393589,73,919.73455
371.230213,72,919.868686
521.404485,100,920.065439
343.031355,74,920.206184
276.83191,56,920.311645
280.595928,56,920.417915
348.463028,70,920.55548
453.32143,88,924.161343
433.051846,85,924.285162
404.599279,77,924.401831
536.1995,104,924.568909
308.635718,62,924.661905
534.381701,105,924.831587
384.622517,81,924.955736
404.766803,83,925.081866
301.605265,59,925.180574
473.889566,95,925.322213
229.351346,49,925.40366
364.968494,72,925.511603
360.831377,80,925.635759
421.0195,82,925.770934
338.402387,65,925.874022
264.766782,55,925.960411
383.694965,74,926.085734
368.617565,79,926.208661
368.99874,77,926.341832
381.726868,74,926.461955
658.138444,139,926.685786
297.63647,57,926.775028
154.925402,33,926.829192
399.196319,80,926.962544
412.046578,78,927.09651
387.093013,78,927.223914
275.051244,58,930.471257
363.647587,76,930.615324
332.416688,69,930.740528
338.055517,67,930.861715
372.033652,76,931.001687
289.641534,61,931.116303
320.437186,63,931.237874
346.062887,70,931.367213
359.411288,67,931.495066
273.756206,57,931.599469
351.137619,66,931.722955
308.661774,69,931.852293
272.014711,54,931.950845
398.237866,89,932.128966
386.502322,73,932.269449
337.852835,71,932.407432
262.336605,53,932.506116
337.446551,71,932.641891
329.450146,62,932.759379
339.159169,70,932.890816
324.84649,69,933.019617
409.005398,81,933.172475
426.669445,90,933.347656
574.957519,110,933.562572
534.020978,102,933.759109
404.692138,80,933.910067
304.352082,59,934.006393
366.417011,78,934.126812
326.073296,68,934.236473
388.360429,80,937.582732
359.911724,79,937.711784
334.941666,68,937.825778
472.512946,99,937.98677
361.152682,70,938.091986
306.160989,62,938.183454
331.277967,75,938.301141
590.814744,115,938.476169
323.499025,64,938.577932
331.414898,66,938.680205
369.680036,76,938.807372
374.008103,72,938.929582
374.326671,70,939.044807
444.46667,87,939.178698
347.102233,64,939.289371
303.360067,66,939.392615
339.839545,78,939.523731
388.297904,83,939.654346
619.471664,120,939.85014
216.849063,46,939.923525
365.546463,69,940.032568
290.940193,58,940.128187
319.825088,67,940.234923
378.734435,78,940.359797
329.765511,66,940.469636
374.842918,73,940.591238
385.630256,73,940.714234
304.034829,66,944.133002
313.736539,63,944.249901
402.151649,87,944.421975
553.550452,114,944.649593
390.219966,83,944.809701
403.933467,81,944.967946
324.615988,68,945.093189
335.632292,74,945.233147
550.807565,109,945.443941
407.344359,87,945.611021
304.570767,61,945.726208
446.937272,83,945.883751
470.942119,91,946.060272
331.543757,68,946.186584
459.436864,91,946.360727
97.566104,21,946.393933
691.70667,129,946.61236
425.623257,99,946.780073
356.479853,83,946.91526
336.906268,68,947.026388
395.248527,77,947.151374
343.814165,76,947.282625
274.033168,58,947.379883
222.287254,46,947.450761
317.300671,72,947.571074
275.625668,55,947.661239
404.951002,78,947.788658
107.427108,23,950.991923
326.284677,72,951.104039
401.772435,80,951.235446
323.883401,67,951.351536
216.966926,48,951.418921
419.069843,80,951.547551
305.453787,60,951.652366
453.220784,88,951.796096
307.948226,63,951.906261
409.047956,83,952.037163
324.388383,72,952.155797
648.207507,127,952.361121
414.059489,80,952.484037
312.197245,63,952.57505
481.392119,92,952.714379
426.683738,83,952.835191
441.509853,89,952.967876
401.955753,76,953.100639
403.298266,79,953.236872
345.423089,70,953.354485
381.924034,77,953.481662
315.439521,62,953.579333
360.07071,75,953.70172
332.960043,73,953.820976
390.653361,77,953.94328
300.839094,59,954.032722
296.116892,61,954.131634
313.655445,68,954.254325
517.903226,107,957.74517
306.550521,72,957.85804
426.206233,95,958.004344
373.004888,72,958.12549
302.746366,67,958.236625
562.704276,113,958.423
273.425731,60,958.51053
342.731261,67,958.615164
197.149297,43,958.681213
409.544249,76,958.796995
88.837582,20,958.829982
354.117789,75,958.956347
235.508843,54,959.036445
339.021654,63,959.13518
402.37754,80,959.264457
298.144021,61,959.358966
541.109593,113,959.540391
333.168945,67,959.642666
461.660164,92,959.789509
380.676042,74,959.909106
457.426149,97,960.068098
356.362631,84,960.21286
318.334807,64,960.316014
313.792454,64,960.421789
499.297778,101,960.596852
255.08337,56,960.690948
510.279781,102,960.864087
369.954787,75,964.243641
339.6483,69,964.375469
263.369309,54,964.475463
452.544905,86,964.63641
277.649969,58,964.741982
256.397462,50,964.833152
340.595335,67,964.955848
288.774029,56,965.058901
311.284396,71,965.19461
479.709439,96,965.37725
282.720579,64,965.496484
300.120676,59,965.603661
408.798862,82,965.762334
319.220736,73,965.905018
374.403112,73,966.042215
374.676932,77,966.186207
310.264217,63,966.305244
283.538482,61,966.419986
426.140733,84,966.584114
276.145432,57,966.689326
431.372438,85,966.855368
354.344345,67,966.985655
362.927926,78,967.132414
425.803409,85,967.294035
371.571344,72,967.432886
481.810972,93,967.61307
355.797436,78,967.769099
340.310564,67,967.89531
328.429083,69,971.187343
338.04433,68,971.301581
309.563272,61,971.400212
360.133649,75,971.520687
421.685062,79,971.654351
301.935201,60,971.758205
484.728744,99,971.916367
435.241083,92,972.06782
389.377142,76,972.192213
381.746221,74,972.31713
414.615528,80,972.441739
359.586358,71,972.557646
426.235169,81,972.686172
325.101216,61,972.777614
260.263436,53,972.861073
289.475526,56,972.946483
464.627221,97,973.105213
476.428165,107,973.265234
454.544741,91,973.406434
394.580543,81,973.543189
254.734032,53,973.630019
617.392233,134,973.863286
419.614178,83,973.997441
555.793025,110,974.178517
365.944176,77,974.309803
440.944541,94,974.465613
438.226587,87,977.978509
421.183456,84,978.13753
408.986123,78,978.283471
464.356611,92,978.434856
643.748407,132,978.626348
299.250588,62,978.729508
425.188774,82,978.848953
331.544224,67,978.947426
356.12952,70,979.047974
344.440757,70,979.150156
369.503503,75,979.272234
469.744564,91,979.404786
252.024799,50,979.477263
272.176265,61,979.568487
495.329302,95,979.704581
321.548276,61,979.803066
395.691139,74,979.92467
563.945268,127,980.117514
635.119765,128,980.330841
260.586441,55,980.42041
379.595642,82,980.552481
376.601625,70,980.682054
371.108514,74,980.822919
380.654008,85,980.986983
265.379253,55,981.089343
364.737522,71,981.229151
345.338547,68,984.492612
300.497623,57,984.597672
326.690116,66,984.720492
348.885046,73,984.839104
498.01389,103,985.003688
333.031765,74,985.138924
436.16214,90,985.307722
416.921054,84,985.46739
300.504018,62,985.584717
356.328482,69,985.714327
345.490515,66,985.840012
368.652374,81,985.997271
249.714063,53,986.095392
408.630252,88,986.263041
431.962822,86,986.429847
355.022663,68,986.556564
424.493005,96,986.747133
400.59023,75,986.88488
348.61744,70,986.995358
326.128447,65,987.099909
284.794953,62,987.196229
519.059423,96,987.358136
286.131471,59,987.463111
360.682552,78,987.598527
275.767468,53,987.689249
575.544077,111,987.873802
426.231377,79,987.997771
358.30233,68,991.424082
304.639673,63,991.518968
397.901033,83,991.65706
521.565216,108,991.833823
304.471871,67,991.947735
441.70053,88,992.094384
505.936885,103,992.262216
387.745305,74,992.382729
316.199851,70,992.484327
649.693893,138,992.69021
535.840059,110,992.859408
349.217259,77,992.979872
390.356049,76,993.109392
411.020284,75,993.220713
301.084919,59,993.308648
472.612282,97,993.466618
446.386787,86,993.620637
433.418674,85,993.76242
118.024158,26,993.80196
395.690445,79,993.933009
407.120348,87,994.08854
391.765036,82,994.252344
343.31251,70,994.386317
418.257279,80,994.542389
271.70627,56,994.646723
338.181489,69,998.124271
349.378937,78,998.276346
409.016417,84,998.440114
392.55802,76,998.586331
372.853077,71,998.726214
454.966455,94,998.911829
484.096168,96,999.097539
381.847656,73,999.2373
479.794102,92,999.415249
456.86848,90,999.587744
394.198549,79,999.74139
311.848781,59,999.8535
535.19642,101,1000.049742
326.473856,63,1000.172919
349.035523,67,1000.300836
299.009061,60,1000.411777
282.406337,61,1000.524388
473.750757,103,1000.727975
360.041445,66,1000.85334
343.113432,69,1000.986773
409.803842,75,1001.132447
367.335838,73,1001.274403
373.711766,80,1001.430641
483.812373,103,1001.630681
423.488666,96,1001.817837
324.777719,65,1001.941492
328.787593,60,1002.056526
338.542564,70,1005.365695
613.910145,120,1005.592999
297.743225,59,1005.703091
446.044506,92,1005.880179
271.698822,56,1005.978539
427.477741,88,1006.122694
416.478863,86,1006.2744
351.930706,69,1006.386277
489.406166,102,1006.561864
466.50714,89,1006.704725
335.16891,72,1006.823966
502.575939,103,1006.996275
424.171296,91,1007.147524
414.716998,93,1007.310854
323.307347,63,1007.423174
350.016235,67,1007.557388
336.137297,70,1007.692349
304.457756,64,1007.814818
474.705852,91,1007.992164
386.228487,76,1008.142159
269.603163,61,1008.262956
236.008341,49,1008.357212
469.740472,94,1008.541046
419.383729,78,1008.691526
230.79604,50,1008.789153
240.929482,48,1008.880682
399.262868,78,1012.374389
312.512625,62,1012.468767
463.483763,89,1012.610687
457.458441,86,1012.751815
232.964662,47,1012.818127
325.817808,74,1012.929198
602.463767,128,1013.13636
388.819482,74,1013.260259
448.701888,93,1013.414143
577.022724,127,1013.633445
568.615695,107,1013.821776
345.347243,67,1013.935383
349.754919,66,1014.047132
330.903537,73,1014.174316
359.282036,72,1014.296093
508.225708,91,1014.448924
577.275076,114,1014.64003
317.292257,60,1014.743241
325.262014,63,1014.848008
538.657775,120,1015.058219
421.634216,89,1015.210087
531.524453,106,1015.390752
277.783966,63,1015.496998
440.53972,94,1015.660049
371.090039,88,1019.031773
203.769343,44,1019.11438
375.104561,72,1019.251824
317.072151,61,1019.366775
299.552674,59,1019.480361
338.599616,67,1019.610067
501.305693,103,1019.804898
378.014198,73,1019.942983
412.112797,76,1020.085892
412.549364,83,1020.252045
351.010818,65,1020.380655
362.543243,80,1020.531621
314.039092,72,1020.674788
450.891561,92,1020.856072
484.248108,101,1021.054014
324.319892,64,1021.176589
246.157881,53,1021.279653
444.967638,86,1021.450911
340.5943,75,1021.600039
456.518524,91,1021.779145
379.538795,82,1021.943221
315.059851,62,1022.064441
369.327187,70,1022.200969
301.169881,64,1022.330431
475.573253,95,1022.521743
482.145765,94,1022.706676
378.612985,77,1022.862575
330.306627,72,1026.132696
473.304663,93,1026.275142
495.562331,102,1026.451081
258.614738,58,1026.54692
393.48739,74,1026.673738
367.794373,82,1026.812003
334.841469,72,1026.929711
315.030153,62,1027.032993
317.486583,62,1027.130757
374.25301,84,1027.27619
304.842547,66,1027.393944
289.675652,58,1027.495701
431.160136,86,1027.641318
262.977128,53,1027.732966
453.678878,85,1027.879063
266.444273,58,1027.973121
396.105014,89,1028.126035
254.885673,59,1028.230476
359.30628,70,1028.351622
395.055114,75,1028.476161
350.455058,67,1028.590591
91.85285,20,1028.624115
241.536558,50,1028.707975
309.071093,60,1028.811809
329.98137,64,1028.917703
337.076129,67,1029.032404
387.786316,89,1029.191587
323.293964,67,1029.303929
339.72392,66,1029.418128
538.94411,113,1033.090857
403.178654,75,1033.237212
360.964297,70,1033.372218
362.581524,70,1033.506777
306.086132,70,1033.639618
108.58164,22,1033.679024
464.896393,100,1033.874884
277.666075,58,1033.988435
376.989302,74,1034.132089
368.12864,72,1034.274133
474.034321,98,1034.465923
413.317678,79,1034.623454
444.333113,83,1034.781908
315.036447,71,1034.920156
421.10632,81,1035.07817
454.373496,93,1035.254088
399.903015,89,1035.405778
380.931321,74,1035.541918
478.469563,97,1035.708923
416.544706,84,1035.85719
347.723648,72,1035.979822
403.093928,76,1036.108418
262.283498,56,1036.203754
532.769916,102,1036.377794
256.597054,55,1036.470393
480.338965,99,1036.642022
401.039646,77,1036.763256
305.875053,61,1040.050816
300.885676,58,1040.150613
412.980511,85,1040.315273
374.126742,73,1040.460768
220.314006,44,1040.541832
473.583882,94,1040.728061
338.392752,68,1040.86177
398.744685,77,1041.011617
465.531974,92,1041.193923
367.231547,76,1041.346757
319.399544,64,1041.472521
231.380772,52,1041.573274
392.762016,75,1041.722388
466.094095,96,1041.914426
345.933552,70,1042.051954
312.341405,70,1042.188239
347.578422,69,1042.319202
398.692029,81,1042.472489
459.677831,89,1042.642685
376.256996,77,1042.7904
560.724914,108,1043.006877
788.594976,172,1043.346976
514.878981,102,1043.544962
101.450537,22,1043.586018
485.622974,98,1043.775649
296.296675,64,1043.8987
462.807508,86,1047.219889
300.366603,60,1047.314894
391.590081,78,1047.447099
480.577263,94,1047.611088
392.4134,79,1047.751238
401.743601,81,1047.891932
516.758732,108,1048.079463
379.241078,76,1048.212683
287.727576,65,1048.326815
302.228297,57,1048.421105
370.389915,77,1048.559341
294.97938,64,1048.682098
243.81775,47,1048.769108
480.212331,105,1048.974756
386.459373,87,1049.140119
365.981628,81,1049.295684
121.312799,25,1049.341969
282.755715,58,1049.450499
399.325485,82,1049.611159
455.071877,95,1049.794302
449.476191,90,1049.967583
328.263442,63,1050.088308
278.091941,62,1050.207254
256.447296,56,1050.311764
413.734432,83,1050.451509
329.670776,65,1050.561998
426.928902,87,1050.690029
338.155762,66,1050.785906
469.004454,93,1054.169983
302.931026,56,1054.277346
421.754057,86,1054.442552
371.723468,71,1054.582618
615.035849,133,1054.851469
356.689471,72,1054.992213
431.830046,89,1055.166593
508.028517,103,1055.3735
534.644957,114,1055.603034
491.252058,99,1055.803853
422.518383,86,1055.972238
347.846982,66,1056.099357
452.398527,91,1056.254103
727.051392,145,1056.492164
412.870441,77,1056.617582
598.520372,133,1056.832696
452.894438,102,1056.998488
230.737285,52,1057.084344
722.734541,148,1057.326584
293.218008,57,1057.418572
513.501651,104,1057.589185
276.438899,54,1057.674967
354.783799,68,1060.89868
491.891444,105,1061.078405
365.884726,70,1061.19839
495.555903,94,1061.366539
363.5107,70,1061.488874
454.906991,88,1061.64115
511.528835,102,1061.811234
491.519609,92,1061.970817
513.213828,98,1062.139245
373.166592,72,1062.255389
345.689193,74,1062.387402
306.302888,68,1062.50322
353.468832,71,1062.60908
432.180948,81,1062.739843
384.949635,74,1062.858446
329.829088,65,1062.963912
666.783116,136,1063.177687
302.429918,59,1063.273227
330.949543,67,1063.387363
432.001704,80,1063.519339
78.342584,18,1063.54552
437.130486,82,1063.676137
340.911786,69,1063.788061
331.0376,65,1063.891626
550.106598,120,1064.115589
355.140947,70,1064.255914
382.184981,71,1067.694394
361.62382,69,1067.81733
255.616875,50,1067.909001
231.389837,52,1068.002651
337.220161,66,1068.123235
86.127665,19,1068.154964
257.022481,54,1068.247409
399.998843,78,1068.394503
428.808684,94,1068.573938
268.676773,56,1068.679201
371.124142,75,1068.838716
290.943102,64,1068.958841
290.990028,60,1069.071792
459.259564,95,1069.260144
448.99015,93,1069.448486
416.232017,80,1069.607034
289.430816,56,1069.713457
316.292702,69,1069.846928
443.799159,97,1070.033067
352.567728,71,1070.172367
567.694999,116,1070.402083
311.461068,63,1070.52277
410.279844,81,1070.683687
275.095966,56,1070.794161
562.157357,121,1071.036372
306.470609,59,1071.146841
488.630256,102,1071.343443
474.504006,97,1071.524583
300.542173,67,1074.934082
410.87706,81,1075.091839
517.484455,100,1075.289112
527.105018,112,1075.514592
497.652845,94,1075.699827
653.74441,141,1075.983663
398.214135,80,1076.143358
359.116848,70,1076.28346
310.077042,66,1076.398049
316.084801,63,1076.494388
325.628842,65,1076.588804
560.096458,124,1076.772665
358.701122,69,1076.875711
156.278258,33,1076.923966
383.063499,69,1077.038365
433.023237,84,1077.177299
437.942405,98,1077.338348
390.449397,73,1077.456648
433.583866,86,1077.594929
431.662387,85,1077.731464
337.685551,66,1077.829448
507.924599,102,1077.991101
308.655588,64,1078.085033
422.011427,81,1078.217247
417.549375,81,1081.565894
501.196851,94,1081.729488
409.875475,78,1081.855651
435.538238,85,1082.002833
387.362998,80,1082.136652
446.133096,92,1082.289913
254.3882,57,1082.390721
348.209276,74,1082.516661
386.931512,73,1082.638062
432.235684,93,1082.795979
371.278658,76,1082.924351
278.210364,63,1083.027933
418.231812,84,1083.163556
391.468353,77,1083.282166
522.18874,106,1083.452401
439.44759,94,1083.599679
416.183947,84,1083.737366
320.255379,61,1083.833223
303.658267,61,1083.934469
294.726975,64,1084.037471
376.16616,75,1084.169377
339.192142,71,1084.289577
534.116854,116,1084.49726
431.795379,94,1084.64892
416.770617,95,1084.812386
228.796416,47,1084.88573
302.694995,61,1088.354609
314.07916,61,1088.471374
481.988006,98,1088.665103
472.430906,97,1088.852633
98.92392,22,1088.89394
349.075281,70,1089.025526
291.80448,64,1089.149781
462.3086,92,1089.325231
333.681098,66,1089.450738
343.614047,77,1089.595627
355.896043,67,1089.721801
512.099438,98,1089.900888
621.689797,129,1090.145606
282.257707,65,1090.267538
532.139628,116,1090.470015
537.281207,104,1090.637115
519.244082,114,1090.826132
572.249809,109,1091.008148
428.616339,88,1091.147452
329.508997,67,1091.252886
561.793889,117,1091.451256
272.032407,57,1091.547183
621.814189,124,1091.762835
372.221858,82,1091.894145
662.727542,130,1095.32312
310.253271,62,1095.442072
401.205234,78,1095.594467
360.236574,84,1095.756039
324.57369,73,1095.901353
260.216182,53,1096.004632
549.007951,108,1096.213127
398.741715,75,1096.356521
84.425548,19,1096.391291
362.687423,71,1096.530223
409.462392,77,1096.674526
441.317069,86,1096.837109
377.274484,79,1096.988824
481.412498,91,1097.16645
361.821384,73,1097.306015
414.67552,83,1097.467943
411.18164,80,1097.62258
422.424322,89,1097.798322
464.61628,99,1097.999129
374.10589,73,1098.14339
401.3996,84,1098.280424
412.110077,84,1098.408249
330.310659,64,1098.526003
282.569135,58,1098.635986
398.257857,77,1098.788779
334.502796,74,1098.933331
438.896208,95,1102.434088
533.788025,106,1102.609626
373.573767,72,1102.727014
327.3621,66,1102.841431
554.735958,112,1103.03493
401.301915,78,1103.16198
496.700792,104,1103.324358
405.426225,82,1103.457265
329.152132,63,1103.56195
539.85142,102,1103.729496
485.333722,109,1103.910814
525.321203,101,1104.08152
385.036228,78,1104.210338
394.71212,88,1104.357819
326.82414,63,1104.454293
419.855539,87,1104.600588
645.344251,130,1104.817526
462.911135,89,1104.963764
106.644593,22,1105.00017
537.217434,112,1105.191216
342.98847,71,1105.306433
350.590295,66,1105.40989
273.993273,53,1105.49625
318.36254,61,1105.602141
345.68078,66,1105.700463
498.359583,99,1109.268911
321.347363,68,1109.399972
466.647799,92,1109.585509
465.252163,108,1109.791767
390.435318,79,1109.942128
329.294615,67,1110.068092
414.014207,90,1110.206218
324.99317,65,1110.302706
427.905324,86,1110.43574
332.540848,69,1110.545021
399.156966,75,1110.658659
396.781785,77,1110.776894
442.159494,98,1110.930834
395.607507,73,1111.020537
303.104912,64,1111.110777
391.427389,92,1111.259932
434.622646,86,1111.398849
372.385281,80,1111.525565
371.816173,72,1111.640704
477.209653,96,1111.795468
394.316777,74,1111.933589
349.400575,70,1112.063485
288.283923,65,1112.185739
376.564773,72,1112.318852
385.523486,80,1112.47172
368.300521,69,1112.609218
321.528305,62,1115.915683
184.511156,37,1115.985255
451.595129,92,1116.165909
429.832737,94,1116.351184
392.567372,80,1116.504522
385.371883,87,1116.667047
455.093096,85,1116.825287
324.122634,75,1116.967365
292.248461,63,1117.087216
377.179384,73,1117.224977
329.838069,67,1117.35182
393.324461,88,1117.518399
466.367624,90,1117.689201
569.734722,115,1117.912586
585.643725,113,1118.137783
80.926438,18,1118.169888
363.744381,68,1118.305248
439.212369,87,1118.474796
398.316841,77,1118.628885
251.984245,58,1118.741323
360.509313,66,1118.867435
514.241116,106,1119.069962
227.818877,51,1119.168446
461.545154,94,1119.349622
329.80594,66,1119.478812
484.601336,106,1119.685363
333.609066,63,1123.059007
399.004073,77,1123.184927
297.330487,60,1123.283904
411.969587,78,1123.418174
297.945864,59,1123.514469
470.265199,96,1123.672303
412.81288,79,1123.793846
449.722755,87,1123.934869
334.825277,73,1124.050802
520.29553,105,1124.214109
397.591776,80,1124.343438
415.631944,80,1124.472089
251.192882,53,1124.558442
559.379142,118,1124.740558
370.711878,80,1124.867465
423.03411,83,1125.005529
358.369391,78,1125.134883
388.670473,75,1125.261519
487.279275,101,1125.433445
604.994142,126,1125.654082
300.100313,57,1125.737102
535.36193,107,1125.911054
398.955384,74,1126.032633
372.133721,76,1126.149183
403.921517,81,1126.277048
319.045079,63,1126.379867
412.080257,75,1129.743396
444.795364,87,1129.886303
352.544908,68,1129.995206
341.446993,79,1130.129139
474.510332,105,1130.311751
418.485452,81,1130.469914
329.462084,66,1130.594826
539.2976,117,1130.824098
340.908869,63,1130.942364
296.291956,62,1131.060709
469.934649,94,1131.244539
479.737408,90,1131.416682
246.887148,56,1131.526473
350.940631,66,1131.653327
348.200908,70,1131.792927
319.292606,63,1131.912752
472.061201,92,1132.087461
566.151439,113,1132.3145
302.79491,64,1132.441997
423.250779,83,1132.606004
323.396944,63,1132.727792
464.270373,91,1132.904198
479.585346,92,1133.08686
439.061733,86,1133.250684
334.50602,64,1133.372751
374.882456,73,1136.684664
361.77926,70,1136.808531
375.866993,72,1136.931027
417.623363,81,1137.065394
401.27231,78,1137.204265
409.024504,81,1137.355159
447.199824,87,1137.524276
582.448365,118,1137.74973
360.210322,78,1137.897375
420.96761,79,1138.047377
463.595059,87,1138.209801
398.593964,90,1138.380684
402.580986,83,1138.539797
394.947287,79,1138.687557
448.738257,88,1138.856857
342.292143,79,1139.007253
334.216126,67,1139.13773
512.064863,103,1139.33793
367.227437,69,1139.469238
319.138045,63,1139.589577
416.168332,88,1139.757615
420.262056,76,1139.90438
437.537628,87,1140.075449
522.507619,115,1140.300305
250.279844,50,1140.394133
468.105791,90,1143.913479
293.477102,63,1144.019128
410.284947,81,1144.158948
378.857621,79,1144.293959
420.151442,79,1144.445318
367.26731,72,1144.580484
452.33361,90,1144.746842
366.738949,68,1144.872017
510.967033,98,1145.057811
312.578857,61,1145.171278
449.291456,83,1145.327245
347.123166,70,1145.456532
408.08144,86,1145.61606
359.327226,68,1145.740409
721.751084,139,1146.00374
443.688676,84,1146.162139
484.173321,95,1146.342979
457.484793,90,1146.515912
569.21306,112,1146.729116
821.41616,166,1147.047292
614.595153,130,1147.297839
359.462152,67,1147.422451
146.58307,30,1147.476739
475.529825,97,1147.663643
364.278942,74,1151.049328
343.692887,74,1151.197224
309.100205,67,1151.331707
639.135841,125,1151.575413
428.696281,89,1151.742167
357.483487,71,1151.878563
493.401495,100,1152.07332
481.068746,89,1152.245257
304.30805,66,1152.374783
530.149204,105,1152.582534
321.009054,69,1152.701917
446.410388,91,1152.850606
281.150392,63,1152.950918
336.110168,65,1153.049091
452.838962,85,1153.179413
472.805618,105,1153.331628
353.782762,67,1153.422612
409.505903,79,1153.540343
400.095521,84,1153.67302
378.582311,84,1153.792681
441.09482,90,1153.926658
366.719618,75,1154.039011
308.278579,68,1154.141855
407.72231,89,1154.278298
383.982154,76,1154.390622
371.503295,84,1157.718212
374.409418,81,1157.848381
404.191463,81,1157.981514
350.404033,73,1158.106602
722.672691,139,1158.327153
388.017565,89,1158.47136
413.728229,79,1158.595676
341.954166,72,1158.730875
290.415757,64,1158.846868
611.878762,118,1159.061837
427.720731,87,1159.224438
355.896067,72,1159.357251
367.003746,76,1159.497975
313.49908,70,1159.627747
325.507885,68,1159.755292
394.251635,77,1159.897739
478.107029,93,1160.077926
474.492592,91,1160.254874
319.787924,66,1160.379077
484.852525,97,1160.563603
405.736549,82,1160.719429
494.466691,104,1160.916888
445.848783,85,1161.082239
349.676299,69,1161.214876
87.054063,18,1161.246043
552.261789,108,1164.695923
404.055627,79,1164.857668
661.036916,132,1165.122006
330.716313,63,1165.246375
357.710825,69,1165.382532
414.41839,82,1165.547259
286.527537,63,1165.668321
472.336436,91,1165.84772
322.221126,68,1165.977658
429.907704,81,1166.131133
329.970383,64,1166.249375
298.69707,63,1166.369939
398.536612,78,1166.517721
271.970311,60,1166.629053
275.490215,61,1166.742783
297.808453,70,1166.871892
455.60002,97,1167.057746
682.510116,139,1167.325007
95.249258,20,1167.360641
334.811553,65,1167.481532
385.879751,75,1167.622434
238.811391,49,1167.710039
369.127949,76,1167.855668
567.159089,114,1168.062438
537.493604,113,1168.249057
385.96911,71,1168.359487
513.943889,100,1171.653867
500.983609,99,1171.819324
175.542846,39,1171.888027
702.144742,140,1172.125641
369.750575,86,1172.262328
444.902526,95,1172.411798
534.510261,100,1172.577784
352.993664,67,1172.704922
501.554521,100,1172.900681
274.233214,56,1173.005019
277.310333,57,1173.112342
326.218631,74,1173.257859
264.592736,57,1173.366698
676.611702,138,1173.633796
296.938404,60,1173.751063
337.521403,70,1173.889311
553.269903,108,1174.105796
367.693989,74,1174.246982
499.962711,99,1174.439431
519.724816,107,1174.649992
346.403438,68,1174.781338
430.274595,96,1174.973006
585.190858,126,1175.230369
464.031526,92,1178.547171
374.406279,83,1178.691866
420.854377,101,1178.857378
370.052006,70,1178.97324
517.38352,110,1179.167256
395.108883,76,1179.296474
443.39733,87,1179.43466
483.790998,93,1179.593507
395.481606,80,1179.732069
530.01251,101,1179.89525
420.096569,82,1180.033844
358.532677,76,1180.146107
309.435084,61,1180.248538
335.808171,68,1180.343567
581.451757,123,1180.536176
435.436136,87,1180.668982
458.126902,94,1180.825599
455.160311,94,1180.969343
430.145148,81,1181.103496
555.916794,103,1181.270654
420.188991,86,1181.407891
219.437438,48,1181.491713
365.755042,78,1181.628083
300.365529,58,1181.72405
373.917586,74,1185.130999
868.074375,181,1185.404076
360.587553,72,1185.510139
337.429439,72,1185.61981
513.26549,99,1185.776767
426.035457,91,1185.905231
425.317326,87,1186.049668
379.685593,73,1186.170563
211.145472,47,1186.248023
389.666685,76,1186.3631
403.10329,77,1186.477473
413.787412,93,1186.610663
397.201115,76,1186.720528
491.378808,104,1186.881722
440.294395,85,1187.009744
502.556898,97,1187.165921
423.618866,83,1187.30876
432.227726,82,1187.411347
469.40133,94,1187.528302
409.311276,81,1187.628539
380.712682,76,1187.727155
341.893427,65,1187.82458
269.260395,57,1187.919903
462.894074,92,1188.07666
329.037244,70,1188.188396
351.264299,66,1191.479821
342.887448,69,1191.616093
202.416994,41,1191.693759
369.173205,71,1191.833246
408.618831,75,1191.984169
302.431563,59,1192.100507
453.132358,87,1192.271111
363.953314,70,1192.402987
384.133813,77,1192.554685
433.653382,79,1192.708714
325.43333,66,1192.836407
510.383127,98,1193.03074
382.050537,77,1193.179626
594.21897,117,1193.413482
433.301293,82,1193.571646
531.946512,100,1193.767144
312.694269,63,1193.887355
509.998497,98,1194.073641
492.73513,90,1194.246654
515.904659,101,1194.444738
450.280968,86,1194.610684
567.52643,119,1194.849372
465.935026,99,1195.015103
429.18334,90,1195.165823
430.634339,93,1198.602778
444.861387,85,1198.739936
556.099821,113,1198.921118
596.283495,115,1199.108922
501.374709,99,1199.262172
417.528555,86,1199.398236
498.572145,97,1199.554442
323.385128,64,1199.658796
320.327755,65,1199.762288
488.962256,93,1199.909269
468.481807,90,1200.063073
415.315664,79,1200.194403
491.915648,103,1200.3614
396.211359,77,1200.471893
455.744486,90,1200.623715
659.412485,135,1200.839066
376.032503,73,1200.95136
577.135235,108,1201.120097
430.128044,85,1201.251203
467.96313,100,1201.417029
364.96799,72,1201.532251
324.055004,70,1201.653356
421.145968,87,1201.802964
325.325241,67,1205.132941
574.747489,121,1205.338034
266.286393,52,1205.417114
278.395515,61,1205.517331
462.169255,92,1205.664515
375.64037,71,1205.766447
411.098996,79,1205.882469
344.331646,66,1205.986068
480.770684,97,1206.139273
360.794843,69,1206.249804
350.255983,76,1206.368656
399.203414,77,1206.491521
525.941506,111,1206.677004
595.183967,115,1206.861809
256.934923,55,1206.948895
376.382853,79,1207.075113
346.630055,67,1207.181079
391.572829,77,1207.301905
363.312115,72,1207.409796
429.284494,92,1207.551782
344.263129,66,1207.650235
420.235761,94,1207.794744
289.442846,62,1207.892998
416.562947,90,1208.030681
344.341238,65,1208.121492
470.500477,98,1208.27614
372.396635,74,1211.61195
434.821385,91,1211.762108
403.99856,80,1211.892043
312.729415,66,1212.006547
473.569048,95,1212.163307
336.716296,72,1212.286003
377.444055,72,1212.404993
409.422422,78,1212.538226
424.998916,97,1212.707806
368.725961,73,1212.839353
439.792518,84,1212.975953
549.334248,105,1213.159041
310.212044,74,1213.285284
416.82311,82,1213.426664
317.476399,63,1213.533098
382.332098,74,1213.65834
567.005891,106,1213.841346
473.221754,93,1213.98745
406.670982,80,1214.122156
373.73639,85,1214.26695
382.464997,76,1214.397531
432.199382,87,1214.536436
368.184832,73,1214.658348
475.37929,95,1214.817151
370.646391,73,1214.93487
321.733069,66,1218.41882
553.222805,108,1218.633444
284.962729,62,1218.751491
471.364031,96,1218.938727
352.651616,67,1219.064703
385.367466,71,1219.206537
302.909758,61,1219.327087
385.761705,74,1219.4737
387.479864,81,1219.632774
360.500811,68,1219.764668
391.620487,79,1219.916968
503.080445,96,1220.105324
373.295516,76,1220.254924
201.169991,43,1220.33788
256.75093,56,1220.44739
306.361288,61,1220.562396
355.758238,81,1220.725255
326.104857,67,1220.853921
526.002486,111,1221.060405
452.408373,99,1221.256218
285.264625,65,1221.379458
531.681143,104,1221.579938
283.114583,62,1221.699035
357.854569,69,1221.833291
455.954874,94,1222.019543
306.069055,57,1222.127239
521.624251,98,1222.315197
487.690224,108,1225.693677
378.649115,82,1225.832458
339.508239,70,1225.945379
355.092869,71,1226.065866
354.619701,75,1226.186748
381.25694,73,1226.30492
307.800222,63,1226.408375
360.933588,73,1226.53194
352.986754,68,1226.634359
269.267656,53,1226.712412
365.244578,79,1226.831832
389.27739,76,1226.955292
424.616824,81,1227.088059
523.59643,103,1227.237521
477.057306,97,1227.396472
416.744251,85,1227.529068
335.06025,71,1227.64079
433.115089,89,1227.783889
337.874784,68,1227.872042
471.148732,92,1228.024407
441.950578,86,1228.187953
307.473085,66,1228.314513
300.525504,60,1228.429673
400.232738,79,1228.563144
403.062062,76,1228.683382
393.030941,74,1228.791749
356.466,72,1232.19137
491.467449,105,1232.357043
397.913472,73,1232.473747
398.531793,77,1232.597477
127.824673,28,1232.638063
458.14681,96,1232.795792
507.575045,113,1233.005926
310.171085,60,1233.117317
334.887332,64,1233.239613
460.088922,93,1233.417697
438.506579,84,1233.580691
376.90702,78,1233.735351
345.614577,66,1233.856551
424.299524,83,1234.014791
466.124541,106,1234.215864
436.332123,96,1234.395612
382.868339,76,1234.53818
335.941932,66,1234.664733
375.196012,72,1234.783762
338.845514,76,1234.901618
377.42339,75,1235.023029
316.683295,69,1235.143579
382.578068,75,1235.270687
350.983237,72,1235.388356
642.867356,132,1235.613008
402.216287,80,1238.984917
301.29262,59,1239.077046
513.950797,101,1239.237811
321.92604,65,1239.344919
384.777016,73,1239.458385
278.508273,59,1239.546025
97.841989,20,1239.572289
430.003137,82,1239.691604
131.6239,29,1239.733071
517.196489,105,1239.901619
335.591974,70,1240.015471
560.559257,112,1240.20144
415.918195,85,1240.334023
292.300361,61,1240.426689
599.454746,130,1240.620627
487.028248,101,1240.782307
464.974085,94,1240.91324
424.77918,81,1241.039068
409.029639,91,1241.168676
330.800957,66,1241.26955
535.832189,106,1241.428833
511.889776,105,1241.583477
363.757441,72,1241.681417
345.235397,66,1241.775105
445.905141,86,1241.909984
374.29817,76,1242.036642
481.403487,99,1245.38672
581.616985,117,1245.579086
398.249065,75,1245.708802
309.532471,68,1245.818938
549.23174,112,1245.99826
430.684017,81,1246.127888
314.520301,62,1246.228069
380.309269,80,1246.353573
329.571784,63,1246.457373
363.853323,70,1246.564991
339.125774,76,1246.690207
372.616107,69,1246.810131
369.896209,77,1246.959373
500.171534,100,1247.151799
210.839294,46,1247.238774
358.792258,70,1247.371006
347.295038,78,1247.519578
421.484211,87,1247.685061
363.614233,75,1247.82542
434.442219,84,1247.981549
309.184521,66,1248.109146
221.242714,46,1248.189307
333.571147,70,1248.322991
391.279802,80,1248.474723
546.22027,102,1248.671216
537.611851,104,1248.871354
376.599839,73,1252.32409
554.25681,111,1252.542949
466.289556,109,1252.754891
146.319925,30,1252.811535
359.930333,66,1252.934497
488.807731,90,1253.108889
437.122912,85,1253.275679
330.343973,72,1253.413543
354.060185,68,1253.540749
436.379597,86,1253.708236
458.584802,97,1253.898399
603.532148,113,1254.121722
570.874633,125,1254.37207
540.313133,107,1254.582536
80.720305,18,1254.612994
337.884534,77,1254.757554
383.023022,81,1254.909516
342.652419,69,1255.035393
291.393377,58,1255.147424
335.396912,68,1255.278523
331.287414,65,1255.404738
362.808546,73,1255.545679
521.233484,103,1255.72357
420.829256,86,1255.862459
97.296381,21,1255.895409
722.90311,149,1259.366999
549.495443,106,1259.548325
294.534191,59,1259.646482
382.480856,72,1259.76114
489.295678,98,1259.917522
97.739788,21,1259.949554
353.195906,73,1260.073113
349.509723,77,1260.203825
379.632692,80,1260.332844
470.263221,91,1260.483447
475.808241,102,1260.654235
412.168788,83,1260.793108
102.000391,21,1260.824821
375.118758,82,1260.961625
393.094584,87,1261.103406
431.995157,84,1261.237592
322.465171,69,1261.375599
446.480558,97,1261.567579
523.279103,104,1261.772208
378.501729,83,1261.932628
337.06599,69,1262.064738
365.624278,73,1262.207741
363.772138,72,1262.347504
365.789129,75,1262.495071
319.905183,67,1262.627943
312.988911,63,1262.748585
328.371037,70,1262.888036
422.316026,82,1266.36858
514.25355,114,1266.566324
313.449436,65,1266.67099
353.621979,66,1266.774102
460.29656,97,1266.931023
376.437401,71,1267.053084
529.229288,107,1267.232176
517.940824,109,1267.415569
440.705425,95,1267.581591
504.045021,98,1267.735667
517.39768,114,1267.921593
476.712594,95,1268.073175
398.59142,76,1268.189492
556.596505,110,1268.386134
386.262058,73,1268.501174
463.509461,101,1268.657007
367.148266,80,1268.791436
296.710076,62,1268.896172
674.419015,151,1269.158494
481.36309,90,1269.31604
247.036777,51,1269.405931
343.406142,78,1269.533461
239.543072,52,1269.621762
572.533472,121,1273.215865
427.904293,94,1273.403674
423.772835,81,1273.569067
327.622638,65,1273.69506
279.199077,58,1273.809289
286.298899,63,1273.93646
309.495506,63,1274.061687
397.501579,77,1274.217947
320.077422,65,1274.344992
328.14361,64,1274.470398
307.57329,60,1274.588503
527.102424,112,1274.805073
409.802003,77,1274.956007
339.998099,66,1275.090286
408.24595,80,1275.25321
552.373784,108,1275.431906
438.042272,88,1275.576343
389.950616,76,1275.710141
399.303879,76,1275.836288
670.351614,129,1276.052857
184.898668,40,1276.119689
307.761271,66,1276.225549
446.758523,87,1276.372849
537.732998,113,1276.571365
349.685548,76,1276.703687
526.05717,111,1276.898008
362.486365,75,1280.188345
334.870379,65,1280.295888
261.085194,59,1280.391751
525.821721,108,1280.574523
614.334664,115,1280.765743
310.150062,62,1280.875312
529.943426,100,1281.043701
372.168518,74,1281.155212
413.023367,90,1281.306759
126.698364,27,1281.349479
459.508421,87,1281.495085
538.043412,107,1281.669769
351.282879,75,1281.78963
417.991595,82,1281.926007
468.188805,86,1282.067552
468.143626,93,1282.221175
490.058253,95,1282.375289
520.847506,104,1282.552183
347.142372,68,1282.658221
257.30697,57,1282.7503
348.246917,70,1282.868212
389.16466,80,1283.02599
505.884949,97,1283.218059
312.164947,63,1283.341215
359.071339,74,1283.488543
316.254663,66,1286.985668
398.963619,76,1287.131938
450.687472,101,1287.328104
474.954897,93,1287.509591
363.775401,71,1287.647568
334.128247,64,1287.769981
606.152509,117,1287.997868
134.437727,27,1288.048281
435.238839,87,1288.214305
385.824326,77,1288.341664
363.870636,73,1288.452617
176.972231,36,1288.494223
404.584611,78,1288.615971
473.161931,95,1288.75842
511.504344,101,1288.931252
389.29598,79,1289.065928
387.592986,73,1289.18217
553.28446,105,1289.355924
365.941273,72,1289.469716
97.644466,20,1289.503354
349.702266,75,1289.629759
122.181684,25,1289.67046
405.737237,81,1289.803654
334.62116,66,1289.911353
397.089844,74,1290.03971
564.646617,112,1290.249561
346.41887,79,1290.402186
1018.434694,209,1294.115172
431.815124,91,1294.290991
437.114428,100,1294.484352
349.419856,79,1294.638485
380.347346,71,1294.772119
524.831541,108,1294.984873
548.391385,126,1295.231227
391.244314,77,1295.381552
445.795519,91,1295.55109
466.664075,105,1295.726581
394.902023,77,1295.845209
454.736495,86,1295.973469
432.217417,87,1296.115478
618.097787,125,1296.325156
321.268203,61,1296.422543
427.122951,83,1296.562087
402.974953,79,1296.696551
417.891031,81,1296.829131
396.353009,75,1296.941501
351.882757,82,1297.074752
515.214184,112,1297.254711
432.341509,89,1297.403718
442.772997,91,1300.672308
694.618252,141,1300.911273
529.8939,109,1301.09897
469.585905,88,1301.242621
506.611781,105,1301.417956
386.065969,87,1301.547424
291.791379,66,1301.635162
392.330582,83,1301.746143
447.51525,107,1301.886454
416.373871,80,1302.00088
303.540068,65,1302.10741
487.333155,97,1302.276047
317.22222,71,1302.388746
268.691325,53,1302.475919
393.716344,79,1302.612919
403.977685,83,1302.757718
297.585405,64,1302.871216
405.961074,90,1303.021954
420.143785,82,1303.158749
539.059631,105,1303.325179
619.120139,114,1303.510238
466.619033,97,1303.669721
378.955745,73,1303.783598
448.247098,88,1307.255166
431.126681,82,1307.391218
528.686527,106,1307.562526
593.8273,114,1307.745581
428.775566,90,1307.880537
451.0187,85,1308.008754
335.141192,65,1308.120553
429.306149,89,1308.267511
293.000195,63,1308.354543
458.689453,85,1308.481466
609.137895,131,1308.71232
549.577974,112,1308.910786
371.612331,79,1309.037083
456.70613,91,1309.183682
357.960304,81,1309.315544
379.879591,73,1309.441868
413.481131,83,1309.582327
258.545017,59,1309.674541
422.33281,86,1309.811057
453.158562,89,1309.960326
484.116099,96,1310.122418
370.717383,71,1310.235105
366.439154,72,1310.360752
150.71094,31,1310.407145
467.369353,96,1313.793341
323.569147,64,1313.917039
432.680522,83,1314.077876
455.535927,103,1314.275341
488.842697,107,1314.484777
514.396408,113,1314.701853
314.249242,67,1314.826374
335.904792,77,1314.97382
178.61535,37,1315.04241
312.420645,70,1315.180226
289.735788,65,1315.298026
365.816733,80,1315.443329
306.349729,67,1315.565215
368.249133,74,1315.70701
252.44363,56,1315.808934
423.183136,87,1315.977834
298.533457,66,1316.105049
301.855366,63,1316.227008
278.466962,58,1316.341539
536.849796,105,1316.546823
528.425438,113,1316.768724
319.501783,66,1316.896861
388.857756,81,1317.053845
516.592862,98,1317.253092
350.081069,69,1317.393003
408.132721,82,1317.557477
449.349189,87,1320.889519
676.455301,134,1321.109819
268.805873,58,1321.206449
457.310533,95,1321.366245
323.340231,71,1321.47893
360.746133,75,1321.606262
246.900737,52,1321.697253
451.078359,85,1321.836587
413.762565,89,1321.976413
376.987596,72,1322.095497
357.29316,80,1322.225952
733.477534,156,1322.48614
452.990884,84,1322.627606
388.487729,88,1322.77453
434.083566,83,1322.926207
506.126707,100,1323.097251
426.869207,85,1323.240891
415.416374,83,1323.384523
628.833274,121,1323.582633
549.054344,111,1323.769486
301.42746,63,1323.870176
378.442155,82,1324.01113
391.454812,82,1324.145483
424.402776,91,1327.621197
479.961025,92,1327.803855
571.538353,108,1328.019119
410.213513,77,1328.17122
310.777038,65,1328.298082
388.839003,84,1328.463331
368.291431,73,1328.608116
492.574541,101,1328.809109
323.352425,61,1328.922133
437.496566,83,1329.049223
324.099178,62,1329.136071
121.334334,25,1329.173687
365.001589,75,1329.29369
257.853788,60,1329.38885
421.091709,80,1329.5015
447.0199,87,1329.636942
525.117197,114,1329.824711
421.365302,86,1329.95956
413.891102,77,1330.087383
385.424299,75,1330.210758
314.129502,66,1330.312991
367.370417,71,1330.426086
402.739275,80,1330.555214
457.635394,92,1330.703036
447.107387,89,1330.845699
346.169147,71,1330.956831
350.090593,70,1331.071636
424.179957,78,1334.456078
285.66405,56,1334.549081
408.214332,80,1334.68365
362.249064,68,1334.79862
369.811593,81,1334.932765
404.996669,76,1335.064451
499.992656,95,1335.217184
646.968155,119,1335.407125
215.691474,49,1335.485116
317.593594,61,1335.599319
668.26131,128,1335.853642
390.162743,79,1336.010064
402.292303,79,1336.16291
350.798292,66,1336.287447
454.202196,86,1336.449873
378.517438,71,1336.587204
424.404319,82,1336.749891
82.125971,18,1336.783155
562.58525,113,1337.005301
372.191902,70,1337.140818
434.308387,83,1337.30198
501.405511,97,1337.490237
434.995423,84,1337.650444
295.239612,62,1337.774316
456.834784,91,1337.953643
348.54705,67,1338.085174
464.205747,106,1341.377558
360.799998,72,1341.515155
472.006858,98,1341.703401
448.679061,93,1341.887745
503.472643,103,1342.087102
451.441471,86,1342.250547
397.500116,79,1342.402813
107.743781,22,1342.44276
436.176659,82,1342.602196
505.227123,96,1342.770644
316.961996,61,1342.870797
359.201459,74,1342.987064
460.742747,86,1343.119151
336.391781,65,1343.225527
404.980887,79,1343.351702
363.508834,76,1343.47656
87.31164,19,1343.505517
488.154931,94,1343.654567
402.426327,86,1343.798172
567.85601,116,1343.991928
257.326412,56,1344.089826
245.043383,51,1344.179555
496.845691,98,1344.343493
528.282044,110,1344.528747
354.197479,66,1344.636112
411.835972,89,1344.787477
633.677452,123,1348.322011
474.985462,93,1348.499378
323.346454,73,1348.638237
370.325589,74,1348.781848
433.182743,84,1348.941022
316.417884,68,1349.070509
404.89969,78,1349.220425
504.278555,104,1349.425936
397.39617,81,1349.588358
409.814535,91,1349.758979
369.444064,74,1349.858123
540.08353,103,1350.013388
603.87504,127,1350.211026
550.948998,117,1350.377843
377.721949,71,1350.497152
137.186404,28,1350.540515
401.164702,74,1350.662858
486.682463,100,1350.815384
495.591245,103,1350.983545
279.523369,57,1351.074469
390.042594,75,1351.201563
369.270055,71,1351.323376
362.268354,75,1351.445212
285.10797,56,1351.53942
412.065471,77,1354.887375
429.286526,82,1355.028354
649.547125,125,1355.236655
681.896243,140,1355.452109
384.023759,75,1355.569615
330.10644,66,1355.676502
395.182437,78,1355.795794
572.730488,112,1355.988001
348.596355,70,1356.103658
319.697925,67,1356.204547
481.949838,96,1356.353887
290.191222,65,1356.461847
440.24257,82,1356.586253
446.353582,83,1356.720607
386.138144,79,1356.848587
474.341055,97,1357.00085
334.296533,65,1357.105196
741.312829,142,1357.341619
431.821272,83,1357.472062
468.53781,90,1357.628665
411.804521,87,1357.765555
436.734704,86,1357.90923
478.004715,85,1358.049875
547.03373,102,1361.495365
380.327304,73,1361.635163
352.061847,67,1361.761298
348.262253,67,1361.885213
371.150092,74,1362.02862
354.839048,67,1362.154233
479.518301,90,1362.285272
402.873197,74,1362.37925
366.500685,76,1362.473442
348.308273,68,1362.55705
621.073691,120,1362.70625
350.690261,69,1362.791584
387.951074,76,1362.886917
500.233664,96,1363.007564
431.050321,82,1363.112415
462.469339,96,1363.265212
405.264431,81,1363.369968
319.794908,62,1363.470294
567.272308,115,1363.635181
316.167384,61,1363.715379
369.765264,67,1363.81452
432.680605,80,1363.946782
399.986255,77,1364.070521
409.317034,92,1364.223193
346.117304,74,1364.354659
495.022098,98,1364.517149
380.765241,72,1367.965867
499.054127,97,1368.154953
208.06765,45,1368.239503
292.967807,58,1368.346536
408.139133,79,1368.498556
286.908921,55,1368.596977
397.583059,77,1368.741692
283.090714,57,1368.845138
466.562547,89,1369.014337
114.046695,23,1369.054042
462.124503,86,1369.214405
434.306732,84,1369.369635
499.447255,104,1369.56864
487.118302,110,1369.780812
507.593438,97,1369.963805
491.879695,97,1370.142821
428.391464,81,1370.296427
602.276243,116,1370.513696
388.664317,73,1370.655348
371.84701,70,1370.789527
419.758483,83,1370.949968
332.795663,72,1371.08805
547.526366,110,1371.279676
248.653345,52,1371.362981
420.196261,78,1371.495452
312.116567,61,1371.586289
416.074674,78,1375.080774
88.259669,20,1375.113086
375.900757,70,1375.233079
398.82888,76,1375.376662
477.443156,90,1375.548762
411.042474,76,1375.680537
494.393039,99,1375.839355
416.759816,83,1375.975133
532.318742,103,1376.152991
386.36019,74,1376.258023
414.621674,80,1376.38166
434.798836,89,1376.527671
328.326873,64,1376.610937
636.696122,120,1376.762676
308.996207,62,1376.837916
505.956686,105,1377.011068
404.429662,78,1377.138395
295.928487,58,1377.223286
315.531094,62,1377.322204
410.254827,81,1377.448862
431.359895,85,1377.59429
288.358614,57,1377.675658
457.43321,90,1377.809626
329.209853,62,1377.902786
447.257208,83,1378.034822
450.965453,86,1378.170207
414.320695,78,1381.581903
409.525253,86,1381.748475
437.673141,82,1381.904418
449.853903,94,1382.079879
408.814985,77,1382.225624
283.151341,59,1382.334299
378.098648,77,1382.476529
356.379023,74,1382.614847
554.309452,107,1382.820534
402.423737,89,1382.995325
435.393059,83,1383.151502
469.266195,100,1383.339211
652.538908,141,1383.609964
289.293841,55,1383.709853
382.160598,81,1383.864133
188.96028,39,1383.935037
438.795839,90,1384.103302
382.864902,73,1384.241406
411.717223,80,1384.389298
409.901761,76,1384.523981
349.641139,68,1384.621161
435.70351,86,1384.754458
415.459734,84,1384.888779
405.580324,79,1384.99913
358.778723,70,1385.090503
757.005461,152,1388.547838
422.211233,85,1388.681421
326.446518,72,1388.805749
354.200722,67,1388.920718
456.579982,92,1389.084352
439.704483,85,1389.234431
546.73479,105,1389.406144
421.819181,80,1389.54109
312.269664,63,1389.640536
437.740282,89,1389.790585
327.653859,66,1389.883892
434.516964,82,1389.994465
499.511113,101,1390.156314
423.097866,79,1390.27229
488.967288,98,1390.423901
443.919362,81,1390.558961
307.094304,56,1390.641347
363.287605,68,1390.750167
424.475571,84,1390.893866
371.50187,72,1391.013091
778.740311,151,1391.242529
505.230232,95,1391.38455
345.058429,67,1391.491559
487.276701,94,1391.65098
419.233508,88,1395.143358
359.022253,66,1395.25398
416.831647,81,1395.393472
471.591063,86,1395.541689
421.024603,83,1395.677928
466.100282,93,1395.831421
394.754461,76,1395.949252
428.691488,87,1396.08196
433.566016,93,1396.223195
341.875073,64,1396.323311
447.284791,85,1396.458452
445.252309,86,1396.589528
399.732722,91,1396.718067
349.196708,67,1396.798804
421.615988,84,1396.90231
402.092565,78,1396.999904
339.947071,67,1397.091649
414.965798,81,1397.223227
409.645308,77,1397.341855
425.70352,83,1397.468306
405.908435,79,1397.603276
352.625654,72,1397.723111
704.162159,140,1397.98393
400.047732,78,1398.134119
799.286641,166,1401.700479
563.031975,114,1401.901157
408.671645,84,1402.04931
317.788332,60,1402.152839
419.155676,87,1402.300101
331.494234,69,1402.421548
593.504377,132,1402.64833
402.705942,77,1402.776674
363.674653,72,1402.897321
308.50352,62,1402.988415
563.823112,114,1403.147459
435.689554,85,1403.280554
661.066124,124,1403.479298
357.052725,68,1403.577991
511.164312,110,1403.758524
349.27,75,1403.884101
389.084373,77,1403.999988
383.528295,72,1404.109539
378.318952,77,1404.2307
340.439933,68,1404.33653
148.951283,32,1404.383914
457.533818,87,1404.520644
362.751322,69,1404.620246
457.938124,87,1404.748207
394.563086,76,1407.942105
356.535195,77,1408.091587
369.370099,79,1408.243703
352.145433,71,1408.366048
531.048737,103,1408.54299
338.514241,66,1408.652143
391.410021,75,1408.78146
407.040239,83,1408.918869
437.965165,86,1409.067166
425.492612,91,1409.218307
741.541563,150,1409.469951
541.659161,111,1409.650752
310.803707,65,1409.756273
320.515457,63,1409.860165
468.677362,90,1410.01557
564.338732,108,1410.204913
358.806081,68,1410.325041
540.447019,107,1410.512631
384.355231,78,1410.636432
456.426013,88,1410.773344
744.74092,144,1411.007109
499.014516,94,1411.161966
537.660537,111,1411.337659
498.65233,94,1414.79177
483.279054,93,1414.949149
541.795823,108,1415.138435
269.915223,59,1415.237305
599.811173,117,1415.434994
378.061681,74,1415.562282
511.115713,96,1415.724453
364.332679,71,1415.84276
409.647382,82,1415.979163
571.414535,114,1416.17349
443.924271,83,1416.311211
622.645943,122,1416.511251
403.258358,84,1416.656352
528.346411,113,1416.849527
510.864695,103,1417.01108
402.558582,76,1417.120387
423.521899,82,1417.251514
409.890601,80,1417.375623
134.498573,28,1417.416383
403.11765,79,1417.551984
81.144117,17,1417.575507
456.774217,86,1417.716741
513.487775,106,1417.895287
447.933533,91,1418.056003
515.948532,107,1421.367919
333.369048,79,1421.499071
395.219536,75,1421.622021
479.928793,95,1421.786495
439.560256,87,1421.941555
370.906101,74,1422.075742
441.617302,86,1422.233795
474.576355,90,1422.390992
409.369148,94,1422.556929
420.536047,90,1422.710634
294.031919,56,1422.803005
440.67445,81,1422.946721
282.892261,57,1423.042628
434.812769,86,1423.192242
427.223448,96,1423.348833
293.34129,61,1423.456502
461.769723,87,1423.604907
372.820732,70,1423.726481
417.116504,76,1423.855917
502.422973,95,1424.007606
485.219666,93,1424.175108
650.53655,124,1424.38553
418.966087,82,1424.520707
352.591444,69,1424.628367
376.462661,71,1428.221642
470.011394,91,1428.399935
312.83507,65,1428.528691
528.174509,114,1428.72722
522.096346,103,1428.902833
445.595005,88,1429.058855
474.270113,90,1429.212688
114.564579,26,1429.254546
132.274006,27,1429.299489
453.986961,87,1429.450661
451.338361,87,1429.600811
524.937056,98,1429.77319
359.336049,69,1429.895256
283.528514,62,1429.997287
396.200709,81,1430.129155
398.303864,80,1430.261567
377.24726,71,1430.380316
489.44842,99,1430.553235
544.573342,103,1430.721688
305.689776,62,1430.834193
601.532158,122,1431.075618
413.751004,81,1431.229473
435.346904,85,1431.394252
337.79227,63,1431.504503
477.235001,92,1431.658518
382.93763,73,1431.781252
569.829794,123,1434.983412
436.024732,85,1435.117776
460.414493,91,1435.272597
389.808827,84,1435.406566
316.754119,65,1435.507629
429.088371,80,1435.640586
450.040038,98,1435.816608
365.223033,69,1435.948061
426.098302,86,1436.116615
337.258348,67,1436.248642
436.812901,87,1436.421211
446.407892,81,1436.579509
453.433523,90,1436.755384
570.048828,110,1436.973665
342.036222,72,1437.119857
457.91134,90,1437.302556
459.190982,92,1437.482585
399.372168,85,1437.653359
491.065376,89,1437.830575
413.88146,79,1437.988646
377.346582,76,1438.139479
728.656487,142,1438.421154
492.51779,101,1438.616941
368.404697,74,1441.91013
394.111121,77,1442.039588
414.340346,81,1442.178566
550.100364,104,1442.344463
587.464871,115,1442.538328
635.21931,130,1442.763269
267.009828,59,1442.865463
442.2992,82,1443.012997
402.465817,77,1443.141522
398.021179,75,1443.270428
479.781376,96,1443.43939
413.644859,88,1443.601104
530.69805,97,1443.768546
317.063627,62,1443.880784
456.318925,92,1444.037725
372.670137,70,1444.153938
102.507812,22,1444.189329
439.838267,85,1444.345514
379.496975,78,1444.490602
81.260231,17,1444.519008
506.317504,108,1444.708708
340.274787,64,1444.821741
580.145871,119,1445.030801
355.872805,69,1445.148898
372.167561,85,1445.298319
292.328936,62,1448.693125
343.278592,68,1448.829189
471.409759,90,1449.005716
311.952262,70,1449.139664
358.891822,78,1449.29443
358.422653,75,1449.44607
478.474607,93,1449.628653
353.067531,69,1449.761815
328.258611,64,1449.886034
417.984482,78,1450.044179
539.329393,107,1450.257055
386.576706,78,1450.407747
441.691502,86,1450.581998
373.85287,84,1450.746906
591.259213,108,1450.959625
355.42078,76,1451.112411
348.839783,74,1451.25498
488.157932,91,1451.438833
344.577396,66,1451.568823
420.31795,77,1451.720223
737.47999,146,1452.007411
420.954432,87,1452.181231
487.200877,91,1452.361935
523.691403,111,1452.582088
461.123474,87,1455.978851
320.734716,61,1456.094422
388.861704,74,1456.235135
367.804416,73,1456.373156
248.834989,48,1456.461308
398.760803,74,1456.602686
418.519131,83,1456.768351
393.204452,76,1456.916131
743.686468,159,1457.235411
462.82016,89,1457.410933
442.621317,84,1457.575074
565.069203,109,1457.790844
505.349536,98,1457.964497
655.999048,126,1458.179828
416.633535,82,1458.322161
550.47932,107,1458.50617
323.369859,62,1458.608034
350.184335,71,1458.726881
448.242874,86,1458.879073
446.216625,98,1459.0457
449.349792,85,1459.191772
459.107801,87,1459.339231
387.992308,83,1459.490364
390.16935,81,1459.654777
389.615868,81,1463.151641
129.109781,26,1463.201816
285.413086,63,1463.325748
602.399254,130,1463.553229
358.594525,69,1463.667995
358.670821,71,1463.794538
596.624335,119,1463.995603
446.598255,91,1464.14764
336.520628,67,1464.258368
501.213773,100,1464.430961
434.788847,87,1464.577026
368.407306,75,1464.704114
636.696711,121,1464.916597
412.835009,77,1465.050215
363.634742,73,1465.169613
244.876394,51,1465.253965
320.836314,61,1465.35801
392.224838,74,1465.487527
390.403054,75,1465.617255
299.600433,60,1465.71592
391.180067,76,1465.852167
442.545198,87,1466.002363
512.275608,97,1466.175162
682.476645,133,1466.395053
87.383228,19,1466.423138
285.400829,58,1466.516189
372.916241,74,1469.874725
391.134048,75,1469.995807
480.272346,99,1470.163695
264.974958,54,1470.252316
439.309908,84,1470.391882
285.416059,63,1470.497975
707.107391,134,1470.728448
287.408496,54,1470.819341
428.102145,86,1470.96945
754.286827,142,1471.211064
367.437103,76,1471.343741
333.432956,69,1471.463659
377.897701,79,1471.608255
321.815089,66,1471.716553
393.060833,82,1471.865291
306.699209,61,1471.973445
498.417168,97,1472.139569
494.961437,98,1472.311895
529.840072,111,1472.502226
600.181503,133,1472.729891
425.2113,95,1472.89782
525.675774,98,1473.060316
333.357384,64,1473.173168
517.212387,108,1476.629745
277.845486,54,1476.734583
503.074295,96,1476.908813
492.988442,97,1477.094068
432.95619,84,1477.257738
319.049735,61,1477.378585
538.872602,113,1477.595752
328.128544,67,1477.727804
481.441201,96,1477.92039
548.257612,106,1478.123341
361.659147,68,1478.249787
600.480304,116,1478.47769
230.379336,49,1478.567887
471.329934,95,1478.750259
484.648914,95,1478.92929
342.716548,64,1479.048898
529.109719,100,1479.247049
414.520307,79,1479.399394
572.612997,107,1479.607785
465.913904,85,1479.773083
380.971408,73,1479.916881
509.38254,106,1480.123945
371.02363,75,1480.269733
443.874399,83,1480.430977
90.84257,20,1480.468055
374.002759,74,1483.948651
382.987965,76,1484.070822
308.807601,57,1484.156629
243.53245,53,1484.239752
396.947563,80,1484.366849
379.834093,74,1484.503784
498.516001,90,1484.664913
312.563836,62,1484.766227
456.020331,84,1484.909665
464.99773,88,1485.058835
368.369855,69,1485.173826
442.836183,87,1485.32498
395.087988,77,1485.460273
422.87951,86,1485.603724
387.626156,74,1485.735129
394.680543,83,1485.873793
274.938476,58,1485.981212
439.891058,87,1486.132554
316.091135,66,1486.248055
510.674542,112,1486.447606
389.944144,74,1486.576931
458.19204,92,1486.735374
345.48626,70,1486.846649
384.348238,72,1486.962379
331.120395,72,1487.079628
453.24201,89,1487.229785
482.614004,91,1490.627836
456.986873,85,1490.794379
324.509476,69,1490.930617
426.57498,86,1491.103653
475.474407,98,1491.304044
406.998963,79,1491.460834
273.472324,57,1491.562079
480.193281,99,1491.738909
317.000109,67,1491.876174
360.136128,71,1492.012687
463.044747,88,1492.187524
494.848537,102,1492.385865
364.53924,71,1492.526875
128.549322,27,1492.578392
377.987174,72,1492.720479
385.091752,74,1492.862239
484.326069,99,1493.056434
454.842849,87,1493.226856
430.094664,85,1493.392472
340.076482,64,1493.516683
726.322486,149,1493.81062
563.650704,116,1494.040023
258.547646,53,1494.142904
634.843091,133,1494.402684
403.63658,73,1494.542705
481.999799,95,1498.109596
414.813409,88,1498.278672
431.011595,82,1498.431051
307.321537,67,1498.555686
590.494121,120,1498.78337
337.999132,68,1498.908899
347.558323,68,1499.035785
395.405882,76,1499.178478
579.356765,115,1499.408909
462.619838,90,1499.580166
575.966396,118,1499.791825
354.885355,67,1499.906186
309.963872,59,1500.002864
80.911326,19,1500.032049
476.293356,91,1500.189354
368.61376,78,1500.328851
490.828715,107,1500.543852
484.569724,94,1500.729026
410.838682,78,1500.882476
507.116449,99,1501.067523
527.901881,107,1501.278905
477.248082,93,1501.460851
351.237573,73,1501.606735
336.123767,67,1501.734711
526.1127,97,1504.986311
448.742731,85,1505.126174
443.527562,84,1505.261146
512.174666,104,1505.438657
462.124516,94,1505.588187
525.538685,104,1505.748978
613.208043,127,1505.953338
361.797211,75,1506.083582
398.288904,76,1506.214345
509.009883,104,1506.388068
506.430423,99,1506.556951
472.51281,98,1506.725944
509.817144,105,1506.9131
385.71471,82,1507.050063
563.349447,102,1507.223417
579.331614,112,1507.414227
384.845931,72,1507.536896
408.253551,80,1507.673507
206.830471,44,1507.74458
430.757831,84,1507.884557
337.86045,62,1507.988174
388.182967,75,1508.115884
181.213701,38,1508.175014
498.465543,109,1508.359384
742.140713,145,1511.778377
610.721238,117,1512.010823
525.738016,101,1512.209428
334.955466,64,1512.331511
606.961931,128,1512.592361
545.422658,115,1512.793926
475.024557,101,1512.972206
344.347941,72,1513.096846
521.989042,106,1513.27929
484.407417,93,1513.448421
774.865455,164,1513.738774
501.117126,97,1513.907778
438.546061,90,1514.058836
440.3676,91,1514.217091
420.624195,82,1514.363123
401.337824,84,1514.511623
510.691167,98,1514.665481
365.311019,73,1514.777459
400.913588,81,1514.915696
582.202349,125,1515.121256
431.625135,97,1518.656663
398.471742,80,1518.786526
429.952729,82,1518.911183
409.453819,80,1519.046938
320.687437,64,1519.16314
373.110326,70,1519.286153
313.573326,70,1519.40608
359.598297,68,1519.528057
408.718153,76,1519.659559
501.068579,92,1519.819115
154.279335,33,1519.875256
560.48323,105,1520.061937
468.961503,92,1520.216622
361.909255,73,1520.347442
430.685213,86,1520.495605
417.965658,82,1520.644047
462.123806,99,1520.814165
602.893583,121,1521.029483
485.30566,94,1521.195598
703.301775,136,1521.43446
495.418085,99,1521.592449
343.455588,67,1521.708319
504.621274,97,1521.865012
405.938515,82,1522.007307
408.764706,83,1525.386888
703.906055,137,1525.664168
610.250904,118,1525.889142
400.306875,79,1526.0446
475.379775,88,1526.219845
438.629527,90,1526.398309
290.831962,67,1526.514883
452.18891,85,1526.658238
397.00099,79,1526.795348
337.022079,73,1526.922368
371.436472,72,1527.046802
464.663713,105,1527.219246
468.649077,98,1527.384913
271.260276,59,1527.488948
540.418598,122,1527.703155
445.28334,84,1527.841892
389.052439,73,1527.962807
466.371962,92,1528.116878
262.18978,53,1528.201652
448.792374,90,1528.338614
430.007453,84,1528.468602
297.178768,60,1528.559932
497.932722,98,1528.719405
403.845608,77,1528.832746
115.141947,25,1532.15987
384.414408,71,1532.280099
344.987036,72,1532.393148
336.604242,64,1532.504961
404.886867,80,1532.637732
418.691801,79,1532.772572
405.006919,80,1532.905447
428.771292,84,1533.051102
539.484092,115,1533.257914
386.615701,72,1533.382491
481.204124,91,1533.535253
433.820379,86,1533.685951
526.849975,102,1533.862741
410.622505,76,1533.996215
556.698627,111,1534.189805
377.182763,73,1534.307235
441.899254,84,1534.450375
783.131035,154,1534.720422
400.196507,78,1534.869308
170.738792,35,1534.934117
512.746055,103,1535.130936
490.61027,102,1535.332568
506.051575,102,1535.528509
469.474133,95,1535.716054
264.604045,53,1539.054279
441.431755,88,1539.224762
554.322672,118,1539.462144
292.586959,57,1539.571842
403.218899,81,1539.731696
448.88168,87,1539.906304
457.166095,93,1540.094197
435.59885,84,1540.251602
464.049272,87,1540.399584
364.45049,79,1540.536355
422.540118,83,1540.670622
468.942949,90,1540.812331
370.157913,75,1540.938834
362.090739,72,1541.063121
442.64231,83,1541.193526
916.456411,194,1541.525815
415.410365,79,1541.657579
395.327375,88,1541.803756
476.020074,91,1541.954799
419.262308,92,1542.111429
423.270196,96,1542.274143
555.353439,111,1542.458709
415.577918,81,1542.586626
525.836231,98,1546.058449
317.74061,61,1546.1753
359.003609,73,1546.315894
246.841952,51,1546.415326
507.546436,93,1546.592187
457.54752,96,1546.776791
416.153136,82,1546.922828
342.144397,74,1547.053493
533.731369,103,1547.236176
323.711923,74,1547.359583
383.534569,77,1547.511877
593.769848,112,1547.724014
437.534269,87,1547.89204
472.025308,89,1548.067618
393.409285,78,1548.219018
547.257917,102,1548.418515
81.47252,19,1548.453249
283.997261,63,1548.572744
245.098399,52,1548.675333
312.807824,62,1548.794415
512.377797,98,1548.98806
516.132787,100,1549.18633
414.637967,79,1549.340362
365.673299,69,1549.475182
327.325386,67,1549.603487
551.489723,100,1549.795684
410.405867,82,1553.245516
374.336648,72,1553.360036
412.539008,79,1553.49483
645.498981,134,1553.720417
420.880999,82,1553.866467
478.726048,95,1554.028895
516.48499,100,1554.196893
475.385885,86,1554.335774
485.928256,94,1554.498904
460.458403,105,1554.67645
309.599671,69,1554.79591
446.669998,89,1554.953685
501.011487,94,1555.108895
394.507402,78,1555.233201
616.797346,115,1555.426773
417.264084,79,1555.557685
522.485112,104,1555.72808
482.191441,95,1555.884685
395.449769,78,1556.013407
377.839485,78,1556.14176
521.2416,102,1556.31908
504.263801,101,1556.489232
371.789581,73,1559.939085
311.214911,71,1560.073885
397.558526,75,1560.220986
484.961305,94,1560.406745
310.400127,61,1560.524062
714.824533,137,1560.79475
421.001064,85,1560.95811
477.304268,100,1561.157564
90.050681,19,1561.191562
395.666023,79,1561.345898
336.564406,73,1561.486263
406.104033,87,1561.657008
442.883411,86,1561.825137
547.204871,102,1562.022623
404.885779,80,1562.181802
493.079302,96,1562.373176
527.903279,100,1562.563905
546.064839,109,1562.772602
350.291923,71,1562.909641
618.465998,116,1563.132857
449.851644,92,1563.308961
419.61512,91,1563.485952
508.088431,99,1563.676525
569.544848,111,1567.175367
467.181285,105,1567.382567
374.216417,72,1567.52243
544.02996,113,1567.742167
469.584789,91,1567.917243
650.367416,135,1568.176919
455.492857,92,1568.352551
479.396255,92,1568.532505
369.587536,78,1568.68498
450.540328,93,1568.872781
527.775056,109,1569.08996
470.856209,92,1569.270967
490.186191,91,1569.441785
436.540626,89,1569.611871
466.178816,92,1569.788101
403.342546,82,1569.941819
474.387977,91,1570.121089
442.013697,90,1570.291498
337.375662,70,1570.420554
441.804775,85,1570.535778
480.763543,93,1570.64917
394.743575,87,1570.787553
333.052885,68,1570.899601
349.782049,70,1574.228214
428.376719,82,1574.370251
456.038727,90,1574.518794
406.481388,78,1574.651242
521.483968,101,1574.809329
342.338576,71,1574.922788
409.142783,80,1575.057764
632.46802,130,1575.280807
212.825463,44,1575.359897
352.914742,69,1575.483591
373.932062,75,1575.60847
358.234437,68,1575.715904
410.391685,82,1575.847894
448.841238,85,1575.983283
483.578735,91,1576.140592
546.804233,102,1576.320436
518.401383,98,1576.484622
376.968934,72,1576.597856
346.359544,69,1576.709877
448.575763,88,1576.867414
547.86628,103,1577.034061
498.993978,95,1577.198375
312.843904,65,1577.304537
436.005549,82,1577.446864
452.331504,88,1580.869715
548.824431,106,1581.073539
353.004637,70,1581.21048
452.793388,90,1581.383003
337.475458,66,1581.512813
406.822305,81,1581.666635
373.384092,73,1581.808018
531.490822,105,1582.013222
443.671324,95,1582.203409
503.177643,95,1582.385212
262.382284,56,1582.49459
407.350388,82,1582.656023
311.439431,64,1582.780826
423.188372,82,1582.939562
679.213255,146,1583.221091
488.710246,89,1583.395158
327.924042,64,1583.517251
376.995285,73,1583.654182
500.675435,102,1583.852009
418.083058,82,1584.005048
528.083141,101,1584.19899
566.301817,109,1584.408728
520.740637,103,1584.600875
324.489477,59,1584.713007
494.748704,93,1588.129582
568.278498,105,1588.305384
408.793252,87,1588.44709
500.750784,106,1588.624011
463.760965,88,1588.772155
473.165432,105,1588.953594
502.982336,97,1589.120269
363.565246,81,1589.254804
386.930749,87,1589.393436
347.073173,67,1589.503637
369.06854,75,1589.637269
301.764683,65,1589.747836
485.391282,94,1589.912537
450.494584,86,1590.050355
366.70707,76,1590.184903
354.625605,70,1590.297821
430.056748,82,1590.425253
416.638031,77,1590.544704
477.312962,105,1590.729805
521.119428,100,1590.892781
622.282393,128,1591.094379
476.577171,103,1591.231125
491.344055,94,1591.38137
272.640483,64,1594.837494
477.99767,93,1595.030899
416.57967,85,1595.205283
282.598557,56,1595.316864
643.823006,125,1595.5697
435.957197,82,1595.73265
414.11512,83,1595.892506
663.10524,135,1596.158678
510.304603,101,1596.359101
403.02057,78,1596.514921
395.24056,78,1596.671767
422.724191,81,1596.822286
529.784014,113,1597.044273
254.079549,49,1597.139318
422.084367,80,1597.292367
387.497163,77,1597.438973
297.700629,67,1597.568013
399.781624,80,1597.721921
534.74106,112,1597.936684
446.717825,84,1598.097269
437.022714,84,1598.256667
548.625943,106,1598.462915
552.10008,113,1598.669935
669.56411,131,1602.195274
435.043487,90,1602.374893
645.884152,120,1602.608476
367.284677,72,1602.747763
527.290197,100,1602.947416
440.154025,90,1603.127155
412.161693,82,1603.288562
402.97742,82,1603.445476
425.472816,80,1603.602425
346.251322,71,1603.741095
374.110595,69,1603.878887
400.923056,84,1604.042538
450.648526,86,1604.214078
340.593113,81,1604.373507
568.065649,108,1604.584977
396.747605,88,1604.762303
446.050699,89,1604.937558
386.088082,86,1605.107447
396.10817,77,1605.252755
417.633842,88,1605.42376
577.538117,112,1605.643309
483.178644,90,1605.822093
418.956652,93,1606.002219
785.854154,165,1609.720032
410.020277,83,1609.858211
372.365525,83,1609.996249
440.204003,87,1610.144987
374.749874,75,1610.277142
409.918104,77,1610.405889
528.25775,106,1610.571481
401.023815,80,1610.692548
337.744943,66,1610.799125
378.747716,73,1610.910098
416.042314,81,1611.033945
294.739386,57,1611.114437
451.119472,99,1611.274298
414.131233,86,1611.41275
394.213051,89,1611.563313
405.631473,87,1611.701671
107.272863,24,1611.734997
456.14135,85,1611.88097
463.363534,93,1612.039621
394.606504,78,1612.161629
360.050521,69,1612.280595
601.63692,120,1612.485119
411.916499,88,1612.625211
352.453547,68,1612.736835
526.150474,107,1616.349754
401.588767,77,1616.503609
470.891374,97,1616.685174
426.349312,82,1616.818616
395.304104,80,1616.953824
462.845148,91,1617.094838
253.733491,54,1617.177663
303.436067,63,1617.278323
485.483922,103,1617.444427
392.28698,81,1617.595909
499.722319,100,1617.795226
489.374675,96,1617.980214
397.283835,75,1618.127799
431.704145,82,1618.28919
170.787467,38,1618.359055
306.022664,63,1618.482328
383.436512,73,1618.626763
105.689218,22,1618.667544
314.837336,62,1618.785515
367.271329,73,1618.927166
525.592529,107,1619.13733
592.117093,115,1619.364908
380.656215,74,1619.507039
424.2394,82,1619.668532
489.815052,99,1619.863051
530.688955,104,1623.28916
208.796211,43,1623.36161
519.136353,104,1623.528328
618.612317,123,1623.739039
310.327615,65,1623.847399
367.415185,73,1623.961914
328.46827,72,1624.080373
432.622736,82,1624.215748
428.82882,87,1624.359478
368.1418,69,1624.470049
420.791921,83,1624.60408
444.213443,89,1624.725795
280.619824,54,1624.812898
431.624424,89,1624.955086
412.692431,79,1625.064388
384.693115,81,1625.206595
455.335289,98,1625.352632
506.739466,101,1625.506367
386.1369,78,1625.618445
339.458704,65,1625.719722
504.298979,97,1625.865257
507.143672,96,1625.979813
512.942947,96,1626.117467
352.856203,71,1626.217889
483.209799,105,1626.351704
535.859054,110,1629.436554
381.547117,72,1629.545273
401.68104,81,1629.668292
372.295028,71,1629.767123
525.442069,107,1629.951475
466.205146,94,1630.109854
359.244074,73,1630.229983
496.726472,107,1630.415671
271.987926,54,1630.50201
553.077732,110,1630.685328
235.323984,52,1630.767124
316.808042,66,1630.875412
384.557932,77,1631.007944
599.409035,115,1631.201853
316.44586,63,1631.309763
396.311956,73,1631.431034
367.354455,76,1631.552221
372.792042,74,1631.674518
340.563746,64,1631.775177
500.114266,100,1631.957784
406.526773,78,1632.10776
443.069702,82,1632.25929
373.425379,77,1632.407261
393.898333,78,1632.553394
433.071075,82,1632.708924
561.681043,119,1636.254293
462.153208,105,1636.460896
473.570197,98,1636.654718
421.637345,92,1636.837595
536.4923,107,1637.044636
529.424013,108,1637.259418
482.430301,94,1637.441241
490.569079,96,1637.624776
382.923391,80,1637.786471
366.455317,72,1637.927315
329.637788,66,1638.057535
433.722068,83,1638.220031
431.71361,83,1638.383214
429.598391,84,1638.551772
411.789797,80,1638.710593
495.545778,95,1638.902294
434.195882,90,1639.072038
540.255721,114,1639.294039
489.706262,92,1639.46926
269.036787,56,1639.579003
494.850469,94,1639.757414
350.380744,68,1639.888805
318.671708,62,1640.007545
305.862085,58,1640.116598
92.77269,20,1643.333883
355.019657,70,1643.458941
352.853837,68,1643.56953
409.787755,81,1643.710733
350.178798,68,1643.823469
440.365296,81,1643.962351
423.431177,87,1644.10906
575.077563,113,1644.306717
428.944559,83,1644.447888
440.431562,82,1644.571287
531.158197,118,1644.778792
366.076439,69,1644.89653
407.543165,84,1645.034868
426.84957,91,1645.195658
333.148172,67,1645.305229
468.888297,90,1645.455295
863.033536,178,1645.768923
341.086404,70,1645.886687
511.99036,98,1646.048959
359.753558,77,1646.172414
383.630089,75,1646.295067
452.00374,89,1646.459457
477.052245,90,1646.633724
512.120399,94,1646.81883
489.746821,96,1650.556223
440.165085,91,1650.738985
420.395888,81,1650.898161
462.462906,101,1651.100748
636.466696,130,1651.35874
588.272039,120,1651.598262
615.77014,119,1651.83076
447.359291,92,1652.007926
654.034174,140,1652.285505
429.161178,85,1652.446491
507.197426,101,1652.641162
387.639717,77,1652.786535
445.417643,85,1652.950987
418.006321,88,1653.121396
469.921988,91,1653.295332
381.605093,74,1653.435186
462.291431,95,1653.620282
351.98812,71,1653.755483
414.843995,75,1653.895264
402.151649,78,1654.047008
380.485331,68,1654.178362
560.377571,115,1657.633678
86.330553,18,1657.661679
548.807827,116,1657.859912
416.962544,80,1657.997728
405.996959,83,1658.13705
322.63966,65,1658.239765
631.832286,124,1658.439196
429.901063,82,1658.571174
449.780927,86,1658.708992
479.499222,87,1658.849746
81.109247,17,1658.874379
443.232593,86,1659.006962
436.89122,81,1659.140691
492.807248,93,1659.290665
512.581131,117,1659.490313
411.864288,89,1659.641994
277.916976,57,1659.735612
557.710547,116,1659.92508
461.000609,91,1660.107743
461.102704,101,1660.308068
371.547832,79,1660.463368
421.910302,85,1660.633787
559.527141,106,1660.837451
415.337071,80,1660.993644
458.840703,101,1664.641955
346.314953,69,1664.762599
473.400959,106,1664.953696
580.896541,107,1665.14109
565.800193,127,1665.370924
385.933024,73,1665.498815
112.533951,24,1665.535032
395.591113,81,1665.672656
362.936365,71,1665.788718
471.772189,91,1665.944529
394.615863,80,1666.076979
380.426549,72,1666.198189
355.599913,69,1666.317285
548.500899,117,1666.50562
499.840648,101,1666.672766
481.853114,90,1666.823016
356.430298,65,1666.929804
507.26407,104,1667.068778
650.199794,120,1667.258875
393.991216,79,1667.372695
394.522007,75,1667.481975
469.065916,93,1667.626552
645.024075,127,1667.855272
569.946934,122,1671.421885
429.556032,81,1671.557824
648.438587,142,1671.801406
390.564726,77,1671.929801
468.767064,93,1672.094108
431.576472,91,1672.24806
307.704649,61,1672.346947
382.28396,74,1672.476348
358.800399,69,1672.597085
486.606049,95,1672.757838
474.541393,90,1672.909138
411.241241,79,1673.033695
551.016945,102,1673.202142
485.870066,99,1673.364033
253.896469,53,1673.465231
568.361057,111,1673.683724
487.48172,95,1673.861661
350.3203,69,1673.992689
313.844342,69,1674.123335
374.481135,74,1674.264239
446.890103,86,1674.431276
437.953198,83,1674.591847
443.647402,96,1674.771315
367.223256,77,1674.920416
382.101912,77,1678.321733
317.722725,65,1678.43402
312.418122,66,1678.550302
549.605708,120,1678.77151
336.964781,69,1678.898012
792.151626,154,1679.168674
347.370679,73,1679.300689
304.665778,63,1679.410538
339.680559,75,1679.536136
615.953168,119,1679.750426
438.011623,96,1679.945262
498.683197,95,1680.136262
220.905651,53,1680.238812
430.023673,83,1680.39752
506.849845,95,1680.586895
334.812197,64,1680.70824
321.963856,65,1680.834694
322.458705,67,1680.962214
339.663624,73,1681.102467
395.672828,77,1681.252499
417.581731,80,1681.406197
436.491592,85,1681.572936
624.538753,137,1681.845251
351.07881,70,1681.982856
366.398801,68,1682.112991
590.906588,124,1685.758879
635.563977,127,1685.982469
345.939456,68,1686.098554
344.229697,82,1686.244589
406.76611,75,1686.375536
376.067773,72,1686.502273
370.536743,72,1686.627145
462.953927,87,1686.778297
453.072343,91,1686.935605
286.30862,60,1687.031729
366.348913,71,1687.153371
494.99614,93,1687.304366
288.360055,59,1687.395895
430.446844,83,1687.5377
379.11976,73,1687.660715
394.369042,77,1687.774665
337.408344,68,1687.873112
382.060314,75,1688.002053
518.10045,103,1688.177082
298.099186,62,1688.268456
359.096739,73,1688.380546
276.980718,55,1688.460123
842.803762,170,1688.722351
212.383103,47,1688.790453
607.949932,117,1692.269706
589.275419,108,1692.464658
323.164741,63,1692.572343
398.741363,76,1692.700763
452.410984,92,1692.850574
482.367895,101,1693.02151
546.896669,108,1693.207467
324.668344,68,1693.323095
423.356129,84,1693.463362
604.526597,119,1693.665162
462.332392,87,1693.809865
354.423644,72,1693.930047
388.674649,77,1694.06084
381.863841,79,1694.194818
411.131954,79,1694.343678
87.789431,19,1694.37764
754.004832,155,1694.686059
568.379655,117,1694.872738
478.450855,92,1694.993784
495.650249,92,1695.111669
452.183654,90,1695.222753
527.57186,111,1695.365808
312.21769,68,1695.455384
272.211247,53,1695.533047
464.573544,89,1698.962695
424.575349,82,1699.111028
488.548127,101,1699.291756
460.353714,102,1699.474882
461.915466,98,1699.643913
550.487253,117,1699.856598
330.370206,67,1699.974254
439.840475,85,1700.1246
305.460448,61,1700.236146
356.22266,78,1700.373692
385.959891,78,1700.511201
323.837654,62,1700.623154
672.243488,134,1700.841207
550.11582,102,1701.015016
452.647689,97,1701.179254
461.509031,86,1701.317765
488.408518,105,1701.485286
558.482066,109,1701.681067
544.301979,109,1701.897753
208.571157,43,1701.981567
434.033795,84,1702.143949
506.837439,95,1702.332228
433.060776,92,1705.935469
526.139775,101,1706.117272
425.196241,82,1706.264666
524.399052,100,1706.444366
409.242914,84,1706.581077
453.914946,88,1706.735431
573.782896,116,1706.934115
377.553191,72,1707.060102
361.531835,72,1707.182548
317.6372,63,1707.294618
266.109519,59,1707.395353
445.193672,85,1707.538394
423.659793,83,1707.677067
427.64557,79,1707.793482
479.181887,89,1707.933909
334.023337,67,1708.042614
633.668178,136,1708.274059
392.93888,87,1708.408718
373.231091,72,1708.52492
794.537541,162,1708.792904
402.921255,81,1708.931674
412.382865,96,1709.083869
333.948594,72,1709.196852
437.039832,90,1709.356947
441.226975,89,1712.758316
585.899199,125,1712.973862
385.676929,78,1713.108475
426.545993,88,1713.255256
414.479744,82,1713.390804
510.313958,102,1713.571833
505.483597,106,1713.74863
309.651879,68,1713.867769
498.372398,103,1714.048161
477.813826,99,1714.21288
469.540733,93,1714.368741
394.091032,84,1714.517103
324.1229,72,1714.627059
347.749055,67,1714.726763
431.051151,83,1714.855459
440.935093,89,1715.006607
512.410527,106,1715.214887
483.242884,92,1715.396842
321.903399,64,1715.523113
546.429866,102,1715.720665
506.477289,102,1715.92334
527.388269,98,1716.112942
292.603549,63,1716.233545
401.433926,79,1719.757179
369.412964,79,1719.901824
511.258798,108,1720.104372
341.101764,76,1720.245057
407.957007,87,1720.398199
451.404242,83,1720.541698
444.759687,87,1720.691112
497.023444,101,1720.858554
508.680578,92,1721.006018
341.124453,70,1721.131396
325.286492,69,1721.248601
475.018041,86,1721.391763
416.306385,84,1721.528722
368.696183,74,1721.649243
389.197132,76,1721.774374
222.593444,46,1721.855204
432.091677,94,1722.026016
310.718089,60,1722.142155
470.904978,88,1722.31298
322.907047,65,1722.441155
322.523835,61,1722.558138
328.385555,67,1722.687477
534.602334,106,1722.893483
327.21176,64,1723.016189
273.099523,54,1723.119721
372.874949,73,1723.256762
565.168418,127,1726.750768
325.978584,63,1726.86947
563.260442,123,1727.09431
390.866381,76,1727.230064
337.566077,62,1727.322966
80.613734,17,1727.346726
399.340089,76,1727.474154
299.153795,63,1727.572501
435.48898,88,1727.71669
561.51552,106,1727.890547
423.025426,82,1728.017491
335.607843,75,1728.135791
365.311095,71,1728.254005
401.621352,74,1728.370923
420.056442,83,1728.507777
484.174479,93,1728.652508
321.365486,66,1728.751312
575.331769,123,1728.95257
356.399286,68,1729.059177
381.557726,83,1729.184918
450.397771,83,1729.326268
90.323575,20,1729.358453
442.542219,86,1729.505989
441.114948,93,1729.662125
448.837602,89,1729.81607
467.566657,90,1733.159449
368.822503,71,1733.292125
289.222561,60,1733.399752
402.777334,75,1733.532255
432.107775,91,1733.684738
407.558169,88,1733.834119
389.0623,82,1733.974407
409.153742,91,1734.130244
489.686998,91,1734.28783
384.057496,79,1734.42512
316.696185,67,1734.546199
378.166338,81,1734.679495
422.746282,85,1734.82348
316.805382,69,1734.951648
427.224092,82,1735.107758
341.628645,78,1735.263854
620.710747,128,1735.520578
736.289634,141,1735.794649
365.613181,71,1735.930996
648.051309,131,1736.191555
345.345846,69,1736.32048
304.600241,61,1736.440004
694.181068,150,1736.730974
507.052961,105,1740.358786
421.629875,82,1740.501919
427.888833,86,1740.655131
477.373717,96,1740.81756
523.380259,97,1740.982674
310.114141,64,1741.096045
688.92207,141,1741.339545
566.832637,125,1741.552878
534.632199,109,1741.742401
479.60297,91,1741.898822
457.266828,93,1742.041276
673.550555,132,1742.236135
369.869603,74,1742.364142
366.619028,70,1742.472942
437.423201,93,1742.627677
415.898416,90,1742.7694
366.265583,70,1742.883709
476.936446,98,1743.054771
581.278958,112,1743.23397
376.645207,71,1743.349502
254.47691,55,1743.441182
632.340823,123,1743.678984
515.54862,102,1747.102979
561.284555,112,1747.30176
327.292584,68,1747.421712
521.917636,102,1747.602051
352.160409,78,1747.729495
391.661618,75,1747.848834
523.605197,101,1748.006659
731.306866,156,1748.243907
434.307682,100,1748.407188
317.98138,63,1748.51037
519.728393,99,1748.659473
433.494965,97,1748.803697
397.818005,85,1748.937218
459.66868,87,1749.071018
592.365498,115,1749.248013
415.931532,81,1749.367593
398.517967,76,1749.48577
297.834002,64,1749.582959
105.056964,22,1749.614445
339.709264,68,1749.712062
517.430167,99,1749.851921
521.294583,108,1750.01991
296.059907,58,1750.106665
402.681539,80,1750.220104
520.073095,95,1753.613388
304.84813,64,1753.719731
512.355059,103,1753.898973
386.793119,75,1754.025502
373.305376,72,1754.144994
495.453998,96,1754.314575
391.706464,78,1754.45093
328.950469,73,1754.575249
250.013687,56,1754.67182
129.57332,26,1754.715248
420.876123,78,1754.844466
354.140714,68,1754.962873
359.457555,67,1755.079345
495.044256,97,1755.250863
609.590176,119,1755.465306
588.782568,113,1755.662357
454.477289,88,1755.80638
456.345364,84,1755.949343
426.090739,84,1756.080034
356.284809,75,1756.207438
451.292618,86,1756.355611
366.911725,70,1756.478385
619.139003,118,1756.659122
334.2206,69,1756.765367
528.254811,109,1756.946623
453.935457,88,1760.415221
460.590623,91,1760.569442
599.480662,115,1760.762693
504.57343,99,1760.931318
273.11997,54,1761.020431
466.031812,89,1761.166818
470.120513,92,1761.31425
353.493712,70,1761.428823
391.778397,78,1761.546991
520.301791,106,1761.72534
504.137815,95,1761.879661
397.315874,77,1762.006322
457.987603,88,1762.156257
495.124928,89,1762.29754
413.569972,77,1762.413165
519.527383,97,1762.566168
437.330961,86,1762.704304
501.466319,104,1762.874326
467.705434,91,1763.010856
407.671565,87,1763.165133
340.963267,64,1763.260844
625.558994,121,1763.45143
423.30791,84,1763.583499
390.169677,75,1767.009048
415.374,86,1767.158648
410.546395,79,1767.295469
501.765188,110,1767.492223
481.766507,96,1767.666559
476.488313,97,1767.844602
570.059925,113,1768.04857
510.278845,101,1768.227557
627.558696,117,1768.425034
441.475923,86,1768.562477
473.298027,96,1768.723564
397.576964,73,1768.835649
446.410691,85,1768.981014
398.285172,76,1769.113132
319.735886,62,1769.214788
438.365039,95,1769.397435
393.523105,81,1769.557275
576.671247,113,1769.785164
398.578991,75,1769.930972
436.126536,83,1770.09917
393.064082,87,1770.273811
301.575658,66,1770.405803
344.673816,67,1770.538768
267.387642,53,1774.152841
442.855909,92,1774.318758
217.166328,46,1774.400138
406.658852,80,1774.547257
380.651743,76,1774.680994
397.642311,81,1774.827725
320.034128,67,1774.942908
359.032608,69,1775.067256
485.884363,91,1775.223434
376.690259,71,1775.345764
525.573279,104,1775.52973
252.460464,51,1775.620818
519.734042,117,1775.825098
406.55143,80,1775.961435
410.854087,85,1776.101694
566.044268,110,1776.283692
350.07015,70,1776.390897
546.440411,105,1776.574369
378.284624,72,1776.681061
346.225227,65,1776.77925
453.465189,90,1776.916625
553.323754,105,1777.083167
328.048597,65,1777.197089
496.561711,98,1777.3502
421.034794,83,1777.493244
333.469409,66,1780.829813
354.79312,72,1780.978078
385.295639,72,1781.124901
726.513759,146,1781.41475
343.871893,68,1781.552637
355.262912,70,1781.696912
419.54735,87,1781.867608
364.979706,71,1782.008999
380.027835,76,1782.158965
317.625731,63,1782.284218
487.141307,92,1782.464598
356.593481,70,1782.604234
556.667278,114,1782.822897
437.301083,79,1782.987136
370.027425,72,1783.127028
426.075354,83,1783.287551
394.338409,81,1783.441202
487.546218,93,1783.622113
362.816752,69,1783.753316
556.910435,110,1783.969018
354.440638,68,1784.065444
396.794633,81,1784.208782
446.983397,86,1784.332521
361.443485,72,1784.444389
595.005068,125,1784.648936
521.115427,96,1787.946273
396.19669,89,1788.100557
566.253193,112,1788.30006
261.264799,54,1788.401588
521.134994,101,1788.604695
781.787414,155,1788.916415
556.512113,105,1789.125314
493.657083,93,1789.307073
311.280889,59,1789.417705
657.915664,140,1789.707293
287.22368,62,1789.826459
457.929477,88,1789.993356
412.076735,87,1790.15578
519.440402,98,1790.341239
404.374931,85,1790.507706
443.676216,98,1790.704175
423.297915,79,1790.857125
357.848295,76,1791.002859
502.105063,99,1791.195256
269.344388,51,1791.293983
416.80161,86,1791.464896
492.333337,108,1791.681593
398.917586,77,1795.154729
481.545141,103,1795.340506
353.790858,72,1795.462182
476.526779,97,1795.630455
321.623846,64,1795.743049
310.598509,67,1795.852544
333.283092,68,1795.964742
507.702315,97,1796.132313
475.057825,91,1796.287855
416.692456,84,1796.431193
503.412176,104,1796.608308
469.927622,102,1796.79029
351.519503,68,1796.91286
484.41117,96,1797.059237
395.815675,84,1797.203814
506.14617,103,1797.357993
389.527242,73,1797.451144
434.078331,83,1797.574229
460.463008,92,1797.721792
243.655097,48,1797.789968
417.878497,81,1797.920166
339.336093,73,1798.018599
418.719552,79,1798.119691
373.296734,71,1798.227662
474.532214,93,1798.374609
538.673786,105,1801.782467
430.251664,81,1801.94539
711.571043,145,1802.233761
516.522659,105,1802.437657
391.574409,79,1802.592486
650.869172,139,1802.872742
529.671591,104,1803.081028
476.751159,98,1803.276096
511.575436,103,1803.480214
440.08921,87,1803.650517
378.234058,73,1803.79275
321.093158,72,1803.930804
485.861703,96,1804.116141
241.732548,54,1804.218304
416.589677,84,1804.377388
443.126199,83,1804.537958
731.382399,141,1804.811374
421.116045,83,1804.96859
541.104104,110,1805.177923
632.046813,121,1805.410826
392.944367,91,1805.589782
422.947536,82,1808.982366
335.447536,66,1809.093327
422.991812,81,1809.225107
275.011702,60,1809.320065
708.887191,144,1809.562353
411.766828,83,1809.701386
258.744083,56,1809.801095
485.802197,94,1809.961057
485.661432,91,1810.112277
596.536028,115,1810.304884
479.813663,100,1810.479895
322.746518,64,1810.596124
662.085127,130,1810.824178
535.729336,103,1811.001481
366.433822,69,1811.121657
520.990153,113,1811.309366
572.891786,107,1811.476715
445.245225,85,1811.617974
297.355746,65,1811.718576
415.940003,83,1811.828311
384.775029,78,1811.980078
444.463108,82,1812.138439
361.058124,73,1812.28512
418.361104,85,1815.779677
479.905979,93,1815.929891
399.75335,78,1816.050723
445.61247,85,1816.183483
391.250944,79,1816.314934
434.545824,87,1816.45186
478.949886,100,1816.61529
404.005539,79,1816.748551
371.839115,72,1816.861984
351.557845,68,1816.969556
480.034547,106,1817.142866
434.073139,86,1817.279914
505.084089,97,1817.437521
158.682616,32,1817.486436
406.888344,79,1817.609808
465.960671,98,1817.793885
608.010011,114,1818.01023
522.344921,106,1818.211543
470.895178,95,1818.394133
444.312647,86,1818.554943
93.165034,20,1818.59259
383.205765,74,1818.73517
488.410839,94,1818.917369
716.302082,162,1819.234882
534.057448,105,1822.703436
416.478359,80,1822.843385
439.235214,83,1822.980169
498.497398,94,1823.136981
532.314346,110,1823.324668
430.459378,80,1823.456002
245.737705,52,1823.538563
379.195478,75,1823.664909
555.173661,109,1823.832961
344.81945,66,1823.936779
500.884201,109,1824.120014
457.48252,88,1824.265138
450.520386,89,1824.410787
413.703436,84,1824.558359
479.03914,101,1824.735308
465.46946,90,1824.879472
453.114662,98,1825.048411
467.336511,94,1825.207257
476.457407,96,1825.349675
412.831528,82,1825.478747
364.93313,85,1825.620213
407.793275,78,1825.747703
590.129631,117,1825.947994
348.29489,76,1829.185274
389.769839,77,1829.320304
414.210533,83,1829.456598
474.334382,89,1829.607138
616.002213,126,1829.821568
400.096289,84,1829.957972
381.327087,71,1830.076922
364.638564,70,1830.204257
381.742723,75,1830.334713
368.280624,72,1830.45884
714.927473,147,1830.70967
314.963587,63,1830.820451
661.774062,133,1831.044621
470.170467,91,1831.194077
489.84958,108,1831.385906
449.685253,103,1831.557572
512.65494,97,1831.714313
371.140241,72,1831.845316
573.995898,126,1832.056151
489.841714,95,1832.211197
618.113195,127,1832.416578
322.639033,68,1835.909081
463.652948,91,1836.046201
384.318445,80,1836.180106
465.031591,87,1836.322738
557.170865,108,1836.497123
548.1573,110,1836.675124
527.641128,101,1836.834019
369.587342,77,1836.953955
458.415265,90,1837.095206
275.3615,62,1837.190549
494.57277,101,1837.356091
430.056531,81,1837.491192
446.086861,84,1837.627597
486.492418,93,1837.778153
319.762083,60,1837.873972
384.463012,79,1838.006927
438.492874,87,1838.145455
305.005812,62,1838.248965
607.163116,112,1838.43496
427.80596,85,1838.577563
772.05022,170,1838.86365
368.951396,72,1838.987776
559.545745,111,1839.162981
358.704847,69,1842.512553
390.608088,75,1842.634008
426.672494,80,1842.765014
350.307379,78,1842.897748
403.321365,78,1843.036322
458.126181,90,1843.197253
437.090482,93,1843.358866
462.170147,86,1843.499651
596.439306,117,1843.697122
642.604509,120,1843.900113
707.412157,149,1844.159332
451.258858,90,1844.311861
456.942638,89,1844.465019
405.84707,79,1844.59659
366.988682,70,1844.714522
475.821226,86,1844.858618
508.634904,111,1845.046411
263.750134,57,1845.146861
579.006858,125,1845.352751
425.561143,86,1845.497215
374.423739,72,1845.61693
356.078505,71,1845.744559
497.50425,108,1845.95733
511.005808,98,1849.716229
395.613469,79,1849.842424
464.082144,91,1849.985603
449.76731,90,1850.148299
368.726206,70,1850.262404
403.058173,74,1850.379127
589.266906,121,1850.590742
688.348773,134,1850.831226
511.412224,99,1850.993313
658.669943,133,1851.227334
325.818631,66,1851.337687
472.737036,91,1851.488681
391.17119,74,1851.605918
449.83976,88,1851.754305
334.381621,64,1851.857126
575.462042,127,1852.073126
278.249155,54,1852.170572
417.682434,88,1852.318555
424.819182,95,1852.472425
345.044751,65,1852.5748
562.045985,114,1852.759722
365.895345,77,1852.886805
341.41343,77,1856.244053
329.961031,68,1856.354049
358.936516,71,1856.469936
536.819535,104,1856.642203
454.049039,85,1856.780192
566.021263,123,1856.988095
299.39326,65,1857.085935
569.282356,123,1857.297651
387.72805,76,1857.429288
477.068476,95,1857.594941
517.913347,112,1857.784261
647.37693,133,1858.018764
505.217945,97,1858.180886
415.586221,82,1858.317743
373.640619,70,1858.422206
604.292625,120,1858.620695
392.221989,76,1858.748006
370.26131,86,1858.891769
362.920365,75,1859.012237
404.57879,80,1859.139145
422.122705,89,1859.271743
522.862811,99,1859.4145
446.450399,90,1859.533249
433.872565,79,1862.83769
357.911497,70,1862.953753
483.1685,95,1863.116188
543.419739,100,1863.294366
490.867984,94,1863.457035
394.182282,89,1863.603804
397.193287,75,1863.727682
343.968731,69,1863.847918
411.42261,86,1863.99801
345.477922,68,1864.125689
330.397594,70,1864.249933
345.223119,68,1864.364355
340.790186,71,1864.486946
457.633961,92,1864.657187
883.487975,168,1864.961016
474.470537,116,1865.159854
405.712055,92,1865.319391
525.12892,98,1865.491579
431.037765,90,1865.635351
424.153758,82,1865.775156
620.479085,134,1866.005857
444.898159,95,1866.168401
434.706807,94,1869.69418
432.585424,83,1869.837931
306.356943,64,1869.949574
586.970455,125,1870.163946
455.559178,86,1870.308755
264.259345,51,1870.394042
317.729972,64,1870.49568
383.672845,73,1870.612767
500.155063,97,1870.771561
463.191429,87,1870.908441
277.017652,58,1871.003441
314.064333,62,1871.109065
405.715109,84,1871.250921
464.69289,88,1871.397926
424.511266,80,1871.527931
521.427637,109,1871.710661
537.681406,112,1871.89631
400.636827,75,1872.020189
518.299161,103,1872.18617
417.675946,83,1872.322542
377.597602,76,1872.44339
444.828083,86,1872.591706
489.344168,99,1872.763402
550.899341,103,1872.942347
591.103599,125,1876.358763
366.809079,70,1876.479721
411.031129,83,1876.612631
456.072517,92,1876.769713
394.111368,75,1876.899052
756.112347,149,1877.121253
498.678025,96,1877.289136
465.573526,92,1877.445099
383.639309,71,1877.565058
380.187682,76,1877.684165
443.640045,85,1877.822428
468.217126,99,1877.993352
328.454408,67,1878.108837
236.582974,49,1878.194501
507.417946,103,1878.369789
368.276623,71,1878.497915
496.083488,103,1878.703915
384.378915,81,1878.860681
428.752462,82,1879.024344
334.162144,67,1879.158317
453.463394,102,1879.35805
345.538912,68,1879.48818
443.244215,89,1879.672721
411.152498,76,1879.81739
502.91282,97,1883.556992
514.15002,97,1883.711811
370.275626,69,1883.804177
440.579423,90,1883.947232
451.283992,92,1884.096173
481.13459,100,1884.260495
439.355862,89,1884.410139
414.764893,81,1884.55306
439.238548,93,1884.717355
450.729334,89,1884.873451
551.229214,112,1885.066443
409.897088,80,1885.201703
475.163885,96,1885.359922
686.811755,135,1885.5857
308.741766,71,1885.70558
392.097726,79,1885.836358
353.029981,71,1885.955995
464.323977,87,1886.109395
587.826389,114,1886.301031
424.07826,84,1886.450045
544.562115,105,1886.630763
655.730551,132,1886.863371
369.391752,69,1890.187453
404.489628,82,1890.315851
490.308533,94,1890.445363
303.671693,65,1890.540516
392.849948,78,1890.637379
385.871496,83,1890.744061
500.927731,99,1890.869864
331.752301,64,1890.949817
410.252535,79,1891.063859
482.647678,93,1891.210691
429.591027,81,1891.341599
468.37872,104,1891.515285
488.601792,96,1891.669057
385.679455,83,1891.80901
659.267318,142,1892.049537
391.701829,78,1892.178594
411.221596,85,1892.317597
544.637141,104,1892.474212
483.766498,98,1892.63316
459.707258,90,1892.776757
394.872807,74,1892.900752
435.739948,86,1893.044197
101.755051,22,1893.078685
425.091756,85,1893.222285
390.172803,77,1896.766329
485.850023,108,1896.978339
562.232735,105,1897.18833
315.42504,61,1897.307445
387.468468,82,1897.468265
373.369504,78,1897.621892
430.144376,94,1897.801145
346.126016,77,1897.952476
395.966738,82,1898.11536
500.973322,101,1898.295012
566.542077,126,1898.51304
403.867117,77,1898.639692
466.182123,93,1898.800538
538.500777,110,1898.991623
460.07197,91,1899.158015
417.924487,90,1899.318478
495.123586,103,1899.505738
430.111365,82,1899.650828
508.766867,115,1899.854833
257.358624,54,1899.94987
310.906988,64,1900.066021
468.931743,95,1900.239767
541.574231,103,1900.422754
378.625496,72,1903.678473
290.585147,54,1903.756094
403.922506,82,1903.874655
459.530127,90,1904.00639
533.273951,103,1904.16125
643.279222,124,1904.319797
308.74421,63,1904.394532
387.572522,74,1904.494352
411.632415,83,1904.595848
229.350853,47,1904.654241
153.16879,31,1904.690121
500.45276,95,1904.810221
347.978397,69,1904.893129
323.48219,69,1904.99239
404.502796,88,1905.129237
397.302381,76,1905.221322
619.963425,118,1905.365319
464.237234,87,1905.474406
421.809308,92,1905.616166
339.612948,71,1905.726551
557.334909,109,1905.898962
548.452256,109,1906.07194
446.942073,93,1906.227309
441.874213,82,1906.3629
460.274218,93,1906.514532
417.075046,79,1909.936106
360.747914,75,1910.084871
426.508754,93,1910.266377
435.387011,88,1910.436669
416.113635,82,1910.592608
440.106116,88,1910.765029
529.489336,110,1910.978302
498.430261,98,1911.168316
370.718229,71,1911.3032
359.055482,72,1911.440516
457.555722,90,1911.612314
479.257696,100,1911.806955
253.068525,55,1911.907983
445.552999,85,1912.069508
575.189296,122,1912.303857
715.3234,149,1912.536712
612.639513,120,1912.743366
547.411724,110,1912.92825
579.277164,112,1913.112915
363.417149,74,1913.238593
360.29984,78,1913.361744
507.322335,100,1913.516729
259.275651,58,1916.865497
483.756666,96,1917.02892
381.227793,72,1917.145546
627.082412,123,1917.343505
405.041926,75,1917.463767
493.742624,114,1917.644098
592.403677,124,1917.845075
111.575155,23,1917.887033
454.541758,89,1918.057161
382.619822,72,1918.193668
418.482531,82,1918.349026
680.870427,135,1918.606789
612.309517,130,1918.852208
441.190111,97,1919.019298
450.443191,84,1919.164894
399.189863,80,1919.272858
406.306898,84,1919.420111
473.896017,90,1919.576588
803.088667,153,1919.844024
469.445577,94,1919.994978
500.683846,95,1920.157846
405.87909,87,1923.591077
538.47494,106,1923.771294
400.37674,77,1923.894567
492.60073,101,1924.049614
305.2387,62,1924.155827
483.06075,96,1924.306214
240.743008,50,1924.385668
377.115854,81,1924.513395
647.740678,122,1924.707486
418.773222,77,1924.812017
359.192671,70,1924.896648
286.969204,63,1924.998794
497.818782,95,1925.166023
394.824335,78,1925.29339
318.473804,65,1925.373486
399.386238,86,1925.475683
332.652892,61,1925.548793
399.848217,74,1925.63726
293.055511,65,1925.714802
508.767291,113,1925.858876
498.768809,96,1926.001631
427.625471,85,1926.12812
359.968883,75,1926.239194
369.311046,75,1926.349567
472.768447,103,1926.50322
587.556885,118,1929.900452
435.98504,87,1930.071733
335.650959,76,1930.220587
433.712168,92,1930.407692
362.524099,84,1930.576529
428.564341,91,1930.740898
780.925716,166,1931.032553
470.477607,94,1931.192872
427.43945,80,1931.328119
500.769718,94,1931.485767
466.075912,87,1931.635266
583.83423,105,1931.802984
414.502055,82,1931.934405
631.459976,122,1932.148106
469.959161,88,1932.275741
462.389505,97,1932.42726
363.529681,70,1932.53429
369.960766,80,1932.65907
364.378145,75,1932.787282
406.998538,81,1932.919573
530.661988,104,1933.094605
402.640703,81,1933.239079
434.025934,85,1936.768165
379.755296,77,1936.92168
408.786282,79,1937.083371
199.450527,42,1937.164171
408.690553,82,1937.333133
563.737167,105,1937.544889
374.013213,71,1937.688423
324.168174,67,1937.825854
502.78235,94,1938.014101
831.420388,170,1938.361616
483.343695,93,1938.542473
122.455215,26,1938.591145
464.591591,86,1938.753015
289.048757,60,1938.865393
557.439354,122,1939.107727
613.027142,120,1939.344715
445.297863,84,1939.503447
465.382378,88,1939.663171
526.740178,113,1939.848639
641.365267,128,1940.078894
354.338875,73,1940.195402
463.002313,89,1940.332697
393.484227,76,1940.460007
286.06454,56,1940.546767
621.588573,125,1944.027027
371.013367,69,1944.140141
378.411915,74,1944.264276
568.950149,113,1944.459783
367.381452,74,1944.591414
285.926154,57,1944.687948
321.358608,68,1944.811239
435.713465,82,1944.947572
394.163289,76,1945.078467
424.890231,85,1945.219828
538.802334,110,1945.405626
433.890552,83,1945.542132
572.158936,114,1945.719618
465.417724,91,1945.878431
390.909383,76,1945.98854
551.492876,108,1946.165816
625.991186,118,1946.340361
461.093428,87,1946.480366
313.194116,71,1946.597199
354.439568,70,1946.713602
380.927103,75,1946.828501
351.631314,70,1946.939916
383.221439,78,1947.051099
380.244329,73,1947.164889
353.003103,67,1950.802991
487.512563,94,1950.9859
505.244124,94,1951.166009
420.072333,82,1951.326931
513.800592,95,1951.514354
495.943836,105,1951.721812
317.704324,63,1951.843814
441.935126,83,1952.002553
558.32165,117,1952.229764
407.026904,81,1952.382417
361.28855,76,1952.536214
416.919468,81,1952.692393
281.822466,60,1952.794875
602.731887,132,1953.014668
471.782046,97,1953.171549
542.842153,111,1953.35853
452.907941,84,1953.49517
308.137212,59,1953.594882
522.185407,100,1953.767781
396.671183,74,1953.893721
486.353314,92,1954.049613
315.021952,64,1954.155427
365.662378,70,1954.273146
409.132265,85,1954.410553
619.759278,120,1957.825906
409.983749,85,1957.996908
627.259959,126,1958.252667
481.771646,90,1958.434173
460.860094,100,1958.639019
495.058381,101,1958.844813
452.981078,82,1959.00956
467.034889,90,1959.189281
354.983255,70,1959.327582
474.005982,91,1959.510974
425.684021,84,1959.678148
512.697236,98,1959.874439
352.244069,72,1960.019589
582.684189,114,1960.252588
369.742727,76,1960.404036
399.191477,82,1960.569248
331.034904,73,1960.709275
363.102029,81,1960.831954
300.347722,61,1960.907963
406.40469,78,1961.025797
434.288898,93,1961.182008
656.067504,120,1961.387906
354.601745,66,1964.780008
629.772861,131,1965.004803
669.581696,134,1965.24481
568.819233,113,1965.432419
482.756096,97,1965.603021
382.089983,87,1965.74972
456.795577,87,1965.894524
337.638426,71,1966.015006
353.54388,70,1966.123494
308.338413,61,1966.224648
443.819957,87,1966.370625
517.476896,121,1966.575594
509.142081,98,1966.741832
530.56828,99,1966.89383
553.364599,117,1967.081145
587.841337,116,1967.305786
383.648335,76,1967.449211
471.511902,90,1967.624564
490.70476,91,1967.805922
529.579397,106,1968.017104
436.951687,89,1968.192935
423.361702,81,1968.349685
382.60113,78,1971.971352
344.795693,72,1972.112067
346.877744,67,1972.240508
323.509602,62,1972.357137
443.555424,83,1972.514815
547.906787,97,1972.704028
374.493183,75,1972.857291
310.320591,62,1972.973601
638.830486,126,1973.186944
576.878744,122,1973.400844
456.419756,88,1973.548902
395.614298,78,1973.682634
510.425758,93,1973.830431
301.295707,72,1973.952431
531.171283,101,1974.126858
436.04231,91,1974.282578
429.079842,90,1974.433275
415.648083,78,1974.572077
429.850785,81,1974.704928
463.702421,90,1974.857799
417.860343,84,1974.996904
659.478747,130,1975.21362
362.872389,77,1975.348984
298.846751,61,1975.447248
608.727269,137,1978.964492
451.611647,83,1979.1042
693.70528,144,1979.330671
587.916053,113,1979.513713
376.713255,73,1979.631468
381.210384,72,1979.742656
445.935591,90,1979.888339
319.336336,63,1979.988904
427.55997,83,1980.118211
370.698712,80,1980.242413
501.587352,108,1980.414734
415.755088,90,1980.55676
112.075626,23,1980.591155
306.520441,69,1980.700563
424.120854,82,1980.830918
628.60868,121,1981.030499
823.531988,174,1981.293926
411.964055,81,1981.417148
581.574761,111,1981.583389
545.028357,104,1981.743152
471.922987,93,1981.891321
456.872151,91,1985.234802
545.969303,105,1985.437403
338.743101,66,1985.559617
304.491265,60,1985.676626
455.607885,84,1985.835396
581.928783,127,1986.084192
442.243348,90,1986.257295
627.573714,120,1986.492061
460.109964,92,1986.673329
596.224176,116,1986.896218
574.034403,116,1987.120001
438.964799,84,1987.281159
523.245446,106,1987.481097
313.167548,75,1987.622779
507.848967,102,1987.822116
502.362708,100,1988.012527
415.649481,79,1988.141806
358.008444,74,1988.270943
462.105284,88,1988.42293
398.99344,80,1988.558027
432.465657,88,1988.720353
339.153034,73,1988.846634
488.742287,97,1989.014201
506.479284,93,1992.546947
472.20883,90,1992.685431
419.453296,92,1992.830853
490.826045,97,1992.983446
394.684774,74,1993.097206
477.115233,98,1993.253234
343.356787,67,1993.358096
534.938272,118,1993.556011
527.056854,99,1993.708485
444.44512,83,1993.83802
459.342026,86,1993.969585
339.621823,64,1994.067233
404.180565,79,1994.191616
273.465862,57,1994.290793
632.853666,138,1994.532422
339.774826,71,1994.657241
510.084143,104,1994.840894
405.605699,73,1994.970702
645.699197,140,1995.215439
378.569991,81,1995.355899
515.871304,103,1995.535106
957.657522,187,1999.018528
673.627479,137,1999.23788
392.610711,76,1999.345679
480.902537,100,1999.516639
583.178004,110,1999.687704
533.812316,104,1999.844769
507.628086,111,2000.02333
333.44988,68,2000.132856
308.197251,60,2000.225658
430.465005,91,2000.365758
610.415227,132,2000.579777
655.193741,143,2000.80248
555.956757,113,2000.982989
482.945729,94,2001.136616
146.626989,30,2001.180153
316.60529,66,2001.290822
384.987915,72,2001.408685
673.585848,134,2001.631382
494.885015,97,2001.801201
629.553491,124,2002.016372
364.256303,72,2002.127947
427.689552,81,2005.606195
474.406796,93,2005.779102
355.866444,66,2005.90094
391.362245,80,2006.053926
402.862522,81,2006.208185
486.696786,97,2006.399045
338.796539,69,2006.530258
390.190848,78,2006.680945
468.890494,91,2006.833169
545.536392,109,2007.023876
425.449241,87,2007.163996
460.575819,90,2007.312878
502.891354,96,2007.459233
361.29548,70,2007.578097
589.76678,115,2007.778658
479.849448,104,2007.953471
565.289592,109,2008.145453
670.706706,148,2008.409738
484.118326,91,2008.570787
508.186887,100,2008.743527
366.478189,70,2008.867039
508.264268,105,2009.04944
687.078324,136,2012.559643
346.353311,71,2012.693424
381.865818,72,2012.831028
496.450126,93,2013.010009
388.4904,72,2013.144065
342.673129,70,2013.279548
399.963829,73,2013.420107
474.505326,94,2013.606748
431.607311,82,2013.762608
278.663152,58,2013.861309
726.302491,161,2014.063015
414.509822,82,2014.168175
524.150747,99,2014.323967
302.145937,65,2014.42843
501.32856,100,2014.585304
457.699321,98,2014.737827
357.723682,79,2014.8657
338.80814,75,2014.991318
342.047878,71,2015.10767
475.484797,91,2015.257737
492.351701,95,2015.411947
562.190493,112,2015.592947
507.385606,107,2015.769873
281.652401,57,2015.865072
420.990594,82,2019.234709
529.243311,99,2019.420804
326.354129,66,2019.545241
690.660155,138,2019.811551
483.501107,92,2019.981463
429.230458,80,2020.136623
579.99615,130,2020.386791
580.653388,119,2020.621292
673.76605,128,2020.866497
339.143777,69,2020.994867
355.460887,72,2021.134005
421.975124,87,2021.305152
423.653646,84,2021.468645
463.44638,88,2021.640214
349.799069,67,2021.770604
533.216581,117,2022.011081
340.916182,70,2022.157979
303.65887,65,2022.282406
292.524634,63,2022.40826
339.354987,74,2022.559741
266.476074,58,2022.676366
394.766164,77,2022.834782
506.315696,103,2023.041799
355.863148,72,2026.239036
345.825676,77,2026.392306
485.456928,95,2026.574392
382.94227,73,2026.715916
594.403778,114,2026.93909
450.356069,88,2027.105557
543.51678,114,2027.328247
665.128534,130,2027.580408
656.305211,126,2027.819693
436.495449,84,2027.971733
419.736309,80,2028.104656
347.340989,70,2028.217849
386.141979,75,2028.338015
159.442189,32,2028.389286
402.063569,73,2028.509628
341.446369,73,2028.633364
482.040758,91,2028.7916
450.954983,88,2028.955215
365.436802,71,2029.084756
540.243466,109,2029.280176
408.006325,82,2029.429458
384.727165,74,2029.564068
553.460672,108,2029.76068
622.516573,123,2033.249179
557.979966,111,2033.462038
632.333151,140,2033.736653
391.846594,77,2033.885426
474.440498,99,2034.080527
461.290527,97,2034.274475
493.75978,93,2034.452463
447.857145,85,2034.619201
681.597377,148,2034.913889
418.157006,84,2035.078846
512.425116,93,2035.262332
442.531648,93,2035.451881
546.574712,118,2035.687957
358.802846,71,2035.832769
283.318499,62,2035.957549
450.24415,90,2036.11892
599.085407,113,2036.318464
351.256783,66,2036.433049
695.276283,146,2036.694977
531.077323,111,2036.895732
292.830732,66,2037.01311
554.304037,103,2040.43951
432.142976,84,2040.552553
539.709763,102,2040.680703
481.092925,93,2040.819525
402.158159,80,2040.944209
452.241201,87,2041.094119
531.751061,104,2041.270278
469.10304,105,2041.435542
518.288247,96,2041.591083
345.723423,67,2041.70361
354.587481,68,2041.817784
553.961971,115,2042.005061
378.942965,74,2042.137303
375.012029,77,2042.275176
506.051823,100,2042.44903
526.798353,102,2042.617769
101.741781,21,2042.650976
629.410568,123,2042.872825
357.297755,74,2043.008464
446.527564,100,2043.196004
410.042343,87,2043.350853
614.2956,119,2043.569548
489.209529,104,2043.760168
542.188015,104,2047.342285
415.031736,88,2047.505075
462.654862,98,2047.696118
494.396076,115,2047.926273
540.037922,108,2048.139619
383.915895,77,2048.285849
495.257225,99,2048.474019
486.316048,94,2048.656418
349.894514,70,2048.790473
454.902246,101,2048.987373
525.062284,98,2049.170804
460.976968,86,2049.317776
384.320151,75,2049.443511
487.082761,97,2049.611152
428.506509,82,2049.754228
506.62811,96,2049.93029
445.580276,85,2050.076569
509.114622,105,2050.256382
514.980832,104,2050.451176
521.256247,96,2050.619444
560.337709,123,2050.850281
324.836465,66,2054.162268
407.780504,81,2054.295699
414.119248,87,2054.442238
454.798046,95,2054.581657
488.822311,100,2054.75711
488.41203,104,2054.928068
558.563105,104,2055.086434
442.122602,100,2055.264266
459.057394,91,2055.423862
570.789854,112,2055.610584
574.624326,112,2055.788684
336.547258,68,2055.899131
455.587301,86,2056.036659
316.524581,64,2056.140407
505.674113,95,2056.324862
401.447371,76,2056.471001
423.518695,81,2056.636539
452.98992,93,2056.824625
618.630676,128,2057.091699
538.592037,114,2057.321024
392.721565,77,2057.47852
441.251715,87,2057.658027
380.10421,78,2057.819041
421.016272,86,2061.44539
438.884675,84,2061.604554
425.536028,79,2061.752955
333.429598,65,2061.878009
502.322608,107,2062.086011
546.830433,112,2062.300714
640.982055,125,2062.541351
485.38718,96,2062.719076
368.794431,71,2062.849218
409.883245,80,2062.997454
449.238606,92,2063.176729
548.354231,109,2063.383937
372.108782,69,2063.506948
489.040906,93,2063.677788
279.654686,58,2063.781745
326.923187,71,2063.914028
485.023844,91,2064.080772
296.808377,66,2064.199669
308.656905,65,2064.32045
691.458895,131,2064.557987
838.275772,163,2064.85325
483.052022,92,2065.014041
366.46295,74,2068.55235
477.504905,93,2068.733642
417.127824,83,2068.896968
576.786918,122,2069.138875
466.381944,105,2069.339296
414.044658,80,2069.48945
734.891645,156,2069.78591
520.461264,102,2069.950536
504.859947,117,2070.142038
411.987231,80,2070.275856
508.606639,104,2070.445821
435.533718,83,2070.578324
296.332127,58,2070.673568
475.810471,93,2070.815691
476.895385,100,2070.983393
621.626686,138,2071.217285
568.366068,113,2071.416072
514.654639,97,2071.579338
580.795814,117,2071.78378
538.883055,115,2071.999913
399.444296,81,2075.448255
425.74734,88,2075.617299
503.139708,101,2075.807799
347.927894,67,2075.934625
498.191341,98,2076.125787
372.742118,81,2076.283963
410.192201,88,2076.45181
440.356843,83,2076.602766
427.820173,87,2076.745225
414.920336,83,2076.893313
546.532104,107,2077.080848
564.691179,112,2077.267579
381.223013,72,2077.394845
461.171629,101,2077.571084
316.084122,63,2077.674787
614.923633,129,2077.893581
519.058565,98,2078.065856
523.81985,103,2078.244394
606.877314,116,2078.456784
754.803423,163,2078.749065
361.196811,72,2078.871974
336.21722,77,2079.006327
566.770406,112,2082.705864
493.268996,95,2082.880111
440.083725,86,2082.992373
424.152036,85,2083.105274
441.239802,86,2083.238953
336.353522,71,2083.339359
394.788266,76,2083.467207
331.848047,70,2083.5655
548.915794,111,2083.750603
529.321595,102,2083.919679
416.835676,89,2084.081968
652.373251,139,2084.32266
485.572688,102,2084.508667
362.964071,72,2084.634329
508.304565,100,2084.811132
362.896966,71,2084.936836
472.299026,89,2085.0934
419.187965,89,2085.251782
468.900883,92,2085.412273
412.896121,74,2085.537174
561.074762,123,2085.754521
340.864554,67,2085.875377
530.45697,111,2089.375738
107.689961,22,2089.41436
484.25505,94,2089.594263
312.788699,66,2089.718832
574.961042,113,2089.931781
109.228088,23,2089.971574
433.64014,85,2090.135114
280.886315,58,2090.245081
386.54549,82,2090.406355
453.977801,99,2090.596286
487.008296,90,2090.769877
565.703448,122,2091.006531
339.110029,70,2091.140746
342.148935,68,2091.274902
308.061422,65,2091.405382
366.641275,72,2091.546028
523.267948,100,2091.742748
369.737184,72,2091.884646
474.610788,104,2092.090331
431.586818,85,2092.256653
457.47867,88,2092.436314
347.300381,65,2092.562113
428.590078,85,2092.728497
406.432898,96,2092.912418
727.989905,135,2093.179747
330.888831,73,2093.315759
395.177719,81,2096.746218
535.796766,109,2096.95534
570.240517,111,2097.165915
332.790197,67,2097.292418
499.011859,108,2097.498586
319.885708,68,2097.630086
588.521142,108,2097.833705
430.80275,94,2098.020421
469.269102,91,2098.171867
349.885934,74,2098.295787
510.021267,112,2098.491857
99.78668,21,2098.527465
318.268077,65,2098.6444
340.698771,74,2098.777369
391.27283,79,2098.914158
440.462367,98,2099.085068
360.945516,75,2099.214269
564.35488,106,2099.397951
602.724895,126,2099.613297
369.237214,76,2099.752732
275.044793,63,2099.859975
482.526712,103,2100.053423
274.293614,58,2100.165675
353.812119,68,2100.293836
524.289315,99,2103.215647
384.224175,79,2103.30966
480.701062,91,2103.418381
569.83752,111,2103.556528
574.475873,130,2103.707461
80.377374,18,2103.727595
503.592783,95,2103.844143
443.366987,84,2103.9826
500.251332,99,2104.139781
671.227857,147,2104.357495
500.60217,96,2104.516125
665.137939,130,2104.728069
375.08823,76,2104.857962
351.989416,74,2104.982964
526.141862,101,2105.154793
404.299595,84,2105.284162
416.073811,81,2105.416583
431.272882,85,2105.559738
495.191342,99,2105.729015
473.573908,99,2105.894212
493.222676,95,2106.057164
597.16838,118,2109.49693
421.694094,80,2109.631635
377.102851,72,2109.754117
694.121505,147,2109.998099
496.12635,100,2110.169973
402.171094,83,2110.316848
388.411563,83,2110.445295
478.964145,89,2110.590053
417.264391,81,2110.719713
408.465639,85,2110.862819
459.760394,99,2111.056246
322.442677,66,2111.186409
238.796204,50,2111.283947
511.213104,99,2111.478052
456.709821,89,2111.657465
585.620243,110,2111.869629
339.557673,70,2112.006801
370.77866,80,2112.166919
457.407638,85,2112.33156
489.462632,91,2112.509763
520.489872,103,2112.706906
334.324322,73,2112.856139
334.139387,66,2112.98916
494.721607,109,2113.217589
554.718661,108,2116.712064
350.079817,69,2116.814301
367.930477,71,2116.935189
628.038545,123,2117.141098
376.336903,82,2117.255095
370.024025,74,2117.355474
505.338237,101,2117.500649
394.628632,82,2117.608181
385.497608,74,2117.721756
367.915255,81,2117.849895
121.678555,24,2117.888185
424.15277,86,2118.038465
407.6638,83,2118.163366
339.215548,67,2118.27156
459.664229,94,2118.431651
452.576672,90,2118.579068
142.359229,30,2118.623197
358.847986,78,2118.756336
397.049112,80,2118.885914
311.043363,61,2118.990992
421.937737,85,2119.125573
390.287268,79,2119.263129
565.789881,115,2119.464362
387.62991,86,2119.611065
505.34403,106,2119.784025
479.040375,93,2123.284512
427.018824,82,2123.437099
535.240774,102,2123.634592
717.557262,132,2123.893635
588.667346,106,2124.09986
590.738139,111,2124.311761
510.819996,104,2124.514523
563.167598,104,2124.72359
453.459002,87,2124.892814
502.161625,97,2125.07887
262.500888,53,2125.177986
351.523649,78,2125.329076
715.98523,153,2125.637399
371.555159,78,2125.792248
408.800923,79,2125.940211
565.297948,108,2126.152093
831.058164,166,2126.48017
425.36697,82,2126.63843
570.882853,110,2126.852943
371.135889,73,2126.99437
418.07501,89,2130.471958
331.848467,66,2130.59784
248.489796,53,2130.700922
492.909918,103,2130.900054
536.202771,102,2131.090322
371.62474,76,2131.226395
404.840816,75,2131.350142
356.167937,73,2131.47371
396.925758,89,2131.605119
457.515362,89,2131.745563
415.137925,89,2131.894224
507.495585,95,2132.053692
561.409544,116,2132.244014
415.047,86,2132.383512
350.086077,72,2132.50929
344.902436,68,2132.629242
348.784653,67,2132.740406
766.690182,148,2132.992708
213.712808,45,2133.069925
336.920805,67,2133.183765
495.498709,92,2133.341725
479.45059,96,2133.500899
551.275649,107,2133.689661
349.881932,71,2133.814415
495.83243,95,2133.974931
404.227507,85,2137.536314
550.170315,110,2137.698277
335.668759,67,2137.807227
145.350568,30,2137.850552
498.850702,97,2137.997178
370.117821,72,2138.109184
391.237796,84,2138.253872
520.498367,106,2138.438472
595.266939,114,2138.660076
384.545128,77,2138.804038
428.344244,87,2138.981353
262.625984,53,2139.083941
422.790967,86,2139.256705
498.046741,108,2139.471676
400.46154,82,2139.636859
352.905663,71,2139.774199
428.106371,95,2139.959733
458.473821,87,2140.133623
638.676298,143,2140.420046
412.742907,90,2140.597322
435.746003,80,2140.750777
428.631339,80,2140.905532
357.785188,70,2141.041591
482.516616,92,2144.446374
407.099919,80,2144.570867
298.052864,60,2144.667625
308.568669,62,2144.765968
714.174866,140,2144.966419
421.841749,82,2145.097084
358.132552,73,2145.213826
330.890165,65,2145.316777
383.752015,81,2145.445973
628.376358,132,2145.669244
464.482064,102,2145.832414
415.419598,79,2145.950335
585.013346,118,2146.133381
609.822665,116,2146.316373
650.154254,126,2146.518541
637.173123,120,2146.717269
326.865267,65,2146.820405
269.175966,59,2146.917863
405.334131,84,2147.057632
448.957221,90,2147.205725
312.266658,62,2147.304826
515.361688,101,2147.480626
471.315157,95,2147.642601
560.06644,105,2151.161919
532.030128,97,2151.348428
299.880134,60,2151.465475
448.269213,90,2151.640069
490.672599,91,2151.815892
395.429395,79,2151.973228
354.543568,78,2152.119952
373.868722,72,2152.246055
527.942192,106,2152.427208
458.705621,87,2152.577029
436.308501,89,2152.732777
517.097508,106,2152.917432
446.436818,91,2153.081094
387.50192,76,2153.211994
321.956604,71,2153.341886
375.581543,75,2153.472992
212.590524,44,2153.541533
422.795933,89,2153.696374
568.75695,108,2153.873432
429.073491,78,2154.007044
464.332244,95,2154.161776
526.565617,114,2154.360171
429.109186,84,2154.499519
416.519233,87,2154.641092
585.729315,112,2158.126073
508.088676,102,2158.290261
725.711372,141,2158.489604
619.377824,118,2158.674617
424.199533,80,2158.801091
530.367065,102,2158.967012
509.937979,96,2159.120086
541.924184,111,2159.301896
312.251752,59,2159.401391
327.934531,66,2159.510629
515.041848,103,2159.683693
434.308056,87,2159.836998
452.460487,89,2159.989522
578.955194,123,2160.201839
542.617968,120,2160.406869
330.029956,68,2160.515952
464.59345,89,2160.671403
338.482357,67,2160.786156
467.042527,91,2160.93982
464.303486,100,2161.110621
485.143404,88,2161.256971
334.780743,68,2164.684987
345.275353,74,2164.809099
572.75368,116,2165.000674
518.05401,111,2165.195687
420.238941,87,2165.339935
446.938525,84,2165.478698
569.671446,124,2165.701318
542.658234,100,2165.86284
366.659135,74,2165.984352
347.934236,67,2166.093979
571.709158,110,2166.280802
445.524908,87,2166.429924
346.168833,68,2166.546025
491.05341,105,2166.724132
372.0509,74,2166.848211
376.908228,80,2166.986511
112.217816,23,2167.024625
551.243114,112,2167.215048
428.3262,82,2167.351444
300.86376,62,2167.451681
476.529049,91,2167.599099
639.85388,124,2167.797605
406.824522,79,2167.938984
177.468964,35,2167.995862
355.728626,71,2171.553817
425.126762,84,2171.679631
377.808806,80,2171.81259
410.823789,84,2171.94981
337.069843,68,2172.057006
439.784056,86,2172.202987
472.724328,92,2172.356968
461.00631,88,2172.513787
459.759734,94,2172.669926
439.595505,86,2172.817824
609.411455,114,2173.009904
403.116561,79,2173.138463
364.736656,75,2173.266239
369.833997,82,2173.408264
350.436209,71,2173.523715
333.469534,63,2173.627139
580.531785,111,2173.822845
433.679308,83,2173.965027
321.865514,68,2174.084916
706.294624,137,2174.318438
652.043665,136,2174.5557
433.42409,92,2174.716039
350.274951,70,2174.841287
431.04384,81,2174.977488
482.613046,93,2178.333499
370.559669,72,2178.439304
360.967343,74,2178.545736
438.197097,92,2178.686824
572.115658,112,2178.848877
497.989605,95,2178.997711
297.016001,62,2179.080637
395.582226,78,2179.202577
413.842863,82,2179.329999
480.737606,94,2179.482689
447.101139,86,2179.634308
435.206264,83,2179.801379
431.669397,94,2179.986145
552.951347,107,2180.195179
447.550455,88,2180.367336
477.093307,99,2180.565811
878.232766,191,2180.96865
445.095161,85,2181.142857
463.26612,92,2181.332626
287.163004,66,2181.461341
705.351116,147,2181.755309
420.492796,81,2185.188583
400.026525,79,2185.327228
441.756395,82,2185.460431
562.803701,104,2185.632662
582.566085,114,2185.815153
514.444763,96,2185.978579
563.383051,105,2186.145753
506.819173,100,2186.315278
492.485043,101,2186.491235
330.977744,69,2186.611689
621.305016,128,2186.833074
391.668421,83,2186.981758
555.633962,109,2187.172759
477.023578,92,2187.331976
432.590307,88,2187.483198
480.574327,94,2187.648112
604.444875,118,2187.861033
336.216314,80,2187.999056
255.957697,51,2188.083022
517.182135,112,2188.287201
388.511828,78,2188.418275
516.759081,105,2188.607105
515.381859,100,2192.009928
414.918576,83,2192.165756
526.087515,104,2192.373752
385.473519,75,2192.515129
373.021402,72,2192.652602
379.039153,72,2192.791086
476.200401,93,2192.967713
465.413773,98,2193.159144
364.49027,72,2193.299444
340.945453,69,2193.430925
370.622044,84,2193.577904
696.303285,133,2193.795155
420.252976,91,2193.946076
502.748957,105,2194.126958
660.645244,141,2194.369565
465.52332,101,2194.557693
305.336124,62,2194.675997
398.681429,79,2194.828328
329.452076,74,2194.971956
437.915006,86,2195.140682
494.137236,99,2195.339913
455.860082,88,2195.505991
237.936835,48,2195.594636
374.889675,78,2198.940763
477.372389,93,2199.115452
436.560782,97,2199.302567
335.434042,70,2199.43315
341.107212,69,2199.565275
418.5273,80,2199.722759
663.494488,131,2199.971878
599.646365,112,2200.186508
471.165084,91,2200.362947
433.100147,88,2200.526778
532.19049,104,2200.732511
430.432429,83,2200.893232
424.636869,96,2201.084789
390.01997,79,2201.240508
432.356756,86,2201.413695
360.208961,76,2201.566501
452.732059,88,2201.736497
405.921461,90,2201.914955
539.455847,116,2202.149147
585.5835,110,2202.368736
535.777241,100,2202.564015
696.577069,141,2202.844582
341.44269,68,2206.225555
364.500714,81,2206.368023
513.986038,107,2206.549767
526.669085,106,2206.71464
564.606313,106,2206.883714
316.412162,66,2206.991959
90.086194,20,2207.023489
594.901488,122,2207.223721
519.052139,101,2207.399205
551.664188,107,2207.572597
534.00761,102,2207.744711
394.242697,77,2207.864874
391.445497,82,2207.992456
537.299844,105,2208.166773
482.298055,97,2208.331606
348.983969,79,2208.46829
768.252364,162,2208.74907
517.076274,96,2208.912983
390.90747,84,2209.05382
664.365981,154,2209.335271
484.297989,101,2209.512879
834.751949,159,2213.229958
341.485813,71,2213.369213
515.055151,98,2213.554695
465.355228,91,2213.727898
451.151568,96,2213.914771
380.960782,75,2214.062655
428.62102,82,2214.221709
403.432945,77,2214.369524
397.272685,78,2214.522947
467.985688,90,2214.696874
695.917286,139,2214.934203
525.037207,111,2215.098594
359.114869,73,2215.209549
468.390879,90,2215.356647
721.690458,144,2215.586391
293.164327,57,2215.689338
465.812255,91,2215.846457
499.269169,96,2216.012142
398.559795,75,2216.146289
545.725493,120,2216.361272
678.208292,137,2216.611887
342.637769,65,2220.016064
484.69833,96,2220.169928
709.83448,144,2220.423018
388.289157,77,2220.54522
270.204337,56,2220.640658
566.678621,107,2220.816249
462.4356,91,2220.964463
416.298052,84,2221.102865
376.664148,84,2221.246939
425.001445,79,2221.379643
435.711774,90,2221.520982
510.350228,112,2221.690093
374.090658,74,2221.81617
606.644109,132,2222.029818
462.631797,93,2222.178534
377.463576,79,2222.306857
619.436897,133,2222.530835
442.190182,82,2222.66569
295.552929,60,2222.756724
501.10316,95,2222.909486
318.834061,71,2223.024697
566.572352,110,2223.211134
618.595963,127,2226.609437
577.94575,108,2226.76605
539.178753,104,2226.92544
322.271693,65,2227.039234
711.491941,133,2227.24171
462.504938,108,2227.407818
523.939121,100,2227.574296
404.484378,87,2227.719505
411.670408,81,2227.835101
554.88181,110,2228.021839
584.209251,115,2228.199626
501.730189,90,2228.345862
640.735112,119,2228.541305
406.208286,77,2228.656207
520.022591,102,2228.824342
628.634249,123,2229.029612
600.573768,120,2229.236059
546.750108,114,2229.425085
504.892547,99,2229.594601
332.74849,73,2229.716209
482.526848,96,2233.228084
518.095529,104,2233.432026
642.934753,125,2233.678436
460.035932,93,2233.853518
596.507446,113,2234.078354
662.472504,128,2234.332693
338.244991,67,2234.463084
511.692863,97,2234.65112
391.945132,79,2234.807829
476.483505,91,2234.98623
388.724897,73,2235.128921
662.832379,127,2235.341245
503.446111,100,2235.482595
644.058336,126,2235.688562
428.37645,85,2235.81529
533.464149,100,2235.975162
723.476612,144,2236.190171
405.119101,83,2236.322237
410.048937,86,2236.453523
441.36592,88,2236.596549
461.877858,92,2236.758852
513.665079,100,2240.169823
469.673255,95,2240.323727
440.293625,84,2240.450323
685.171755,147,2240.676578
366.732517,73,2240.802545
525.700673,103,2240.968522
549.665945,105,2241.138605
413.970805,81,2241.274709
647.555817,119,2241.469001
579.070967,111,2241.650991
375.06588,76,2241.766221
470.627597,92,2241.926311
469.692639,91,2242.050948
1048.09679,217,2242.378218
754.810025,146,2242.602463
349.970747,69,2242.710511
480.134505,94,2242.862654
458.344155,92,2243.019799
550.852375,109,2243.224747
469.082589,96,2246.76255
321.31626,66,2246.89026
332.165201,64,2247.015098
617.45503,118,2247.252067
559.530534,122,2247.485909
346.65385,70,2247.602451
499.651769,99,2247.721109
391.560894,81,2247.838977
416.017644,82,2247.968731
416.344638,79,2248.078221
488.711076,94,2248.239319
363.052072,69,2248.340804
386.92913,76,2248.473033
491.77206,91,2248.6085
698.553249,138,2248.834059
630.149443,140,2249.048419
437.767219,94,2249.201801
689.634091,141,2249.420844
399.940566,77,2249.512653
558.637855,102,2249.676177
463.267466,88,2249.812052
396.843301,80,2249.932464
433.321822,83,2253.296292
440.409632,88,2253.449821
386.19993,77,2253.576093
469.12765,89,2253.730872
325.088548,74,2253.850452
440.259469,86,2254.000823
504.464879,103,2254.177151
426.168219,90,2254.328444
444.056644,85,2254.468455
414.936943,83,2254.60607
422.272968,78,2254.744345
374.270268,72,2254.882192
521.618634,99,2255.070943
715.25035,141,2255.35085
580.093294,111,2255.561432
434.464155,84,2255.722141
539.632184,103,2255.926021
500.416014,97,2256.115256
394.87253,79,2256.273276
431.56386,83,2256.437189
377.043193,73,2256.581131
490.605664,96,2256.773612
256.995375,54,2256.879952
429.661883,86,2260.499858
405.431201,76,2260.624822
528.069829,95,2260.794869
533.307928,109,2260.98901
416.579787,80,2261.131433
578.07489,114,2261.340815
423.935176,83,2261.487802
367.182412,73,2261.616787
606.701158,114,2261.800945
559.109502,103,2261.970052
353.168281,69,2262.082791
499.214775,95,2262.245837
349.13956,73,2262.363227
438.2779,88,2262.500356
369.470253,75,2262.623057
469.66556,90,2262.767551
381.084871,75,2262.8891
403.07258,78,2263.01711
570.229866,106,2263.177245
503.866591,93,2263.325201
338.918829,65,2263.428036
423.591831,80,2263.558148
480.825148,90,2263.703181
511.974233,101,2263.872823
562.524147,112,2267.499672
510.299832,95,2267.688223
648.918367,147,2267.979478
429.097023,84,2268.145771
348.803537,67,2268.280608
357.157809,71,2268.421969
753.854415,146,2268.717613
612.627943,115,2268.947271
428.446522,82,2269.100842
470.007735,100,2269.294088
468.387916,90,2269.473591
407.103982,81,2269.627522
518.422324,103,2269.826053
462.462011,89,2269.998951
445.47626,83,2270.163153
429.992643,88,2270.33961
375.600539,74,2270.464714
484.901917,95,2270.61737
478.719361,88,2270.765722
231.379906,48,2270.843843
503.959355,99,2271.014377
305.420883,67,2271.122972
545.1379,103,2274.520537
503.632958,95,2274.680739
489.486283,94,2274.839474
364.555709,70,2274.961558
596.007759,109,2275.169717
379.049514,73,2275.309142
444.633447,90,2275.488711
484.103082,92,2275.666237
394.23219,83,2275.821019
525.563931,100,2276.01541
546.986155,111,2276.236106
335.163877,65,2276.358657
458.135562,98,2276.550462
361.467973,78,2276.703013
430.771123,83,2276.862719
545.364315,106,2277.072514
390.669412,74,2277.214368
437.3713,85,2277.380916
495.394757,96,2277.566689
456.48006,85,2277.732035
482.382706,98,2277.933644
554.187295,117,2278.159208
431.28179,94,2281.756728
350.483302,72,2281.873696
447.630716,87,2282.028006
368.12159,78,2282.165716
593.627317,128,2282.372978
451.713943,85,2282.521891
451.329526,86,2282.663984
520.634586,100,2282.830749
370.268694,72,2282.954459
382.045758,75,2283.077922
415.118339,78,2283.210042
818.476994,162,2283.492741
446.08543,83,2283.62492
489.135364,108,2283.815632
699.091486,136,2284.046876
499.301509,103,2284.215465
269.527883,56,2284.297987
454.5674,87,2284.447129
447.60294,87,2284.592945
340.401331,73,2284.713731
427.150215,82,2284.839493
467.638031,89,2284.985179
440.592074,95,2285.154918
515.436794,96,2288.65125
585.239554,110,2288.823694
541.856032,111,2288.986737
515.653529,96,2289.126992
457.933675,86,2289.26609
343.548234,74,2289.382227
452.654244,93,2289.530098
473.206686,94,2289.684236
475.201818,90,2289.826873
533.283472,98,2289.988115
716.672939,140,2290.229177
359.130027,68,2290.336003
575.816273,113,2290.51787
388.9393,76,2290.634717
493.252731,97,2290.794845
403.711271,84,2290.921874
460.092517,88,2291.04956
438.267108,85,2291.179465
310.150153,66,2291.284862
419.15348,77,2291.400929
418.222651,82,2291.531157
387.938601,73,2291.647316
344.924928,66,2291.755134
492.276758,96,2295.209459
482.553891,93,2295.357449
1047.205154,208,2295.682186
461.883663,89,2295.821164
510.188798,100,2295.985765
401.375161,77,2296.117768
588.409768,114,2296.307888
492.439216,99,2296.468477
367.056041,74,2296.577538
447.057268,89,2296.727246
429.684154,90,2296.882649
742.945715,149,2297.141629
507.91957,95,2297.304293
710.421585,138,2297.539495
392.814971,75,2297.671148
378.254111,76,2297.808011
322.638273,65,2297.912832
347.618508,71,2298.022125
464.962262,93,2298.16667
501.322569,95,2298.31452
500.080474,94,2301.720682
429.829765,83,2301.861145
469.730339,89,2302.004122
372.730777,72,2302.129334
388.861742,74,2302.27124
420.498232,81,2302.431397
512.133226,101,2302.634554
549.941255,117,2302.867357
473.787688,97,2303.058117
507.851041,99,2303.257488
445.802665,86,2303.425993
884.996869,180,2303.786768
325.137632,70,2303.923023
356.722403,70,2304.056686
426.471419,86,2304.224719
470.513397,87,2304.392454
553.624075,105,2304.599902
559.703938,105,2304.808777
491.629945,98,2305.002032
716.892262,145,2305.296393
529.031095,110,2305.515152
724.66946,156,2309.148874
548.065108,104,2309.350686
450.908027,87,2309.521337
728.115235,140,2309.794722
381.675934,73,2309.935373
347.467784,73,2310.078025
457.09989,87,2310.246594
435.244856,87,2310.421386
425.629304,80,2310.579454
450.021608,83,2310.73785
462.181753,101,2310.919225
481.681232,96,2311.066227
403.855837,80,2311.195769
412.530202,80,2311.32383
486.348545,95,2311.476062
415.9204,81,2311.607141
639.923246,118,2311.809614
423.406665,92,2311.97017
502.225049,97,2312.132368
593.964675,120,2312.33028
482.788493,90,2312.478024
472.77124,95,2312.646056
497.843345,93,2316.154813
377.142056,81,2316.279254
566.819891,106,2316.43983
466.305797,86,2316.569152
607.439923,125,2316.767801
541.416166,110,2316.948621
487.440183,94,2317.106133
691.689092,130,2317.316788
427.270367,82,2317.457317
529.415901,105,2317.618649
605.953741,120,2317.816473
88.331709,19,2317.846265
492.544114,96,2318.003754
478.69131,96,2318.161666
497.241385,97,2318.327937
689.271455,151,2318.579187
423.319443,86,2318.728819
511.587672,105,2318.911871
498.160495,95,2319.066514
486.223883,91,2319.226688
375.163279,76,2319.362258
569.869347,116,2322.876596
565.610025,106,2323.078425
351.723154,71,2323.217501
506.702356,98,2323.410477
577.671844,113,2323.638518
479.276285,93,2323.825704
462.008987,86,2323.989625
379.923226,74,2324.130108
488.996462,97,2324.326166
481.214848,101,2324.527783
321.248925,66,2324.657878
407.240085,77,2324.810432
515.506827,103,2325.018535
464.596771,91,2325.20024
660.185918,138,2325.478056
516.312744,111,2325.695338
489.888483,93,2325.858606
507.188062,95,2326.028176
445.365424,96,2326.199934
488.185894,94,2326.370151
425.492946,83,2326.511195
460.662594,83,2329.967596
473.219756,96,2330.15817
515.349466,104,2330.357895
383.386477,79,2330.511084
506.724136,102,2330.709885
467.407065,95,2330.891084
391.061152,79,2331.043682
471.646251,87,2331.206465
449.153263,86,2331.371603
384.286672,74,2331.510149
400.527278,85,2331.676081
535.248193,117,2331.903053
630.589427,121,2332.138025
485.647928,96,2332.330709
474.025001,96,2332.52908
493.044953,97,2332.729294
310.022237,67,2332.86234
352.323855,69,2332.995306
412.613092,83,2333.163257
415.599124,83,2333.333676
428.658962,81,2333.501381
572.331548,112,2333.728917
554.639574,125,2337.334612
505.644069,96,2337.519033
409.987131,81,2337.674843
607.300859,108,2337.880475
368.616394,71,2338.01708
426.00413,82,2338.168876
407.945681,78,2338.31393
356.124007,70,2338.446245
512.818497,97,2338.629194
383.155954,75,2338.773366
477.202721,92,2338.952144
489.407691,96,2339.14554
592.300779,105,2339.32862
484.911032,101,2339.50208
416.035642,83,2339.65059
341.385674,67,2339.765051
555.648961,109,2339.967412
421.738964,79,2340.111622
354.026986,73,2340.245382
385.264797,75,2340.386751
410.669287,79,2340.524433
541.718716,107,2340.725284
408.551102,85,2340.876196
351.465327,72,2341.005188
612.164566,120,2344.685765
605.286465,123,2344.923319
472.605508,92,2345.104942
578.685954,117,2345.330726
354.263364,71,2345.465091
573.66457,114,2345.685732
469.915591,91,2345.852551
346.275498,71,2345.956707
373.851548,77,2346.062376
332.954655,64,2346.160467
304.229403,61,2346.249569
515.277181,99,2346.4028
522.757939,95,2346.565304
368.876003,74,2346.689411
583.236269,124,2346.90175
484.83057,90,2347.054776
444.105782,88,2347.216732
480.461362,91,2347.382274
618.402867,120,2347.599171
499.515964,114,2347.802827
442.638474,90,2347.956912
472.246002,96,2348.129655
324.34542,69,2351.479768
375.547411,75,2351.598346
623.04107,126,2351.80313
452.839822,88,2351.927379
738.535517,142,2352.097312
460.318506,87,2352.23179
704.855855,142,2352.43635
610.575512,131,2352.66145
674.208325,144,2352.895266
387.263138,78,2353.032166
388.236451,85,2353.166506
438.584379,89,2353.316079
463.481195,96,2353.47632
540.538894,103,2353.641208
475.145627,93,2353.804714
370.720087,72,2353.934068
535.252221,104,2354.118363
503.667537,94,2354.287216
402.130093,75,2354.423055
566.414545,110,2354.621333
521.209328,108,2358.201724
501.552516,100,2358.396625
564.227463,115,2358.624628
409.04593,83,2358.780286
516.795727,99,2358.97442
390.538429,75,2359.117715
559.228538,111,2359.332853
510.875108,99,2359.519736
413.401578,78,2359.667283
156.186125,32,2359.724654
489.927675,92,2359.903227
649.432691,124,2360.140753
432.203737,85,2360.309413
585.588237,117,2360.539032
504.874863,96,2360.728622
463.975681,90,2360.90471
494.95631,92,2361.085674
688.629459,146,2361.370013
523.212437,102,2361.559345
508.468293,96,2361.733002
412.082846,78,2361.872287
577.276336,116,2365.434898
324.256766,66,2365.563262
514.337221,94,2365.742776
448.227396,83,2365.902637
458.70592,87,2366.072829
630.335339,117,2366.29689
270.308794,55,2366.401057
558.843386,106,2366.606468
365.879738,72,2366.750908
492.527098,96,2366.936877
468.12706,84,2367.095618
341.008616,71,2367.23841
466.312301,92,2367.424693
478.427769,93,2367.608163
402.792989,86,2367.777425
521.200585,95,2367.963293
582.01943,117,2368.197085
554.961417,106,2368.386004
496.691323,95,2368.549563
599.249471,110,2368.735415
415.194983,79,2368.869396
436.089321,88,2369.023248
523.775832,100,2369.202274
747.294749,141,2372.773779
502.239985,93,2372.915124
381.324639,77,2373.025217
295.958457,61,2373.110197
423.665936,93,2373.262398
465.684158,90,2373.410018
435.822933,85,2373.531996
598.541765,115,2373.71918
469.59809,92,2373.863446
581.052905,112,2374.03194
111.593229,24,2374.066258
517.472709,98,2374.213449
455.890353,86,2374.342508
465.100999,87,2374.473493
586.596673,118,2374.6607
482.114183,100,2374.801061
331.693709,69,2374.906675
367.665113,74,2375.026006
392.496139,83,2375.151452
353.440762,69,2375.270915
876.242265,183,2375.589411
430.589844,82,2375.73381
466.202603,90,2379.333993
358.863969,70,2379.469266
393.617227,84,2379.635506
329.943637,69,2379.776239
453.298451,90,2379.957514
563.039881,111,2380.15101
488.768348,95,2380.317799
498.557556,94,2380.44425
529.866456,102,2380.612826
404.999418,76,2380.73655
438.170122,85,2380.865376
351.077028,71,2380.975555
652.68302,126,2381.166333
448.024604,87,2381.308243
402.902727,75,2381.4249
438.207893,85,2381.559149
479.504146,92,2381.702448
493.786141,97,2381.863545
459.027476,88,2382.020744
608.021778,120,2382.225591
379.620486,73,2382.349477
384.676378,76,2382.485854
451.710343,85,2382.633512
594.172623,116,2386.109218
525.044734,107,2386.276218
433.866919,92,2386.431599
366.086604,73,2386.548546
427.311079,83,2386.678913
409.970465,79,2386.795847
583.386985,119,2386.991192
344.815872,63,2387.086939
336.22228,69,2387.192896
413.612818,84,2387.312312
475.324879,105,2387.448398
568.195571,112,2387.58792
392.646337,76,2387.680789
501.215088,96,2387.798498
395.409465,82,2387.901472
464.298459,93,2388.015319
424.117739,87,2388.145293
741.548158,138,2388.352503
716.496185,137,2388.56061
429.41345,89,2388.697768
114.51724,24,2388.732181
469.21706,99,2388.879214
354.80282,77,2388.999402
596.595835,118,2392.525651
397.207037,84,2392.664235
425.311238,81,2392.792459
226.385091,46,2392.869968
420.709638,86,2393.012983
481.381178,90,2393.15221
641.440277,123,2393.359536
500.481664,94,2393.514156
469.139344,101,2393.682893
420.44069,89,2393.824129
417.479566,81,2393.961473
572.97043,123,2394.168158
455.496698,88,2394.316706
404.897865,84,2394.455182
487.141656,95,2394.611032
543.033811,96,2394.761786
369.624541,73,2394.884666
617.35627,121,2395.075282
527.746934,104,2395.243931
390.257505,81,2395.368771
374.334216,77,2395.49502
662.022079,125,2399.09844
398.841863,77,2399.220976
573.3159,114,2399.372807
474.915237,89,2399.483173
407.802867,85,2399.589808
496.039286,95,2399.709479
424.977386,80,2399.809514
396.652671,82,2399.912557
410.440259,80,2400.012173
125.51749,26,2400.044718
526.346265,100,2400.165033
410.915901,85,2400.272626
361.2723,73,2400.365167
498.2771,96,2400.51032
440.454444,95,2400.655897
354.395858,71,2400.768832
467.994152,94,2400.908319
429.322683,92,2401.033187
431.264001,85,2401.173477
580.291465,113,2401.375007
495.416925,97,2401.529774
340.257833,76,2401.645376
401.010368,86,2401.78099
453.677463,89,2401.922045
553.877871,102,2405.355527
503.863119,108,2405.540367
440.848118,82,2405.681205
904.326685,183,2405.988744
366.198168,71,2406.10298
505.4838,98,2406.256694
375.396991,77,2406.37814
441.23863,83,2406.518587
573.312123,117,2406.71978
395.30684,75,2406.842676
463.167753,88,2406.980511
612.235565,121,2407.174485
515.888361,99,2407.328804
476.392327,100,2407.490425
537.265842,108,2407.670143
455.772918,86,2407.838231
467.089147,86,2408.009044
476.063203,91,2408.18517
497.816404,98,2408.37563
450.666421,84,2408.534068
595.147744,132,2408.800838
297.773498,58,2412.269066
457.37653,87,2412.409209
451.660133,87,2412.543112
310.565861,66,2412.644849
479.20178,89,2412.767793
425.847381,86,2412.906723
598.578339,112,2413.10797
519.502844,100,2413.269237
401.669353,78,2413.396838
657.366566,127,2413.583273
381.225969,75,2413.701367
432.887865,81,2413.822702
383.517665,76,2413.935436
511.90527,105,2414.105995
433.76961,85,2414.23631
530.919419,104,2414.394611
358.912996,74,2414.505935
330.650903,67,2414.612783
452.834739,85,2414.753258
409.659839,87,2414.904216
562.762911,111,2415.07961
560.964933,111,2415.271518
368.499996,74,2415.394739
409.855724,83,2418.849804
354.389011,74,2418.966958
521.727477,100,2419.128211
463.806775,91,2419.286206
663.644543,132,2419.506544
681.411546,139,2419.736574
774.859025,153,2419.968246
565.923483,117,2420.154482
84.668028,18,2420.175639
88.974966,19,2420.198147
87.953883,19,2420.220847
338.942399,67,2420.308684
360.420685,64,2420.386124
916.905824,184,2420.610438
452.832443,95,2420.727247
389.460025,76,2420.820528
434.901052,81,2420.917934
486.595531,106,2421.046184
591.880953,113,2421.183438
533.302216,102,2421.305064
538.429005,105,2421.429804
571.014008,103,2421.56515
652.237883,128,2424.925829
378.140354,71,2425.051819
667.4359,131,2425.279929
450.496715,87,2425.438206
87.274159,19,2425.470593
394.692496,82,2425.613731
897.493356,185,2425.935131
395.427426,76,2426.06168
433.245955,81,2426.205926
86.758632,20,2426.23911
361.435404,69,2426.357046
482.424631,94,2426.521015
328.162683,68,2426.634197
362.347369,69,2426.748433
483.886141,99,2426.915565
627.299455,124,2427.120391
401.105269,81,2427.263466
449.496752,88,2427.404494
472.1253,95,2427.553818
432.135851,83,2427.700684
462.655685,89,2427.849485
549.814696,104,2427.999815
331.234625,63,2428.097556
497.359936,93,2431.708184
377.937319,73,2431.860865
505.686234,95,2432.0556
387.91355,75,2432.205604
489.488675,96,2432.398196
584.893614,109,2432.618021
635.432503,124,2432.865968
485.865382,103,2433.067873
432.018659,83,2433.234787
436.74884,82,2433.396214
459.551944,95,2433.581361
691.533401,136,2433.852758
635.176264,126,2434.097334
299.495979,63,2434.218232
537.275911,113,2434.43056
480.052089,102,2434.628379
420.736381,88,2434.802657
343.7453,68,2434.934229
477.854255,102,2435.132617
515.655504,102,2435.272161
491.551096,98,2435.395049
583.666468,120,2438.91646
428.857766,92,2439.089399
458.895645,93,2439.26066
427.086683,87,2439.415979
563.521451,111,2439.610415
493.70166,95,2439.776679
382.112612,72,2439.902243
380.059993,73,2440.031873
93.367147,20,2440.065197
539.057435,104,2440.236962
414.774454,80,2440.36873
478.688873,91,2440.515002
616.434229,121,2440.728052
449.052853,88,2440.881856
85.409551,19,2440.912993
481.786809,92,2441.059819
532.230805,101,2441.220531
633.788713,125,2441.438617
588.668503,123,2441.658337
546.063509,112,2441.85928
536.350042,108,2442.051487
536.232141,110,2442.247772
578.257234,115,2442.472316
426.946051,82,2446.172916
454.569867,97,2446.346698
346.31892,71,2446.459477
436.487775,82,2446.592129
441.924002,89,2446.743983
403.79476,83,2446.891144
359.019439,69,2447.011622
529.248375,101,2447.188256
414.382061,77,2447.311056
462.988144,92,2447.464991
402.209636,85,2447.615375
571.180759,109,2447.806936
457.19452,88,2447.956739
382.551627,71,2448.073837
687.882007,127,2448.278025
459.945921,86,2448.428109
563.117852,109,2448.635181
494.896588,98,2448.817948
416.028626,79,2448.964288
484.138788,96,2449.144733
398.947422,79,2449.259508
82.857359,18,2449.286945
576.226512,126,2449.472338
405.42506,87,2453.020679
510.310145,105,2453.231225
385.404119,81,2453.391026
546.355409,110,2453.613358
423.773022,87,2453.789446
601.227549,129,2454.050117
507.982656,99,2454.245818
537.171398,107,2454.459335
477.141259,89,2454.638226
455.351978,85,2454.805022
492.426239,100,2454.998885
590.663743,121,2455.238701
471.066978,91,2455.416484
470.162067,92,2455.593493
349.684985,76,2455.743031
612.757033,115,2455.951777
500.202478,105,2456.111023
635.932413,121,2456.288663
418.136048,84,2456.39667
551.923694,104,2456.529453
556.64555,101,2459.840106
392.335098,81,2459.983948
636.738769,135,2460.227765
437.199992,85,2460.372627
431.308873,86,2460.527243
586.737412,131,2460.751407
399.706212,81,2460.894866
408.922466,86,2461.032633
403.811875,81,2461.16995
505.734928,95,2461.32886
521.979855,109,2461.518822
566.21222,104,2461.68567
410.03122,83,2461.824708
322.576542,67,2461.937407
488.862989,99,2462.109035
470.003334,89,2462.258646
403.109575,81,2462.380682
316.005535,64,2462.48939
429.054599,80,2462.618981
223.243244,47,2462.688163
381.543438,80,2462.82523
479.000382,93,2463.002664
517.73393,103,2463.200754
492.778203,92,2466.457745
364.43014,74,2466.613082
400.442622,77,2466.766809
632.010779,134,2467.004749
481.455254,93,2467.168682
376.332868,73,2467.293528
590.144891,109,2467.477368
451.696106,88,2467.6333
381.767006,74,2467.761794
325.159164,65,2467.865016
359.774486,70,2467.980994
404.053846,84,2468.12647
448.573161,85,2468.270775
481.238903,93,2468.422676
420.056599,81,2468.540898
514.783917,97,2468.709734
116.833748,24,2468.749839
517.020966,95,2468.903859
524.804804,102,2469.073708
428.863445,82,2469.219239
463.936658,96,2469.395542
578.792122,110,2469.578897
471.446181,90,2469.728256
476.981712,94,2469.881215
420.258696,82,2473.319512
385.147228,74,2473.445084
300.653903,58,2473.543515
530.504072,104,2473.723637
533.04239,101,2473.901528
563.114292,104,2474.078837
445.516409,84,2474.246702
550.099881,103,2474.45015
529.351425,112,2474.676076
475.820495,90,2474.854449
565.191757,119,2475.098353
701.760597,140,2475.384889
122.305194,25,2475.432286
542.625642,104,2475.639246
404.4395,77,2475.792151
86.605262,18,2475.824921
640.254775,123,2476.073321
524.236009,98,2476.260578
386.870629,80,2476.380592
418.225326,78,2476.499755
388.629341,76,2476.612408
688.770933,131,2476.808004
541.184473,109,2476.944296
99.263949,22,2480.322902
411.870926,81,2480.463644
461.942424,90,2480.611423
345.134372,67,2480.718397
405.007099,82,2480.861126
681.76393,134,2481.093394
455.899308,88,2481.241786
715.454644,141,2481.483237
409.34401,87,2481.630917
716.597272,138,2481.861123
508.445694,97,2482.017511
739.867947,150,2482.288632
699.546337,138,2482.523542
564.984149,104,2482.694869
626.925794,126,2482.919775
403.49052,80,2483.056812
518.488596,96,2483.22505
433.541734,86,2483.37321
499.718195,96,2483.537191
452.567094,89,2483.687155
570.318606,107,2487.258519
488.55133,98,2487.413892
389.050353,77,2487.530066
433.131357,87,2487.664951
397.145083,79,2487.797849
501.411599,110,2487.983615
497.956022,103,2488.197135
312.118785,62,2488.319765
359.585026,70,2488.459559
350.057967,66,2488.59061
599.612593,116,2488.825399
378.551326,74,2488.976223
478.178877,91,2489.157186
548.323747,103,2489.36536
682.719858,132,2489.630405
370.787038,73,2489.774948
312.531137,62,2489.898265
397.190626,72,2490.040488
452.505874,86,2490.216531
369.891036,74,2490.365631
506.487655,97,2490.557344
495.240176,96,2490.74963
377.244375,70,2490.885716
464.776419,89,2491.058563
475.372102,89,2494.517967
570.95501,105,2494.69365
394.231511,76,2494.842978
524.129322,100,2495.041382
670.017561,128,2495.293073
476.557787,89,2495.460174
457.678914,87,2495.623363
441.823437,85,2495.787614
552.856364,101,2495.990162
493.452904,105,2496.203886
533.294418,114,2496.429996
441.592546,90,2496.606234
549.617446,100,2496.79946
701.365096,131,2497.063491
330.671273,64,2497.190123
357.215705,71,2497.329722
408.492406,83,2497.499125
418.341544,88,2497.675916
693.717442,131,2497.935776
484.172445,99,2498.127736
535.635548,115,2498.355817
456.700312,97,2501.97262
522.035193,101,2502.165889
557.177601,104,2502.367724
300.572105,63,2502.48759
443.254667,89,2502.660645
647.318695,124,2502.890022
497.203899,101,2503.068942
502.660419,98,2503.233338
573.86324,114,2503.425159
362.127837,74,2503.554313
341.896686,69,2503.669167
459.653606,92,2503.819447
518.051894,104,2503.990889
434.932245,84,2504.129165
328.254704,65,2504.235307
404.203231,82,2504.376675
606.063244,125,2504.603453
356.533541,70,2504.720933
550.50847,103,2504.904675
525.9024,100,2505.081126
334.092006,71,2505.205025
413.470503,84,2505.347153
365.748331,71,2508.659096
428.231244,85,2508.782363
510.147619,96,2508.90277
227.322815,47,2508.958527
502.156279,95,2509.072886
371.791039,71,2509.176061
489.996582,97,2509.322508
514.658134,99,2509.468879
420.422774,80,2509.588221
536.75389,113,2509.76306
461.021809,94,2509.904974
380.298544,74,2510.015923
585.421946,119,2510.182854
432.623454,83,2510.284793
454.459098,88,2510.41603
757.113227,149,2510.647271
595.870167,117,2510.831378
542.643202,103,2510.9871
330.820845,65,2511.094902
523.634432,97,2511.255815
547.350209,112,2511.441968
497.083413,97,2511.598967
477.991792,93,2515.082063
534.614538,110,2515.299339
382.00893,77,2515.453582
717.104547,143,2515.729023
442.703188,83,2515.889651
386.862113,74,2516.032102
445.928098,87,2516.200853
440.893246,84,2516.35654
453.0747,94,2516.508039
407.317325,76,2516.634959
329.744695,63,2516.738086
427.953012,82,2516.866052
537.919501,99,2517.022218
699.863378,151,2517.284534
483.410452,95,2517.441371
530.83955,102,2517.617501
368.110068,71,2517.738827
549.688504,103,2517.910187
439.32993,84,2518.054736
395.999911,75,2518.188834
438.115254,84,2518.322966
537.477195,107,2518.500858
469.13687,98,2522.281302
440.094647,88,2522.456768
351.484462,73,2522.598008
486.512049,99,2522.792059
479.80339,99,2522.98667
390.56762,78,2523.135264
401.986995,78,2523.256678
585.54647,114,2523.448495
530.204418,108,2523.612447
432.722927,80,2523.721429
121.748464,26,2523.765391
500.829129,97,2523.928595
348.766453,71,2524.037126
427.789912,95,2524.202685
439.093416,92,2524.356591
587.743933,108,2524.529511
456.020202,99,2524.68797
547.330289,106,2524.871271
579.519934,112,2525.05896
400.648615,79,2525.192006
462.139068,86,2525.336466
370.650167,72,2525.463726
400.82595,84,2525.604169
417.881882,84,2529.103022
491.036497,95,2529.267978
525.012575,98,2529.42536
687.942985,128,2529.630814
508.691845,110,2529.807727
395.649737,81,2529.94427
544.281701,117,2530.105262
554.878607,116,2530.285021
471.686205,96,2530.468482
539.540271,111,2530.682944
312.259016,61,2530.799369
410.934534,81,2530.955125
458.558596,86,2531.118848
456.643563,87,2531.285139
418.376063,85,2531.456872
438.334311,82,2531.614813
417.582905,81,2531.773781
553.681085,110,2531.989553
486.707915,106,2532.19496
486.521517,96,2532.384568
417.991832,77,2532.536202
122.817854,26,2532.585593
315.524389,62,2532.708333
567.267833,110,2536.321214
336.259841,67,2536.427898
538.16155,104,2536.601545
564.390733,107,2536.784441
431.987307,81,2536.925743
368.759704,75,2537.056523
399.791482,82,2537.197518
453.313686,92,2537.35074
474.693821,96,2537.496151
418.975091,78,2537.616149
371.588761,71,2537.732136
451.254033,87,2537.862709
363.084873,68,2537.972429
442.223892,91,2538.118877
478.01497,93,2538.271767
918.633964,172,2538.583745
432.609948,80,2538.737737
639.330371,126,2538.984523
464.832434,98,2539.179343
519.15677,98,2539.375928
413.0454,80,2539.52945
337.730972,66,2539.655983
411.870773,80,2543.386748
419.2433,80,2543.545158
618.405259,121,2543.791792
376.05389,71,2543.932911
477.969046,92,2544.113479
710.668622,134,2544.376196
491.915069,103,2544.5786
464.900499,89,2544.751036
552.075084,110,2544.961536
331.21982,63,2545.083074
361.231298,68,2545.206811
417.491359,80,2545.341736
350.855718,68,2545.46005
535.570578,100,2545.622347
526.229136,101,2545.794253
610.771147,130,2546.008719
283.048661,57,2546.100823
468.972764,92,2546.259333
468.978065,92,2546.41288
462.78749,86,2546.560929
435.607983,93,2546.721108
408.254954,77,2546.85771
388.767821,75,2546.987495
279.583588,55,2550.407188
476.517252,94,2550.565556
388.921619,75,2550.681379
627.979935,126,2550.890113
473.840851,91,2551.033522
501.494837,94,2551.194
650.762342,119,2551.381099
351.90443,77,2551.510801
359.183856,70,2551.635671
438.503674,86,2551.786271
390.076879,77,2551.926089
547.397035,105,2552.066243
508.95795,96,2552.188242
439.865332,90,2552.309031
505.66671,95,2552.459679
403.707033,81,2552.578108
495.04788,100,2552.738648
590.407014,114,2552.920427
482.456878,103,2553.081223
518.152749,105,2553.246446
503.248322,92,2553.387017
543.553162,101,2553.550361
465.43813,89,2557.053082
492.826409,97,2557.204932
392.148263,75,2557.32842
712.630803,138,2557.552892
624.793535,131,2557.779932
537.133713,104,2557.952317
460.370013,91,2558.10393
839.6483,163,2558.368935
482.80545,95,2558.522171
762.468493,142,2558.752832
500.231283,104,2558.91406
519.603918,99,2559.083771
466.223375,92,2559.229876
390.083817,75,2559.357274
380.892243,71,2559.473866
528.819185,101,2559.642665
563.913401,108,2559.815847
428.629835,83,2559.95367
481.920556,94,2560.112099
434.922414,81,2560.250075
458.632157,90,2563.727185
429.554538,85,2563.897097
427.98606,81,2564.054743
582.895453,115,2564.279478
388.758375,77,2564.436774
515.679654,95,2564.625493
522.095064,98,2564.817661
466.556012,88,2564.989357
448.314016,86,2565.156188
375.11397,74,2565.297158
410.409831,82,2565.460497
462.578293,87,2565.6278
486.032465,97,2565.814128
367.500985,72,2565.947118
771.861684,151,2566.241103
446.349782,87,2566.415617
536.992958,98,2566.606249
492.290945,92,2566.786489
639.465225,126,2567.035847
446.820481,94,2567.225565
761.259049,145,2567.512377
507.370841,96,2571.064908
577.94073,107,2571.240337
480.581004,90,2571.390817
360.784053,73,2571.503075
566.866031,113,2571.688514
474.202036,89,2571.843432
516.423123,97,2571.9944
416.323612,79,2572.13297
564.367958,114,2572.342084
471.526944,89,2572.509178
501.463843,97,2572.693941
342.30001,66,2572.824601
612.714312,121,2573.058563
436.706903,82,2573.217191
495.408473,99,2573.422695
559.693651,127,2573.672983
433.766371,87,2573.84422
714.613956,133,2574.105649
442.349996,92,2574.285912
551.312056,111,2574.503407
498.166881,91,2574.680078
560.359643,102,2578.10458
510.260501,109,2578.290883
478.505125,88,2578.427666
507.676391,103,2578.598469
485.916221,91,2578.747329
442.462717,82,2578.878967
520.779318,100,2579.032842
539.201101,104,2579.195933
455.504843,90,2579.342099
481.758217,95,2579.492725
429.234373,85,2579.640171
481.256524,93,2579.806183
498.87069,93,2579.963764
399.686054,81,2580.092087
349.547247,73,2580.220784
524.353358,104,2580.37607
471.253173,96,2580.530522
377.315212,80,2580.663315
489.193413,100,2580.834695
382.524408,73,2580.959033
501.624389,104,2581.133173
347.2403,70,2581.253603
474.494911,91,2581.398551
358.417917,75,2584.964141
574.862594,107,2585.174484
396.123602,80,2585.332115
449.811457,87,2585.503749
429.108049,81,2585.661303
413.56305,83,2585.821758
569.921173,109,2586.037551
713.61669,134,2586.302273
441.973576,82,2586.470827
429.616576,82,2586.637357
450.59698,81,2586.796635
527.390973,106,2587.006574
501.840457,98,2587.210245
551.978169,103,2587.413345
400.39122,78,2587.570276
379.507803,72,2587.71498
363.506344,70,2587.857336
633.691462,120,2588.092066
435.181315,87,2588.265462
459.921298,91,2588.440487
492.597541,91,2588.618874
386.835413,74,2588.767028
468.203405,91,2592.283247
943.511664,182,2592.592205
437.615736,82,2592.723489
371.124487,74,2592.851799
449.636202,84,2592.989543
611.704714,118,2593.183488
402.925402,78,2593.317295
606.172674,124,2593.526894
493.487949,110,2593.711789
527.688433,117,2593.913088
455.853661,86,2594.055219
605.308721,123,2594.256371
523.4262,99,2594.426135
427.697297,82,2594.567752
539.057072,118,2594.772573
414.45373,85,2594.903185
720.494251,140,2595.128566
569.818048,114,2595.319217
447.904231,96,2595.471508
507.475707,94,2595.632009
328.193256,66,2599.231009
387.653959,75,2599.345544
713.295111,131,2599.542843
442.553614,82,2599.669358
674.203922,131,2599.878343
326.811696,63,2599.97635
504.384552,99,2600.133938
559.0756,103,2600.30359
330.632804,65,2600.417222
509.757642,102,2600.594641
494.684,94,2600.754552
507.119802,99,2600.918275
526.42839,98,2601.083153
618.344742,125,2601.285965
469.902303,86,2601.420594
492.334219,98,2601.579277
449.241146,85,2601.717045
546.397558,104,2601.879655
607.562142,112,2602.066993
630.653684,118,2602.275558
359.339069,72,2602.407114
437.743816,93,2605.990881
502.744153,100,2606.188218
555.543388,103,2606.383683
524.779324,105,2606.58737
438.953591,93,2606.771046
376.74027,74,2606.915455
424.631778,89,2607.084917
453.177091,89,2607.254582
484.222359,102,2607.458384
457.153308,90,2607.635135
415.685668,78,2607.78495
314.449896,60,2607.901886
521.256179,100,2608.100244
351.822138,76,2608.254404
315.49244,64,2608.380264
579.556557,116,2608.606082
404.148658,84,2608.774475
756.891324,159,2609.106356
452.001068,91,2609.290821
356.024132,69,2609.429427
736.318599,150,2609.733573
566.384567,126,2609.994798
546.739501,108,2613.448075
487.498179,92,2613.594548
432.135406,80,2613.722398
400.209072,84,2613.853919
476.726093,90,2614.009231
561.047941,114,2614.213919
416.229563,79,2614.342543
529.913266,101,2614.519972
458.809057,92,2614.677782
373.55641,78,2614.816828
441.985228,85,2614.958469
467.726494,89,2615.1068
431.271413,87,2615.256056
471.293293,89,2615.409086
384.305756,73,2615.541404
505.190108,102,2615.745369
692.088965,134,2616.011528
568.328415,119,2616.257463
388.515583,77,2616.410648
374.840608,73,2616.558233
162.540319,32,2616.618617
547.953628,110,2616.837375
507.899716,95,2620.563375
528.017047,105,2620.761099
374.708812,70,2620.897067
485.362692,92,2621.074184
349.109794,69,2621.209922
585.232887,116,2621.440594
488.993175,90,2621.612184
602.740182,125,2621.854172
414.907373,91,2622.034208
464.764783,90,2622.208195
465.532087,85,2622.375213
455.744972,84,2622.539222
452.42994,91,2622.720375
245.026891,49,2622.81986
495.53785,91,2623.004574
535.880862,102,2623.21022
729.441032,157,2623.538897
471.577115,91,2623.721345
495.314633,92,2623.900748
437.334223,90,2624.065955
481.345766,99,2624.24439
382.480415,74,2624.381332
293.38653,63,2624.49118
799.832912,157,2628.024204
488.439768,90,2628.181085
469.201084,90,2628.318122
492.277503,93,2628.475732
655.055652,122,2628.690036
464.874112,92,2628.8527
333.442316,70,2628.970762
446.596132,85,2629.116658
535.857181,105,2629.296189
351.551706,72,2629.425445
337.066631,71,2629.543061
441.877295,87,2629.687645
525.394107,103,2629.867029
586.238023,109,2630.055649
455.661164,86,2630.20398
588.706391,122,2630.415728
369.833809,71,2630.537095
624.145059,116,2630.737166
444.973165,84,2630.881948
610.314559,115,2631.080898
415.827308,82,2631.21982
493.682391,94,2634.548507
414.763268,85,2634.704998
500.155229,95,2634.861207
273.360471,58,2634.95711
443.565955,92,2635.116666
522.196803,95,2635.279696
590.606739,114,2635.466646
377.886826,72,2635.587976
414.536014,79,2635.721709
446.018693,86,2635.870108
393.129411,74,2636.000174
387.489862,74,2636.129867
474.792771,95,2636.29836
487.480579,96,2636.465028
347.143004,67,2636.582686
559.098476,114,2636.790334
452.106561,84,2636.941857
412.337972,84,2637.09726
872.10377,166,2637.403649
513.829474,94,2637.577434
321.614024,65,2637.700791
740.333554,143,2637.968814
603.609812,115,2641.471735
364.443989,70,2641.604741
564.190859,114,2641.826794
378.911849,78,2641.979601
472.253541,90,2642.153081
435.552701,81,2642.307523
520.027631,101,2642.506327
372.458068,70,2642.639918
565.496834,111,2642.857369
416.471268,80,2643.014077
385.906852,70,2643.144645
284.676908,61,2643.262474
432.144652,87,2643.431091
511.325096,100,2643.63628
665.603029,141,2643.928512
438.25715,87,2644.103404
412.111366,80,2644.262828
409.786147,82,2644.428517
525.156501,107,2644.640993
414.145718,80,2644.80115
481.903326,89,2644.981754
581.772919,117,2645.217555
410.888717,78,2645.374989
477.925072,97,2648.902682
561.390652,114,2649.115661
435.926721,83,2649.272914
533.60423,107,2649.477243
492.835569,98,2649.664751
781.081256,149,2649.953846
482.548652,91,2650.124883
492.810677,96,2650.31452
379.656019,83,2650.48383
646.716059,127,2650.735613
453.391959,87,2650.903685
459.373535,89,2651.081408
465.25676,89,2651.262844
350.476378,69,2651.399088
470.655984,90,2651.57879
406.10166,85,2651.757246
433.368335,82,2651.924262
450.589524,88,2652.102006
588.649451,119,2652.340472
623.51203,125,2652.595031
584.343132,110,2656.079123
841.923219,180,2656.423282
482.446755,92,2656.59676
448.357008,94,2656.776378
396.273084,76,2656.918246
498.272214,102,2657.108562
407.232543,78,2657.255964
426.470723,86,2657.42882
474.016719,89,2657.60512
461.906606,87,2657.7713
297.465049,58,2657.8796
358.75301,72,2658.024373
554.886315,107,2658.231404
361.613372,68,2658.361142
485.225399,93,2658.518658
421.072342,79,2658.657779
641.668986,125,2658.884489
85.79972,18,2658.914502
237.401631,51,2659.00372
405.591433,86,2659.163524
403.696564,79,2659.303706
402.417349,84,2659.455284
429.781085,89,2659.618756
789.190905,154,2663.434925
643.223549,123,2663.675177
412.434599,82,2663.834877
470.463158,91,2664.001412
483.075209,100,2664.191545
487.853429,105,2664.394138
585.025034,110,2664.605774
602.846659,119,2664.835325
739.975274,163,2665.16054
522.353796,98,2665.355976
433.115315,81,2665.516725
473.24995,89,2665.690241
717.561258,152,2665.998452
487.41333,92,2666.18193
461.200493,96,2666.371806
586.365935,109,2666.581898
587.976016,110,2666.799261
385.00111,77,2666.948676
647.958767,129,2667.200787
414.788407,84,2667.37218
573.941675,108,2670.870186
471.381241,97,2671.026073
601.257268,112,2671.201703
331.484555,66,2671.300922
479.34005,94,2671.441086
397.032974,81,2671.570423
496.579934,99,2671.734389
455.50739,90,2671.884993
450.619605,87,2672.032883
457.73795,86,2672.179322
593.862472,112,2672.369171
364.766986,70,2672.483501
467.095214,88,2672.643872
426.630946,78,2672.782647
928.277149,182,2673.117263
435.867775,81,2673.25489
442.816019,82,2673.398188
501.159307,106,2673.588588
653.223362,132,2673.809788
485.388633,89,2673.954241
479.507952,104,2674.124998
452.930481,87,2677.821156
471.163274,97,2678.006666
499.664546,97,2678.159826
640.971749,120,2678.338652
496.698337,98,2678.49988
413.75112,81,2678.64024
624.579252,119,2678.843924
563.947246,114,2679.037962
602.307089,123,2679.252078
448.468759,90,2679.407596
435.009159,89,2679.555251
603.957206,121,2679.770655
487.449901,94,2679.943961
607.615562,122,2680.164733
602.148851,113,2680.362804
470.362172,90,2680.52088
418.821342,78,2680.656695
523.412487,102,2680.844252
436.437364,83,2680.994817
113.947538,24,2681.037103
466.132504,92,2681.194072
462.715778,90,2684.959147
622.91314,120,2685.193393
118.505142,24,2685.23686
539.882633,107,2685.456778
426.149407,89,2685.632837
385.207892,82,2685.80373
346.109485,69,2685.9423
630.830893,124,2686.185665
633.841905,123,2686.428467
527.595337,102,2686.63243
578.920777,114,2686.859596
381.556416,75,2687.008739
671.028267,129,2687.254904
398.584063,81,2687.408214
424.756639,83,2687.555803
447.030626,90,2687.71936
512.452935,98,2687.8923
430.455584,79,2688.02851
458.090121,94,2688.193864
575.846743,112,2688.395578
566.560692,109,2688.588281
703.560192,133,2692.161159
455.390054,96,2692.34867
408.033102,79,2692.504442
651.138585,119,2692.738788
361.929397,70,2692.873626
521.221633,96,2693.064164
162.813628,33,2693.125987
537.942051,122,2693.367561
432.419955,89,2693.547099
357.160913,69,2693.679534
475.289175,92,2693.859987
588.819871,112,2694.084831
573.177461,111,2694.305065
601.011082,108,2694.494668
492.560369,92,2694.659475
532.015381,98,2694.818256
467.688572,88,2694.96942
621.248026,135,2695.19473
84.905475,19,2695.225926
367.562643,70,2695.341918
634.98394,125,2695.551094
411.409811,83,2695.691764
716.153636,156,2699.317013
587.411338,107,2699.482405
541.847195,102,2699.654558
523.147068,106,2699.839185
394.960578,78,2699.968163
446.114277,88,2700.113686
484.686786,90,2700.26534
407.298488,85,2700.401482
520.325718,96,2700.558299
676.188441,131,2700.773068
638.571185,128,2700.991453
326.870834,66,2701.104738
429.400811,89,2701.264475
496.811289,97,2701.433513
422.693283,84,2701.586283
439.221579,85,2701.733948
477.443875,95,2701.906955
347.338412,74,2702.043554
454.958578,85,2702.192223
282.695839,56,2702.292423
658.143574,123,2702.506425
445.587015,86,2702.655728
432.710593,93,2706.147736
510.616539,92,2706.328112
484.866206,89,2706.498743
482.212341,89,2706.668287
431.68159,89,2706.847788
97.498563,20,2706.884429
471.804691,93,2707.067199
426.355924,86,2707.240737
400.095547,77,2707.394769
338.977588,74,2707.543424
547.308655,119,2707.779054
583.549537,117,2708.012543
84.933501,19,2708.046735
418.801195,88,2708.220852
392.852443,79,2708.377719
527.730072,98,2708.565495
598.573373,121,2708.817265
437.12111,91,2709.005357
647.890515,122,2709.248242
505.454101,106,2709.464603
457.576467,86,2709.641335
461.070808,89,2709.825031
573.270888,104,2710.028553
482.767973,91,2713.438926
536.285461,100,2713.625201
348.608867,72,2713.761125
417.591264,81,2713.912676
621.233456,114,2714.118112
514.157199,95,2714.27012
671.194751,130,2714.491901
430.283482,82,2714.629028
114.148021,25,2714.670289
586.01071,116,2714.86803
409.749092,82,2715.001741
581.945164,109,2715.190572
487.999248,94,2715.347704
459.531262,85,2715.486014
479.821175,92,2715.647818
524.997718,102,2715.833474
623.598807,123,2716.079756
421.001867,80,2716.243061
580.011008,112,2716.470895
804.349898,160,2716.803234
447.98283,86,2716.978777
427.44347,82,2720.635328
474.82212,91,2720.787942
357.065338,68,2720.892124
545.980876,115,2721.075363
545.715426,106,2721.259043
593.891933,127,2721.459255
434.098334,79,2721.586521
326.668444,66,2721.698803
752.133283,147,2721.942917
436.469217,84,2722.08722
399.248774,78,2722.216708
454.69117,84,2722.355531
567.870371,111,2722.549475
458.588567,87,2722.693602
107.570016,22,2722.730993
654.160585,116,2722.926341
572.968247,110,2723.114614
606.222228,118,2723.31258
386.267546,72,2723.442142
863.551186,178,2723.750778
501.426816,99,2723.919272
460.642152,100,2727.610518
511.406574,94,2727.794981
463.440161,89,2727.973714
670.631678,129,2728.225039
281.699838,55,2728.331874
422.964615,82,2728.497807
324.387152,60,2728.615679
418.550232,81,2728.765067
535.331779,108,2728.936474
450.981768,85,2729.073382
364.918438,70,2729.178688
434.208453,88,2729.313786
462.987345,84,2729.4405
339.500626,64,2729.534343
544.187707,106,2729.691536
498.113203,100,2729.841629
388.545712,83,2729.972148
586.202836,119,2730.169207
602.084502,116,2730.361744
519.339104,99,2730.517322
463.567218,86,2730.656791
438.562387,81,2730.785905
404.602933,84,2730.938429
607.132696,112,2734.517177
395.983319,75,2734.633201
689.254663,119,2734.826635
504.575097,98,2734.979119
695.110457,134,2735.209626
392.756571,75,2735.338886
406.386987,79,2735.471206
470.6142,88,2735.62112
497.035421,107,2735.805943
699.443028,138,2736.043629
624.042653,123,2736.242599
458.669774,92,2736.403615
502.620605,95,2736.558808
526.451998,101,2736.714022
411.855399,84,2736.858645
699.8727,152,2737.105599
602.862758,116,2737.30198
517.800309,110,2737.485442
472.007068,91,2737.636356
603.19912,127,2741.466644
469.06341,90,2741.601195
380.470151,77,2741.721157
542.694472,97,2741.87439
463.197019,93,2742.009069
402.814729,81,2742.137841
481.265159,103,2742.314663
388.377542,80,2742.443299
99.16605,21,2742.471985
453.3443,86,2742.608743
624.211926,119,2742.786156
553.740926,115,2742.962338
606.96863,120,2743.166133
579.105846,108,2743.346328
565.539871,113,2743.543521
459.634001,87,2743.687923
589.270588,111,2743.872478
434.815119,83,2743.994106
593.497097,113,2744.185989
765.178642,144,2744.423218
513.732666,116,2744.625775
493.800508,98,2748.138004
465.96849,89,2748.278363
400.552762,77,2748.402789
638.141425,126,2748.615029
525.74359,114,2748.842988
545.736709,111,2749.055231
400.058883,87,2749.232962
688.610204,126,2749.473266
379.565051,72,2749.611743
602.708936,112,2749.826177
472.278789,91,2749.973611
523.361641,94,2750.087522
371.310319,75,2750.176929
506.489777,102,2750.303171
635.051405,131,2750.495648
558.407282,109,2750.661796
527.162983,102,2750.814461
430.353397,83,2750.941375
468.979831,84,2751.064223
450.46151,92,2751.200855
415.748415,77,2751.313381
474.341044,104,2754.851147
459.797798,93,2755.009232
468.048378,89,2755.15302
576.104805,107,2755.335573
534.348386,110,2755.524154
933.796532,197,2755.902793
462.077844,86,2756.067896
553.304505,103,2756.262205
363.023798,74,2756.405844
559.327883,104,2756.600954
396.920681,78,2756.74677
576.082962,114,2756.962887
551.600562,103,2757.158105
453.966356,84,2757.317622
496.863393,92,2757.488907
437.196553,87,2757.660244
437.3583,83,2757.824738
353.176599,67,2757.957717
348.879949,71,2758.093297
475.079734,86,2758.250858
537.699777,100,2758.441838
379.338882,71,2758.577877
450.391625,94,2762.206331
590.273286,112,2762.3748
399.16439,86,2762.504402
538.192646,102,2762.656995
353.352854,69,2762.764938
628.449636,117,2762.954031
634.053999,121,2763.162997
419.43484,87,2763.312029
502.585409,109,2763.498566
404.264819,81,2763.63244
383.861337,75,2763.754434
491.983204,92,2763.89941
569.140414,123,2764.095063
579.015594,104,2764.256091
565.485358,120,2764.461344
425.117809,80,2764.59499
465.73215,91,2764.745707
748.39617,145,2764.987792
487.915321,91,2765.145157
481.181752,101,2765.323404
472.644719,89,2768.882714
481.248527,87,2769.050018
494.809913,102,2769.248552
543.889381,111,2769.470818
450.259345,82,2769.628412
476.434536,93,2769.809232
464.335662,101,2770.006544
570.483811,110,2770.219792
303.041295,56,2770.321904
444.091992,85,2770.48625
533.046425,99,2770.679597
410.471706,79,2770.83181
409.314536,75,2770.976058
557.945869,117,2771.212218
512.317281,96,2771.399162
522.912072,104,2771.612807
439.904199,83,2771.777447
455.906709,98,2771.974977
481.017066,93,2772.164402
558.911582,103,2772.362389
513.154086,97,2772.551597
365.31224,71,2772.693732
440.380677,86,2772.859385
562.469664,119,2776.500743
417.21808,87,2776.644961
509.242421,96,2776.804523
490.205984,92,2776.9574
457.287778,92,2777.112219
579.147124,105,2777.28732
461.641707,101,2777.459141
749.1993,139,2777.684489
504.574726,94,2777.835711
442.245044,89,2777.988801
533.559661,103,2778.15958
415.301265,87,2778.31233
481.485023,93,2778.470429
484.384665,90,2778.625967
351.619337,68,2778.742869
550.718603,102,2778.921819
830.237941,160,2779.186894
641.999027,131,2779.416706
515.996033,100,2779.588922
493.799656,94,2779.742242
508.274117,107,2783.318316
266.190473,55,2783.421267
508.545998,102,2783.623949
560.497424,108,2783.838599
389.29226,74,2783.987705
422.624564,80,2784.141315
666.496338,131,2784.408267
475.442355,93,2784.58374
508.000146,97,2784.76755
474.815126,89,2784.940196
516.180047,96,2785.121794
587.916554,120,2785.350445
503.975778,96,2785.535559
551.135875,102,2785.728204
514.917334,101,2785.925076
94.374207,20,2785.962615
443.428681,97,2786.157869
514.935862,105,2786.364159
587.064298,107,2786.574061
464.312813,85,2786.738111
469.361236,90,2786.915985
447.760865,83,2787.0748
467.989001,97,2790.621526
363.907067,70,2790.740188
699.35448,139,2790.97099
334.385795,66,2791.076481
443.586085,83,2791.214635
463.870867,91,2791.364352
395.657871,78,2791.498546
375.650104,76,2791.617348
492.787095,95,2791.774315
524.10576,104,2791.936571
614.533505,128,2792.132028
371.849114,72,2792.240426
450.501641,96,2792.387541
618.955037,117,2792.583865
635.339725,126,2792.793808
430.584153,81,2792.950825
548.760248,104,2793.157488
626.122727,127,2793.423311
462.131101,96,2793.610213
588.509647,117,2793.845154
687.092388,143,2797.552212
467.283143,91,2797.69248
431.789719,94,2797.856807
420.515924,78,2797.981037
422.648032,79,2798.112854
369.27225,71,2798.2265
445.491236,91,2798.37921
587.511976,116,2798.57709
337.972941,66,2798.681232
435.103977,84,2798.811373
840.543248,170,2799.093083
585.630799,113,2799.268203
412.922106,79,2799.390132
425.106149,78,2799.515249
421.513174,83,2799.652278
520.669958,100,2799.81163
492.31909,91,2799.957753
437.007347,83,2800.088525
394.719675,77,2800.215001
455.804797,88,2800.357344
519.90813,109,2800.536716
429.392391,85,2800.678234
481.46112,96,2804.208044
403.471262,84,2804.382155
294.945591,59,2804.497454
368.409062,72,2804.642133
544.556435,103,2804.848987
472.054135,100,2805.059048
491.136031,95,2805.250818
520.13269,95,2805.435401
475.988849,97,2805.637402
493.279231,91,2805.824004
367.461577,75,2805.955817
457.13831,85,2806.090048
425.797291,88,2806.233746
471.76862,87,2806.372309
574.393597,106,2806.528126
526.813812,103,2806.691637
476.131965,99,2806.852952
642.179151,124,2807.063854
373.77984,73,2807.184079
411.118726,82,2807.318297
507.52108,93,2807.475674
643.058044,127,2807.680142
542.724525,105,2811.244889
510.360194,101,2811.414879
421.438263,80,2811.55824
514.720147,101,2811.755956
468.279131,89,2811.927506
456.204042,99,2812.123042
499.327362,95,2812.305604
403.174541,87,2812.473545
546.65714,103,2812.670974
466.913725,90,2812.840415
519.550945,102,2813.035246
460.949933,101,2813.231853
514.223999,96,2813.406847
379.574434,80,2813.560629
334.573737,68,2813.684963
579.448906,126,2813.932562
460.410573,87,2814.098022
371.082112,80,2814.25204
423.792604,86,2814.419528
531.598643,102,2814.617514
528.375675,110,2814.836849
443.461847,91,2815.017248
660.938315,123,2818.794847
456.223905,81,2818.932384
503.898874,100,2819.094657
516.207408,95,2819.252219
509.58582,97,2819.425751
499.803063,109,2819.61733
351.075798,68,2819.732622
554.766938,125,2819.937099
418.794787,90,2820.083773
85.610445,18,2820.112362
377.234651,76,2820.233956
650.670077,121,2820.421309
401.741788,76,2820.541751
584.989515,110,2820.71291
545.252919,99,2820.863363
563.767976,107,2821.033906
461.295643,85,2821.177718
517.659461,99,2821.309842
451.383808,88,2821.445335
494.915938,93,2821.598552
478.425047,94,2821.742368
569.77432,110,2821.92098
445.919616,80,2825.396786
674.366219,126,2825.622278
372.595356,74,2825.749806
571.794007,107,2825.931218
625.260155,119,2826.170428
551.167462,113,2826.40281
525.92278,99,2826.601987
497.794229,97,2826.796752
413.943191,77,2826.946512
493.514012,89,2827.119269
508.645159,98,2827.310637
402.580766,77,2827.461754
380.852317,72,2827.602054
408.98617,75,2827.745761
352.808204,68,2827.877079
641.241696,125,2828.122722
400.872116,76,2828.268352
516.266139,95,2828.450048
503.383484,96,2828.633821
424.380312,81,2828.789218
606.180283,117,2829.023522
487.77908,99,2829.220934
429.370172,89,2832.805339
753.715759,139,2833.036846
417.689555,88,2833.179828
576.159752,112,2833.357905
517.098557,97,2833.511389
321.58494,65,2833.628078
394.433999,84,2833.77889
619.399624,113,2833.972101
304.231504,59,2834.069085
512.59204,97,2834.239399
450.106337,88,2834.389814
502.280897,108,2834.573459
239.289404,46,2834.637839
370.768958,75,2834.761113
316.209363,63,2834.882982
571.806852,122,2835.119547
666.046735,129,2835.360512
511.804728,95,2835.539984
429.590112,83,2835.69744
651.593068,127,2835.952216
588.567781,120,2836.190865
447.971606,86,2836.354974
417.415339,79,2839.934509
608.110279,115,2840.163755
606.366522,113,2840.387648
103.708877,22,2840.428902
364.029072,75,2840.578194
493.530454,92,2840.739994
579.092637,106,2840.912533
639.03301,119,2841.107588
455.610312,84,2841.240988
502.551603,94,2841.399252
499.733031,98,2841.559603
460.228876,84,2841.702441
513.206145,99,2841.869741
413.679601,74,2841.993238
474.567221,98,2842.164772
348.541415,74,2842.280186
685.331907,130,2842.497601
498.485119,93,2842.647223
479.799749,87,2842.781381
483.51062,89,2842.926167
471.141128,89,2843.075288
462.319798,90,2843.215636
540.914069,100,2846.594753
447.291229,92,2846.745898
515.162123,95,2846.904531
556.253939,102,2847.057952
473.681142,90,2847.200272
444.09618,81,2847.353753
294.518186,56,2847.463615
136.746097,28,2847.518036
355.55649,72,2847.658621
447.292671,85,2847.823778
501.541049,95,2848.010991
568.103467,107,2848.222613
519.064237,115,2848.453211
608.927551,118,2848.682183
407.297882,81,2848.83914
467.155883,89,2849.010403
680.509976,132,2849.271501
432.689817,82,2849.432033
491.923226,93,2849.618585
592.785075,112,2849.822606
406.44846,76,2849.956148
370.752356,74,2850.102561
417.854849,79,2850.260805
406.975123,80,2853.814879
385.761392,74,2853.941435
633.404064,127,2854.156283
522.715246,108,2854.330578
600.601337,118,2854.525506
445.784278,84,2854.664498
367.643356,71,2854.786523
396.96039,80,2854.921669
891.114083,172,2855.220364
424.698161,81,2855.354993
448.08573,91,2855.50468
458.089801,100,2855.669027
551.441602,112,2855.863015
460.531771,86,2856.006548
621.652233,113,2856.176854
510.66249,102,2856.353663
474.505822,90,2856.503986
364.540064,71,2856.613363
520.606746,103,2856.781714
509.609059,98,2856.949435
581.880962,107,2857.132406
342.341208,68,2860.5674
470.3327,89,2860.714906
368.293463,72,2860.82801
498.906535,91,2860.980464
482.263407,91,2861.156055
417.170265,79,2861.310216
513.078934,96,2861.491488
445.01,83,2861.650492
539.655786,99,2861.845039
553.601598,119,2862.088973
488.953558,87,2862.252931
526.943058,101,2862.447474
496.484306,95,2862.620342
471.873172,96,2862.77267
421.287186,82,2862.903776
634.00404,132,2863.110628
739.475217,151,2863.357891
378.09128,74,2863.473704
647.585279,122,2863.659525
506.526308,93,2863.811413
455.945871,86,2863.949022
471.47091,97,2867.474772
577.306346,107,2867.646504
515.898101,105,2867.83387
734.319506,147,2868.080578
452.205998,83,2868.215939
472.136437,86,2868.363319
384.84521,73,2868.466477
497.391602,94,2868.613468
635.507438,120,2868.810119
620.420774,116,2868.996593
412.696855,81,2869.109476
678.118033,131,2869.331568
537.83204,106,2869.493866
586.596109,125,2869.737858
612.61933,118,2869.971653
253.020063,52,2870.074326
644.014067,132,2870.337667
426.819774,78,2870.487442
463.062651,90,2870.666971
599.81854,116,2870.898217
560.452941,110,2874.583466
379.721827,75,2874.707883
247.458504,50,2874.793119
402.718609,76,2874.91353
346.811831,75,2875.033056
600.653119,112,2875.221557
376.545506,73,2875.34505
446.223365,86,2875.488367
610.881224,129,2875.693981
413.730291,88,2875.836766
575.775018,109,2876.017055
504.714307,101,2876.192221
457.261306,85,2876.327892
604.068771,111,2876.504032
704.603239,139,2876.733679
454.221798,94,2876.892828
278.336421,59,2876.972773
440.852353,86,2877.109822
438.392449,94,2877.263305
504.597832,94,2877.415585
452.158743,93,2877.572232
552.620718,105,2877.739902
462.154297,85,2881.22985
437.890579,86,2881.399836
487.387472,100,2881.593582
454.198388,85,2881.759057
461.852537,86,2881.920286
494.883265,87,2882.085694
552.285882,108,2882.297449
560.771244,102,2882.494863
453.63152,86,2882.656218
543.573199,102,2882.850776
399.810812,86,2883.023331
362.729744,71,2883.164411
727.851573,138,2883.431983
706.318872,135,2883.690172
663.444841,122,2883.929114
608.12063,119,2884.164257
595.884825,109,2884.372391
549.767211,117,2884.604617
552.988203,103,2884.801209
509.926923,107,2885.006339
616.654906,127,2888.588224
417.763425,87,2888.756643
473.356977,86,2888.919357
438.558689,89,2889.100595
656.799229,123,2889.339057
852.024376,167,2889.666905
471.272433,93,2889.847883
620.280919,112,2890.058557
501.988557,102,2890.26104
414.668464,79,2890.413258
433.514529,83,2890.577039
475.84167,90,2890.754645
467.126258,100,2890.950689
106.989852,22,2890.989015
433.216593,79,2891.119681
463.189701,91,2891.270604
404.22538,77,2891.394041
523.001259,110,2891.58485
405.280894,78,2891.723963
662.478881,138,2891.959296
448.098414,89,2892.109605
621.929923,112,2895.846016
610.681627,115,2896.068449
479.1699,86,2896.236564
497.883971,101,2896.437618
613.172814,118,2896.667835
97.531371,22,2896.706991
397.749752,79,2896.853451
459.380699,97,2896.985601
419.638762,76,2897.089648
550.579007,113,2897.277672
539.283,99,2897.438479
701.656131,138,2897.663659
385.921512,81,2897.791378
410.121298,83,2897.936789
678.506665,143,2898.16676
476.052196,86,2898.315263
412.207017,77,2898.452734
604.396732,119,2898.660665
400.119585,77,2898.793934
659.463935,132,2899.029641
134.338624,27,2899.073953
619.200937,117,2899.277751
460.14742,94,2902.845659
405.760512,76,2902.999506
691.599306,133,2903.269944
665.843499,127,2903.530557
486.213872,105,2903.747427
428.977627,84,2903.916668
542.771318,100,2904.111044
371.309852,74,2904.255464
575.401547,110,2904.478471
409.70928,85,2904.646563
618.436762,111,2904.86231
446.251508,84,2905.021694
389.714197,71,2905.156761
562.825351,112,2905.369251
531.414782,109,2905.555248
414.459863,78,2905.688206
423.396923,78,2905.82322
460.740777,88,2905.967213
522.433448,100,2906.134164
206.153165,39,2906.19611
556.56248,109,2906.385386
532.214554,100,2906.56747
536.304111,104,2910.132575
456.873291,87,2910.299322
321.74357,63,2910.416321
605.960508,121,2910.651267
522.974192,101,2910.847272
372.428977,73,2910.985492
132.599525,28,2911.038498
668.465316,124,2911.278095
431.206292,81,2911.438032
391.26183,76,2911.587475
550.939609,103,2911.783299
603.569655,118,2912.022983
164.951096,33,2912.084278
456.693202,84,2912.245534
531.450047,101,2912.43687
867.233132,160,2912.747561
528.929592,117,2912.972178
519.824444,96,2913.137192
769.028256,144,2913.401276
447.182627,93,2913.577799
479.503722,88,2913.729287
466.757241,91,2917.302533
423.288152,80,2917.442499
527.632155,105,2917.594846
466.089704,87,2917.702372
536.594614,116,2917.852385
762.809527,148,2918.061456
429.22717,93,2918.19478
432.71759,83,2918.297417
490.746254,97,2918.421801
650.985304,116,2918.566438
418.641361,86,2918.707355
664.962598,126,2918.88569
493.547672,97,2919.044245
482.091755,100,2919.198609
525.329284,95,2919.348331
433.972433,82,2919.490308
234.612058,48,2919.567271
524.450792,98,2919.730513
504.694938,93,2919.893762
168.800158,34,2919.954303
378.550288,75,2920.087253
673.9876,135,2920.33099
552.494379,108,2923.806266
530.607208,117,2923.991981
433.10675,87,2924.132867
500.25335,96,2924.275943
375.652702,68,2924.374689
577.516398,113,2924.549955
487.791136,93,2924.709674
605.5705,120,2924.868046
506.085044,93,2925.025999
524.900725,103,2925.217684
606.944813,116,2925.443032
617.683859,136,2925.697817
290.335168,58,2925.806306
442.051269,86,2925.971851
596.732344,117,2926.195506
709.237852,137,2926.463028
272.645418,56,2926.57367
610.146861,124,2926.814735
403.62064,77,2926.965407
450.65475,86,2927.142586
394.362371,79,2927.302475
473.655728,88,2930.87536
550.476468,103,2931.051011
572.711562,121,2931.269046
491.071857,98,2931.449367
728.142219,141,2931.711905
769.495885,162,2932.014625
471.7483,87,2932.164927
415.804414,87,2932.27687
601.633602,110,2932.41674
382.836789,77,2932.51732
530.906137,109,2932.661783
425.509241,89,2932.813671
475.99426,102,2932.988071
543.137494,109,2933.168898
646.079131,118,2933.367668
485.808949,91,2933.516285
515.177208,101,2933.696075
434.564629,92,2933.854729
494.97327,91,2934.00418
558.816825,106,2937.567032
475.565023,90,2937.721229
631.187738,140,2937.963857
474.024784,89,2938.136961
548.124826,103,2938.333764
494.929823,99,2938.527449
758.682347,146,2938.816621
830.278441,162,2939.133137
489.388444,102,2939.331844
620.061281,116,2939.55501
500.159217,92,2939.730956
537.630339,100,2939.920543
419.177394,81,2940.077733
436.132712,93,2940.264253
570.245867,106,2940.473641
439.239351,82,2940.630497
471.320509,88,2940.797836
552.375283,103,2941.005194
433.759386,91,2941.187976
418.085015,78,2941.342978
452.621755,86,2944.963966
339.852519,67,2945.094397
515.645994,103,2945.293876
163.360183,34,2945.359244
564.416812,104,2945.560329
526.755852,100,2945.753
514.993961,94,2945.92966
491.222445,94,2946.044112
534.464221,114,2946.239055
410.964281,86,2946.388386
504.324664,104,2946.546909
320.520781,59,2946.628233
394.700014,75,2946.744299
415.446381,77,2946.860053
578.237096,125,2947.051832
682.569444,137,2947.282956
546.443393,102,2947.445681
424.052017,76,2947.565153
434.260422,90,2947.709529
560.382398,107,2947.888368
452.428861,79,2948.016639
612.430294,116,2948.191104
467.57606,100,2951.73675
554.682714,104,2951.935458
448.047314,85,2952.100579
584.043009,113,2952.312753
503.470306,97,2952.503089
456.71469,87,2952.641336
494.451839,105,2952.791587
471.198441,89,2952.912169
732.413011,140,2953.108507
422.291474,81,2953.246489
617.591286,114,2953.42899
701.577505,128,2953.63186
468.295862,102,2953.808745
576.292609,108,2953.987086
580.278369,113,2954.165173
752.72135,149,2954.409394
380.754372,72,2954.542256
636.564395,137,2954.776031
404.433151,82,2954.915106
506.018734,92,2955.059324
614.185851,116,2958.674131
551.347278,103,2958.870538
546.296048,104,2959.073954
532.459216,99,2959.271456
406.213151,76,2959.416633
483.340277,96,2959.605733
549.265041,103,2959.80392
541.716988,116,2960.031393
533.308431,100,2960.229983
575.511842,108,2960.442784
451.297923,88,2960.614922
556.508808,115,2960.838779
473.332789,87,2961.006443
375.819536,72,2961.145003
554.547232,118,2961.393042
531.297979,113,2961.616032
540.240362,107,2961.831183
555.657297,112,2962.054209
396.997876,75,2962.208179
521.728537,99,2962.408578
397.865492,78,2962.55855
338.161447,68,2966.195092
415.580711,75,2966.337016
479.377337,91,2966.511189
719.26694,141,2966.78293
604.734683,124,2967.027688
540.067341,108,2967.233712
562.001438,106,2967.429006
403.280092,77,2967.575277
369.462252,77,2967.726213
473.162825,99,2967.917231
871.456055,168,2968.247795
610.763084,118,2968.452026
500.395549,95,2968.588938
439.218954,86,2968.730725
643.720237,120,2968.926527
451.881956,93,2969.084252
710.763981,137,2969.312702
490.020599,94,2969.467131
663.232759,120,2969.666226
543.203324,104,2973.269696
665.140341,123,2973.509927
282.477881,60,2973.631365
569.176916,116,2973.846681
554.980082,106,2974.047595
384.260832,75,2974.19271
377.902295,75,2974.334311
384.972674,82,2974.491364
432.235371,81,2974.618087
881.16943,175,2974.878124
508.522746,100,2975.03877
464.971642,90,2975.190382
338.472222,66,2975.297352
430.760037,83,2975.444891
619.414549,117,2975.615363
450.55548,90,2975.765743
592.620708,107,2975.939865
498.34113,95,2976.09834
509.463043,93,2976.246196
584.176951,108,2976.428715
440.101844,85,2976.568594
697.898804,135,2980.210375
360.240221,68,2980.34169
589.950601,108,2980.556444
548.750921,106,2980.758841
425.929999,85,2980.92158
532.461472,105,2981.135803
693.386607,140,2981.407707
440.625589,79,2981.559423
593.123591,114,2981.77709
518.719029,100,2981.974957
644.45323,122,2982.209705
486.513207,87,2982.374767
550.835009,105,2982.583019
425.842301,83,2982.742386
440.166198,85,2982.908914
544.343714,107,2983.118185
609.190493,126,2983.378046
414.86303,86,2983.550835
471.869396,100,2983.753054
584.678709,112,2983.970876
424.167443,81,2987.599022
464.313488,93,2987.777336
368.418095,75,2987.919142
633.964914,117,2988.131524
564.75794,106,2988.323411
700.412691,130,2988.564938
551.631228,112,2988.774846
409.0172,78,2988.907203
490.94463,96,2989.072181
460.331512,93,2989.219327
455.970927,88,2989.376863
685.434421,128,2989.585305
568.309628,105,2989.750613
440.252129,89,2989.898616
507.52325,96,2990.049461
589.110434,118,2990.245182
479.205929,87,2990.384413
446.245766,86,2990.526432
531.169128,101,2990.693842
500.53811,107,2990.876156
493.659816,96,2991.033897
647.026502,121,2994.558661
801.730812,147,2994.801176
533.017218,103,2994.964238
155.19027,32,2995.015194
521.876091,102,2995.176143
557.084113,101,2995.340703
355.746593,69,2995.459602
470.740425,90,2995.590237
454.947745,87,2995.700294
354.371149,72,2995.788979
615.251364,114,2995.930492
426.849877,84,2996.039732
405.764789,81,2996.170985
494.95155,93,2996.329617
615.729262,115,2996.506992
518.679193,102,2996.652116
405.245891,76,2996.762899
415.573302,79,2996.88488
443.218328,81,2997.015781
634.224199,118,2997.217717
521.041276,97,2997.377226
466.31299,91,2997.53346
496.308685,94,3001.104933
657.246125,140,3001.341784
660.365283,118,3001.561938
465.911011,87,3001.729755
451.72882,84,3001.889728
428.221865,89,3002.060839
551.870653,118,3002.286857
472.016575,94,3002.465808
466.821484,86,3002.632866
594.058051,104,3002.828131
718.544775,133,3003.033457
763.725848,145,3003.245671
422.606326,85,3003.368255
482.48043,104,3003.534827
919.384551,176,3003.822998
622.468923,116,3003.996251
467.957128,94,3004.147795
465.623595,90,3004.290651
170.580476,35,3004.350832
503.209752,97,3008.015654
400.439137,76,3008.139704
332.286212,64,3008.260617
415.804537,78,3008.399876
532.58211,101,3008.57895
515.990505,114,3008.776551
506.433428,106,3008.961869
493.382532,94,3009.102642
534.826455,100,3009.249787
478.928947,99,3009.413064
500.902925,99,3009.571968
151.982233,31,3009.620016
448.422812,84,3009.740895
462.703001,85,3009.862921
652.313932,124,3010.054223
653.563519,123,3010.221911
468.999573,86,3010.343832
574.57701,114,3010.525727
457.244053,90,3010.674203
484.0592,92,3010.829646
415.274866,83,3010.964068
522.414132,102,3011.139751
527.590779,107,3014.715798
408.255791,77,3014.84195
467.185598,90,3014.992227
526.980105,100,3015.1613
104.562959,23,3015.202167
489.969584,94,3015.354667
562.372704,112,3015.539825
669.679695,123,3015.742106
537.097189,107,3015.91846
375.888992,76,3016.049571
529.755107,110,3016.239508
406.343087,78,3016.364639
571.909423,108,3016.549665
488.582994,91,3016.727782
403.755877,74,3016.867208
88.825927,19,3016.901784
131.264487,27,3016.953037
635.93366,128,3017.201222
401.184705,75,3017.340162
653.014754,129,3017.589024
402.803822,72,3017.724507
141.154883,30,3017.783531
679.067124,130,3018.034734
518.417308,97,3018.220562
336.398226,64,3018.347584
456.656398,89,3021.945152
370.773319,77,3022.076699
715.03212,142,3022.317676
564.874099,110,3022.49993
142.592265,29,3022.545805
602.978491,110,3022.730538
466.638548,92,3022.892215
789.934126,150,3023.140943
984.854369,203,3023.490499
691.45714,134,3023.712337
332.099113,64,3023.822912
261.05928,61,3023.924906
471.778441,93,3024.082372
509.104611,97,3024.244595
492.102727,102,3024.415783
608.839194,118,3024.606006
437.295639,85,3024.745057
436.966538,84,3024.88778
520.085729,103,3025.054731
454.50792,89,3025.197692
339.963589,67,3028.786497
626.799795,122,3029.031315
515.960678,112,3029.253609
464.463614,88,3029.409352
487.786807,98,3029.575053
444.025429,84,3029.723734
461.307575,85,3029.861642
818.449069,154,3030.115696
663.508055,134,3030.351473
407.665152,76,3030.478111
466.102642,100,3030.653973
420.458653,76,3030.778902
311.766563,62,3030.878414
561.674186,104,3031.036889
715.359289,146,3031.281853
582.861376,108,3031.455016
541.844314,102,3031.634225
371.559183,73,3031.751107
541.275171,109,3031.943113
445.913103,82,3032.082932
353.06261,69,3032.206139
511.377458,94,3035.754791
406.098495,75,3035.898605
479.915712,104,3036.106322
496.968652,94,3036.279448
531.988181,114,3036.468622
616.288864,119,3036.665622
769.428234,149,3036.928741
342.079435,67,3037.040787
468.69673,95,3037.191815
498.387876,92,3037.33742
580.283437,112,3037.524681
471.253962,95,3037.67562
332.710851,63,3037.774514
581.307282,117,3037.951363
347.281328,67,3038.067889
458.052249,89,3038.20365
573.098243,113,3038.392232
584.122024,117,3038.617111
155.93537,31,3038.675264
474.726297,92,3038.850467
703.091183,137,3039.121587
384.612345,75,3042.686229
667.193113,121,3042.891231
610.409123,123,3043.092037
456.413016,86,3043.236782
515.179128,101,3043.403929
543.025708,103,3043.578086
430.699613,93,3043.740714
827.980219,176,3044.037561
708.45154,132,3044.255451
479.871787,96,3044.419448
509.815417,97,3044.590385
576.872193,124,3044.80594
453.302633,89,3044.953901
478.340655,94,3045.107808
452.208103,82,3045.243129
415.110143,83,3045.387077
471.28305,91,3045.544705
554.527106,117,3045.751499
400.220741,85,3045.917543
444.171102,91,3046.092209
400.039209,77,3049.672162
498.529209,100,3049.815226
469.29285,87,3049.9432
679.591212,138,3050.146574
380.88409,73,3050.257118
396.145657,75,3050.350025
551.998117,104,3050.507016
472.305989,89,3050.647939
414.196189,82,3050.781869
689.056956,133,3050.998266
582.524903,123,3051.20282
454.054429,96,3051.367154
488.010937,102,3051.539928
479.56844,93,3051.69465
471.679901,101,3051.853694
550.564475,115,3052.042511
508.158403,112,3052.228558
505.472054,89,3052.371819
647.533051,133,3052.602363
562.046656,121,3052.803623
596.35479,114,3056.330128
519.76902,98,3056.527725
427.982804,89,3056.699325
383.71402,80,3056.856245
616.850196,121,3057.096056
532.406874,102,3057.290627
575.900554,105,3057.488636
512.052899,98,3057.67554
566.706129,122,3057.919448
534.954246,109,3058.133101
525.288233,101,3058.327029
466.77085,101,3058.526213
366.498548,74,3058.670552
750.561669,166,3058.997076
515.857338,102,3059.199847
435.702725,83,3059.363199
674.654811,146,3059.634683
521.899299,103,3059.808363
690.566681,134,3060.013681
502.627794,95,3063.578739
470.086662,101,3063.753104
578.633529,113,3063.933142
641.748632,120,3064.119156
382.923933,73,3064.23499
717.124927,139,3064.453481
524.508725,104,3064.608069
488.26363,102,3064.779682
449.837731,96,3064.945558
520.8882,99,3065.115659
406.516233,77,3065.239427
553.752458,103,3065.416367
413.7339,78,3065.547353
687.122853,149,3065.806779
536.931476,118,3066.022846
432.090611,83,3066.155447
436.809344,80,3066.281759
616.704202,121,3066.476666
638.023928,134,3066.711113
423.262271,80,3066.853256
443.461716,94,3070.357534
523.936642,103,3070.568246
333.92914,71,3070.707772
450.01503,90,3070.883587
469.343926,92,3071.069005
629.417969,118,3071.302848
531.603349,103,3071.507792
628.270627,137,3071.785422
412.793965,83,3071.95025
565.8037,109,3072.164858
431.316946,90,3072.346374
499.156532,97,3072.536536
539.722443,105,3072.701865
407.080274,76,3072.820181
466.316389,86,3072.952105
1195.477212,237,3073.347172
487.558384,91,3073.504815
504.828372,95,3073.655272
510.587121,94,3073.809589
534.67476,113,3077.369548
542.890444,106,3077.553841
407.287187,75,3077.67427
425.971856,91,3077.82345
595.616901,107,3077.983472
442.873639,90,3078.137396
394.151666,75,3078.243088
437.54597,85,3078.375015
506.062954,98,3078.55425
437.190288,90,3078.727811
426.823391,89,3078.901729
415.579231,91,3079.086034
454.509866,97,3079.276671
434.146805,87,3079.443614
496.112008,99,3079.640067
554.540182,113,3079.863031
473.965328,99,3080.054544
399.875218,79,3080.206409
499.559065,95,3080.397364
570.908513,111,3080.616693
530.448308,113,3080.839177
504.547207,92,3081.016681
485.982815,98,3084.657512
563.931757,107,3084.870771
700.794958,135,3085.130171
659.268471,132,3085.395177
607.859691,116,3085.621403
403.550797,78,3085.777251
695.007956,130,3086.028138
488.13535,94,3086.213082
540.341011,112,3086.424692
552.37775,116,3086.657686
476.901403,103,3086.855476
482.254624,98,3087.018538
493.572204,90,3087.176435
581.535161,113,3087.367752
570.777529,107,3087.557885
359.77742,71,3087.677013
362.30254,75,3087.802617
576.977971,120,3088.023127
472.43761,91,3088.180442
173.233817,34,3088.241559
420.530764,79,3091.810996
617.977212,117,3092.044979
345.612184,79,3092.196975
477.610516,96,3092.389305
408.778044,75,3092.529585
570.820571,128,3092.782545
514.402419,98,3092.972178
490.118668,92,3093.148698
349.682391,75,3093.294708
497.276697,96,3093.482232
412.85158,82,3093.645437
422.737367,92,3093.830332
476.759984,93,3094.021433
694.518839,134,3094.291598
605.670968,122,3094.5378
567.517295,108,3094.760041
686.434915,130,3095.004218
495.485072,105,3095.173144
494.059716,99,3095.329064
353.662644,71,3095.443388
457.290113,83,3095.580236
534.813415,106,3099.063732
486.159575,95,3099.248964
506.701741,99,3099.442842
654.146072,128,3099.688266
424.696046,80,3099.839415
499.617152,97,3100.025205
419.106604,81,3100.179795
404.495082,77,3100.328658
573.306714,117,3100.56205
567.269757,110,3100.778413
398.857145,76,3100.929285
741.295061,159,3101.263364
423.932337,89,3101.444131
360.819582,69,3101.575962
348.159981,72,3101.698077
470.764995,87,3101.850634
646.377862,118,3102.048986
596.310791,117,3102.24974
584.168868,113,3102.4464
576.643006,108,3102.636231
445.724135,94,3102.801367
468.171873,93,3106.508698
418.422111,81,3106.625968
305.892867,62,3106.730072
549.817639,117,3106.921081
391.429642,74,3107.044486
429.389313,80,3107.174118
677.1941,128,3107.38223
465.777741,91,3107.510314
654.045666,123,3107.717087
455.171317,87,3107.856691
303.670785,61,3107.955431
575.195404,113,3108.140569
469.398861,96,3108.295814
407.534473,80,3108.431014
432.448696,91,3108.591165
380.726103,81,3108.736434
898.172188,176,3109.037155
475.872374,90,3109.187523
712.540442,134,3109.420202
399.895962,81,3109.562186
461.146536,96,3109.730783
338.570632,62,3113.318719
584.776062,122,3113.554913
467.204932,91,3113.73653
735.413604,141,3114.017302
441.713945,84,3114.181195
411.889981,83,3114.345388
597.897755,111,3114.568638
611.297804,126,3114.820142
452.445049,92,3115.002773
736.497908,137,3115.280314
367.022946,68,3115.417433
529.120537,106,3115.632292
637.393936,131,3115.855757
454.255052,85,3115.995173
515.05228,100,3116.156666
665.355262,136,3116.383129
552.066276,105,3116.568465
526.031525,105,3116.747431
540.894463,112,3116.939605
634.683029,125,3120.544066
422.483309,89,3120.690953
584.605418,116,3120.881865
472.985007,95,3121.033744
428.289438,80,3121.156596
664.458468,139,3121.387893
422.916152,80,3121.513019
487.549071,95,3121.672781
458.388391,88,3121.815131
607.013515,121,3122.019272
457.395166,87,3122.167793
673.828777,128,3122.391445
390.012777,84,3122.532921
687.351403,133,3122.76965
779.462769,151,3123.022069
704.283719,138,3123.258538
742.608082,143,3123.518662
461.249417,95,3123.68444
418.605714,79,3123.826092
495.314181,93,3127.50277
641.467616,134,3127.767359
672.370184,126,3128.018524
750.545989,146,3128.310883
480.757877,90,3128.489333
362.028942,78,3128.643079
480.613885,90,3128.817134
578.074067,118,3129.051173
475.788713,97,3129.218058
674.109434,127,3129.423145
457.384157,91,3129.572272
552.750704,107,3129.753616
395.301714,76,3129.881691
456.838844,95,3130.042557
485.867447,101,3130.221076
489.336499,91,3130.372024
441.384756,86,3130.519122
562.211692,109,3130.706986
466.295243,92,3130.861931
460.707046,86,3131.014528
598.631475,112,3134.592117
391.80387,84,3134.747862
672.39335,128,3134.999308
92.764351,20,3135.036591
513.428944,102,3135.237363
412.968617,77,3135.385952
459.614307,90,3135.559656
578.81116,121,3135.797467
464.883786,91,3135.975373
440.043164,82,3136.136464
409.765581,82,3136.294453
459.253559,91,3136.470806
457.00005,85,3136.638453
503.413718,95,3136.825329
585.168646,115,3137.057328
520.964189,106,3137.261914
510.050428,103,3137.47018
809.297665,158,3137.794354
424.168836,84,3137.961659
625.677662,120,3138.200235
516.424453,95,3138.386046
452.952757,85,3142.015273
536.93705,108,3142.220279
366.607312,70,3142.356595
467.516511,102,3142.554033
411.590098,77,3142.699868
443.615405,93,3142.883076
571.411538,105,3143.086326
584.108682,111,3143.285015
487.123518,88,3143.439376
477.798917,91,3143.595649
470.477451,91,3143.745023
445.928747,84,3143.889954
418.89021,79,3144.020448
468.28772,90,3144.177859
744.458597,147,3144.429927
676.432722,127,3144.651772
590.15605,113,3144.860557
419.346077,80,3144.996999
372.292722,72,3145.11435
572.271146,107,3145.293023
424.378111,79,3145.431137
706.331723,136,3149.260231
755.435781,146,3149.545008
528.605388,101,3149.743319
639.882952,123,3149.983309
484.41193,93,3150.166696
607.499136,112,3150.384961
465.106162,91,3150.568736
496.52087,97,3150.758043
404.002342,81,3150.92351
322.362829,73,3151.063712
517.266262,96,3151.218012
535.699677,108,3151.407204
573.447954,109,3151.589961
497.027649,91,3151.751314
898.150345,181,3152.061874
429.048115,81,3152.202137
402.493734,79,3152.342314
351.882675,69,3152.466533
477.988313,94,3152.633823
550.089299,106,3152.825102
500.109451,98,3152.988464
473.315344,101,3156.481785
488.727407,95,3156.626739
673.165876,134,3156.834263
394.93875,78,3156.966322
431.225959,83,3157.08341
615.03891,111,3157.257856
601.929798,119,3157.458192
410.628812,84,3157.588513
578.585075,116,3157.781443
494.646049,101,3157.932137
369.47294,73,3158.047526
576.003301,113,3158.227072
466.169195,83,3158.361969
487.190335,100,3158.527976
315.338876,60,3158.633772
461.454675,94,3158.787486
510.856662,89,3158.933627
523.36831,104,3159.109906
448.208744,88,3159.255886
586.723371,130,3159.479832
602.205315,110,3162.980078
495.571028,100,3163.124419
383.309521,83,3163.255361
633.473053,119,3163.433954
587.719563,108,3163.607396
451.695033,86,3163.743821
647.852932,122,3163.959884
529.805992,108,3164.133336
430.304275,82,3164.275744
567.947426,110,3164.452727
772.177438,166,3164.745151
608.244653,110,3164.915162
413.333736,91,3165.070572
753.785152,149,3165.331257
566.664926,107,3165.519617
466.645335,93,3165.682483
831.284831,156,3165.957795
582.096714,124,3166.181104
650.670353,124,3166.396452
492.837585,94,3170.057282
701.66878,127,3170.29986
433.68741,83,3170.459258
526.011654,98,3170.641747
512.611972,105,3170.846045
840.1651,154,3171.144476
602.920196,110,3171.360455
536.520543,100,3171.557033
543.77531,107,3171.773654
399.302741,77,3171.924763
606.006223,113,3172.114221
467.859097,96,3172.273161
564.738976,107,3172.457134
450.895682,91,3172.612743
481.310471,103,3172.790386
392.39643,77,3172.918506
712.40879,135,3173.147281
418.948273,84,3173.298662
468.208961,92,3173.453792
281.464925,56,3173.55125
470.846942,90,3177.044119
559.648705,105,3177.2102
521.841595,101,3177.357737
281.817772,55,3177.451747
520.509941,100,3177.619032
485.180829,105,3177.801908
459.846462,85,3177.928455
456.901413,85,3178.073784
440.539276,86,3178.193222
491.831278,105,3178.369384
492.553182,108,3178.547828
412.323733,77,3178.663499
520.791424,95,3178.839017
490.935249,97,3179.02353
400.148221,79,3179.174054
368.551226,72,3179.315731
620.70435,126,3179.572905
517.15674,112,3179.793965
600.449636,112,3180.009714
630.399753,131,3180.274675
578.800291,127,3180.539158
434.529019,83,3184.202768
536.7025,105,3184.37058
482.012585,90,3184.527671
462.156945,86,3184.642165
631.113958,116,3184.808613
431.317669,80,3184.943385
545.178631,106,3185.07817
532.640837,100,3185.250773
576.161045,112,3185.439032
400.967099,75,3185.566653
691.80742,135,3185.790961
615.631503,122,3185.978488
470.929865,87,3186.126826
498.381009,98,3186.280187
497.602785,94,3186.427524
421.897874,86,3186.553124
427.789823,79,3186.687717
411.155333,79,3186.823854
429.153731,86,3186.969841
590.230331,119,3187.180713
501.376867,96,3187.342352
578.431455,108,3191.065689
645.373022,121,3191.306861
659.433913,118,3191.542294
841.435931,178,3191.895893
491.312461,94,3192.078179
487.513502,95,3192.263432
409.008939,79,3192.419239
146.036071,30,3192.477621
138.61581,29,3192.535388
421.233307,83,3192.693341
511.748353,107,3192.904448
555.269021,111,3193.121075
773.786345,152,3193.42828
442.688107,90,3193.601937
522.661432,103,3193.795024
568.830296,110,3193.970896
463.174285,89,3194.120279
481.405875,92,3194.265265
537.465229,101,3194.433079
473.984194,88,3194.576677
469.69131,89,3194.728074
376.020814,75,3198.204408
653.877705,137,3198.443295
597.082004,110,3198.627169
505.535578,104,3198.802459
467.04856,93,3198.968681
569.780578,112,3199.16351
350.283963,70,3199.275017
410.564096,80,3199.401666
460.668416,86,3199.536869
341.774692,70,3199.653779
490.73593,94,3199.788994
529.569977,104,3199.939584
455.513306,92,3200.059329
432.107268,85,3200.166668
524.744851,100,3200.28834
570.000141,109,3200.418046
575.063363,115,3200.599074
392.138283,75,3200.71566
633.143267,122,3200.904059
419.278473,77,3201.038184
462.758024,90,3201.18905
501.46146,98,3204.869731
456.444222,88,3205.009523
630.151333,127,3205.204578
443.763169,91,3205.362522
542.039952,102,3205.51702
643.611974,125,3205.727867
463.263718,89,3205.895461
449.782683,85,3206.063158
458.057205,89,3206.238694
464.726327,91,3206.412113
438.080076,81,3206.564235
501.678499,94,3206.745557
429.741489,82,3206.903001
675.373636,124,3207.142255
521.4087,93,3207.316616
583.140283,109,3207.525813
489.045752,92,3207.70396
559.305636,117,3207.932314
717.872554,134,3208.199077
478.99498,101,3208.398416
484.276886,83,3208.556246
392.365184,80,3212.114828
666.458892,125,3212.316187
347.138769,70,3212.435119
439.296314,90,3212.572977
529.43503,99,3212.722941
770.914615,159,3212.96871
592.623578,119,3213.11888
348.877239,73,3213.209069
461.082172,100,3213.336881
569.080672,103,3213.457622
520.075111,101,3213.582086
528.438167,101,3213.702906
542.246001,106,3213.834939
471.829719,97,3213.956702
778.515873,149,3214.142573
326.310433,61,3214.216874
824.544055,161,3214.408529
475.400085,92,3214.521355
400.388097,77,3214.612205
403.170694,80,3214.709735
547.923217,103,3218.263517
716.776448,153,3218.530167
478.909408,93,3218.691962
595.956053,117,3218.888565
485.623253,96,3219.051403
560.690875,103,3219.224455
532.578624,98,3219.384105
457.493566,90,3219.537063
585.9748,117,3219.73975
492.101823,102,3219.918672
396.732939,76,3220.041288
575.574261,106,3220.218374
489.183884,91,3220.355695
632.365917,123,3220.554083
633.909083,120,3220.728932
373.401785,73,3220.853649
622.306696,114,3221.029103
576.940512,109,3221.18713
473.658488,92,3221.352494
682.507464,120,3224.955827
596.372996,112,3225.140449
669.982672,135,3225.366419
680.704909,130,3225.58463
597.732473,116,3225.773487
783.359356,149,3226.013939
483.66677,102,3226.185891
573.532932,114,3226.363815
604.565851,117,3226.556652
507.897757,106,3226.72352
536.156025,96,3226.870194
572.025403,110,3227.052985
512.256363,106,3227.221753
611.298336,117,3227.408615
422.074536,81,3227.531777
521.143116,101,3227.69752
699.476108,148,3227.946672
495.674796,97,3228.104103
500.27711,94,3228.264014
541.958877,107,3231.782763
631.102531,126,3232.015838
373.759124,78,3232.154774
593.685469,112,3232.355408
470.572206,92,3232.514059
599.017309,125,3232.727631
602.91298,109,3232.9158
579.310721,123,3233.139603
129.143301,26,3233.183178
473.897908,87,3233.336171
499.119441,93,3233.494
443.407034,82,3233.632902
513.761526,93,3233.791287
576.831131,116,3233.983436
844.96935,158,3234.241288
591.297131,109,3234.41135
433.218191,84,3234.578692
391.024036,73,3234.72447
423.914493,90,3234.902562
587.519525,108,3235.125334
555.050197,103,3238.921011
506.993448,106,3239.118049
576.505946,107,3239.306981
444.150285,82,3239.453354
456.304376,87,3239.612871
606.459077,122,3239.825848
462.030797,88,3239.963897
548.209797,101,3240.125644
595.256862,124,3240.345654
484.025684,99,3240.509195
478.045984,90,3240.660306
611.565715,116,3240.8502
674.033693,129,3241.059999
535.61485,97,3241.220735
498.091031,95,3241.38504
582.269025,125,3241.595663
444.31459,78,3241.726894
614.615444,113,3241.926259
478.629834,97,3242.086583
460.147862,89,3242.241862
475.434173,96,3245.680709
669.061791,127,3245.891632
345.910095,72,3246.016042
546.761092,102,3246.196943
746.788583,144,3246.45106
489.65995,97,3246.616602
569.68376,106,3246.783404
515.032159,111,3246.96321
586.799682,110,3247.130519
516.110053,103,3247.289057
660.869278,126,3247.482853
382.937021,78,3247.600649
511.946182,103,3247.754627
475.620947,96,3247.895389
438.373565,86,3248.024488
462.073045,92,3248.173086
573.353022,111,3248.340699
464.437019,93,3248.491465
545.415957,104,3248.652913
582.716591,127,3248.846714
406.374381,75,3252.293726
453.227069,85,3252.459151
497.540353,95,3252.644985
387.213681,73,3252.782919
502.161706,110,3252.983861
498.531095,95,3253.156427
516.108924,98,3253.342165
549.650971,110,3253.560455
626.577787,121,3253.80672
491.788693,94,3253.99614
423.671947,85,3254.164698
632.072592,121,3254.4101
605.917636,131,3254.677835
607.527597,120,3254.915693
587.74597,112,3255.139685
410.254672,80,3255.294158
762.598673,149,3255.586213
469.821856,91,3255.766498
704.209178,132,3256.029273
493.092457,94,3256.21646
445.927707,84,3260.087445
633.937334,122,3260.332396
434.213576,85,3260.501563
556.997376,103,3260.702015
643.082009,128,3260.953474
381.304352,69,3261.085443
534.053025,98,3261.277009
936.961598,186,3261.64823
487.757136,97,3261.842814
664.48463,125,3262.08463
416.323417,82,3262.219171
465.989405,89,3262.36578
483.47257,91,3262.515749
767.135847,151,3262.781288
578.588595,109,3262.967749
483.223235,94,3263.126196
523.269523,101,3263.297406
467.486364,89,3263.440271
553.04129,109,3263.636674
322.825185,64,3267.104131
648.137044,122,3267.34791
437.029615,83,3267.511624
324.718632,62,3267.633219
517.217237,99,3267.83722
430.298305,79,3267.997276
379.280056,72,3268.140225
739.493378,140,3268.422398
397.287669,80,3268.590493
574.437168,114,3268.822921
438.703687,85,3268.995459
525.46742,95,3269.180215
543.663699,112,3269.407792
626.105204,126,3269.658754
504.756108,97,3269.847275
603.409668,115,3270.077579
594.497563,125,3270.329498
595.621961,114,3270.550164
502.142039,102,3270.747867
610.255747,117,3270.973699
167.038153,34,3271.0356
663.703781,131,3274.528059
507.483858,106,3274.714196
449.49746,85,3274.859385
665.151585,147,3275.100315
631.482891,119,3275.300971
645.095596,130,3275.528191
390.695629,73,3275.656738
577.306206,104,3275.833683
677.147767,128,3276.054172
616.440494,109,3276.244835
462.640291,91,3276.395023
466.289811,87,3276.537135
480.558506,97,3276.707301
494.71681,90,3276.85061
664.796613,126,3277.081149
517.808082,94,3277.235629
557.420718,102,3277.415005
722.516049,135,3277.615438
518.07751,98,3277.762396
434.208578,82,3281.458566
406.809551,72,3281.599925
636.678265,117,3281.835861
567.225771,102,3282.034635
582.436136,106,3282.243031
638.205445,138,3282.522105
340.82395,64,3282.64794
390.937346,78,3282.800031
550.02478,108,3283.01775
439.563483,98,3283.219456
542.65869,102,3283.421666
516.828424,99,3283.618299
616.79849,132,3283.880177
594.625806,120,3284.1213
585.545866,121,3284.361037
624.699428,128,3284.575838
407.502999,76,3284.710004
619.300952,115,3284.89475
435.890848,81,3285.019488
357.506915,72,3285.136314
505.202041,102,3288.677309
449.699331,86,3288.846961
542.783979,98,3289.038116
694.766692,136,3289.310114
436.301865,83,3289.458381
474.368884,100,3289.628074
556.093598,102,3289.801641
534.511318,104,3289.969626
639.300778,119,3290.167624
540.964179,97,3290.32081
383.021094,81,3290.455094
628.742591,125,3290.654461
399.893447,81,3290.775968
419.01598,81,3290.904909
521.633458,95,3291.050562
375.15823,70,3291.159424
619.843538,114,3291.33807
520.410819,101,3291.49328
399.366609,79,3291.610597
461.968339,90,3291.749412
613.540537,120,3291.92726
786.906742,142,3295.477918
643.533087,120,3295.684896
767.613452,143,3295.92199
525.827715,112,3296.122177
412.720132,82,3296.265745
425.026146,78,3296.39364
559.447206,99,3296.556201
454.037213,83,3296.695964
478.122301,102,3296.883429
773.70981,144,3297.131885
835.760184,164,3297.420946
488.214438,103,3297.605712
103.43309,22,3297.643594
415.882465,83,3297.786406
656.670633,128,3298.011063
563.645139,103,3298.176984
458.515932,88,3298.315984
586.5524,116,3298.505575
666.274622,136,3298.727599
612.282665,128,3302.345968
94.00751,21,3302.386294
336.821237,64,3302.512409
491.94275,95,3302.700676
414.673462,81,3302.864146
624.03419,115,3303.095376
374.663205,72,3303.238606
423.550669,85,3303.412227
536.424275,99,3303.602529
471.124146,94,3303.756431
449.709807,89,3303.904758
361.02295,70,3304.018478
362.966265,69,3304.136668
388.192025,80,3304.280803
387.079195,74,3304.410983
488.72204,92,3304.573899
410.107577,80,3304.706255
482.706499,95,3304.880851
537.854371,97,3305.036667
571.820822,119,3305.247537
472.463747,90,3305.400014
561.888457,110,3305.58114
412.54356,76,3305.720833
467.868597,92,3305.874588
443.61213,89,3309.414727
614.322915,135,3309.657024
729.31017,133,3309.878642
437.813424,92,3310.027133
598.256554,114,3310.203993
726.811727,141,3310.437193
444.651825,86,3310.581713
510.198236,96,3310.733294
684.151947,132,3310.944466
584.575235,108,3311.132572
406.937081,77,3311.268335
589.408119,106,3311.447649
389.028986,76,3311.581578
472.778767,87,3311.72816
665.308812,132,3311.981964
390.692506,77,3312.131405
421.762222,84,3312.298298
454.106222,99,3312.497576
579.445892,120,3312.745981
504.713197,106,3316.571379
604.735884,110,3316.753925
504.830797,92,3316.916678
466.436026,92,3317.076406
520.812337,95,3317.2315
630.22764,117,3317.446599
591.712125,112,3317.643061
451.30851,97,3317.819164
528.082712,115,3318.025553
578.972744,113,3318.212251
433.930467,90,3318.373154
522.433982,97,3318.541425
153.354451,31,3318.598822
395.870552,74,3318.731944
629.376335,115,3318.934718
802.692797,161,3319.204412
430.013125,81,3319.34079
445.058679,82,3319.488457
383.801326,83,3319.637758
442.543779,96,3319.806796
308.166453,61,3319.911099
601.756848,109,3320.095717
556.374165,107,3323.739176
520.343313,98,3323.934697
573.168975,106,3324.14638
669.959133,142,3324.441508
578.342259,118,3324.681907
725.383289,145,3324.975366
553.798763,103,3325.177413
466.018355,86,3325.349104
438.083288,79,3325.502533
682.809968,136,3325.763322
503.198808,106,3325.934897
548.026056,100,3326.104456
399.108032,81,3326.241154
492.905294,105,3326.427107
650.544856,127,3326.656734
704.619435,121,3326.849982
698.55266,140,3327.088267
461.427266,95,3327.259536
600.736315,107,3330.761864
481.190781,90,3330.917371
551.644634,109,3331.096125
437.572683,94,3331.254692
492.080381,102,3331.432982
670.395557,124,3331.672859
567.455906,110,3331.887013
341.124232,70,3332.027797
459.243189,85,3332.190595
599.47169,108,3332.409453
419.079816,83,3332.577967
617.952911,125,3332.818855
549.583102,102,3333.018444
541.355702,100,3333.220023
382.24375,76,3333.374381
602.870897,127,3333.63007
399.088719,74,3333.777707
447.054128,92,3333.963419
518.365855,99,3334.163234
487.410229,90,3334.34262
531.003833,99,3334.538917
441.040302,91,3338.223679
433.826806,81,3338.369529
746.64438,139,3338.606341
409.840598,85,3338.751375
557.929769,102,3338.928149
450.058805,93,3339.091454
531.87491,106,3339.280205
522.831414,99,3339.433747
524.837291,110,3339.622852
582.013485,108,3339.801861
381.38806,75,3339.92614
529.635348,99,3340.095753
718.545208,137,3340.32691
358.14758,68,3340.445975
523.667171,108,3340.638318
467.007169,91,3340.798542
555.90288,110,3340.987915
582.693033,120,3341.195844
534.194053,110,3341.386423
613.893415,114,3341.590158
547.325657,115,3345.055358
519.546845,103,3345.226126
362.711677,69,3345.341427
478.667632,93,3345.496451
590.365331,112,3345.680467
561.371149,100,3345.837144
496.204904,95,3345.985348
569.159579,110,3346.129469
529.205419,98,3346.253437
479.34897,95,3346.393898
566.138237,124,3346.595342
534.44058,98,3346.754485
611.24476,116,3346.933221
392.872429,76,3347.048583
441.002124,79,3347.1666
445.245839,92,3347.311838
494.274218,100,3347.441795
486.298535,99,3347.566806
454.676746,96,3347.723758
138.316418,28,3347.769243
643.267755,124,3347.968125
472.227752,94,3351.529699
525.079956,108,3351.722662
475.721463,93,3351.880147
517.629081,99,3352.045695
448.21917,84,3352.183807
453.468045,98,3352.355425
542.635498,100,3352.516168
458.498313,90,3352.673618
593.576215,115,3352.871524
564.941157,127,3353.072324
486.048541,95,3353.2304
453.356946,93,3353.38767
503.771954,98,3353.561731
533.975219,100,3353.73259
793.480237,159,3353.990054
522.425747,97,3354.140935
661.247135,130,3354.357397
554.350576,109,3354.526021
384.146165,79,3354.653154
597.337609,113,3354.833198
740.812267,145,3358.655848
701.932224,138,3358.937347
471.628492,98,3359.11253
420.917427,79,3359.24035
650.354492,124,3359.431143
467.54921,92,3359.589561
565.576615,107,3359.767898
396.192708,73,3359.892192
562.904741,115,3360.077277
622.935134,114,3360.265337
487.494859,96,3360.434685
454.53693,89,3360.58627
353.684882,76,3360.705037
594.004964,119,3360.88857
401.755745,78,3361.014012
660.383708,135,3361.232494
479.420234,93,3361.379617
134.009825,27,3361.426035
537.319966,107,3361.60607
597.388206,118,3361.809494
396.384852,78,3365.301214
512.694758,104,3365.512842
471.205047,89,3365.68974
510.758249,92,3365.874239
427.042716,85,3366.046854
409.731212,78,3366.204012
848.945004,157,3366.52366
530.059043,97,3366.720715
552.411208,107,3366.942505
471.517153,93,3367.133832
521.918447,105,3367.353986
564.656866,104,3367.560663
706.444413,136,3367.834395
589.320464,125,3368.096917
671.877003,127,3368.348727
530.508663,105,3368.561969
391.257589,81,3368.727943
561.243724,101,3368.929501
502.681853,98,3369.126194
672.105624,133,3369.392039
733.501105,141,3373.059289
663.436262,126,3373.279271
625.286068,116,3373.483332
573.869106,111,3373.675378
467.283823,81,3373.80852
562.066326,104,3373.988715
515.36871,99,3374.162915
160.001566,32,3374.214687
533.727112,117,3374.403015
730.130474,134,3374.622283
435.9299,82,3374.760124
656.369223,122,3374.971195
442.968438,81,3375.102296
360.830736,78,3375.237909
613.523061,116,3375.415603
550.084603,104,3375.583766
569.185608,111,3375.7683
779.881375,149,3376.018142
130.413257,27,3376.067511
499.833834,89,3376.212484
446.075977,87,3379.969136
574.554528,109,3380.186803
464.400889,87,3380.358555
360.016769,70,3380.50132
916.16464,177,3380.859309
554.620959,108,3381.07142
395.955217,79,3381.231331
626.122072,117,3381.456827
414.916191,89,3381.630745
512.982051,99,3381.817016
614.663766,115,3382.042009
391.917178,77,3382.198101
438.190193,84,3382.361377
448.226789,86,3382.500759
542.669015,106,3382.686797
535.890675,97,3382.838307
593.995771,108,3383.027482
569.597332,115,3383.229638
599.323919,108,3383.413843
536.369903,101,3383.585762
847.627788,163,3387.255885
505.330239,100,3387.431226
565.317227,113,3387.623194
539.492003,105,3387.79832
591.541868,113,3388.009499
352.273831,65,3388.138858
409.274557,79,3388.291383
628.664677,139,3388.568055
715.029999,135,3388.83881
377.537094,73,3388.986679
134.116586,29,3389.045459
491.75925,96,3389.241347
371.78858,73,3389.390223
541.046818,114,3389.619525
564.543803,115,3389.852184
604.335756,121,3390.094513
590.029184,112,3390.315704
454.282347,94,3390.508261
643.343895,125,3390.755432
800.634049,152,3391.072467
488.33355,95,3394.770883
663.741064,121,3394.975852
454.685858,88,3395.122297
445.942489,87,3395.26748
446.902705,84,3395.399664
453.639344,88,3395.536402
563.55006,111,3395.718693
692.761101,134,3395.940395
558.198927,108,3396.124692
575.966421,108,3396.307681
479.607143,102,3396.469014
688.764561,138,3396.707624
542.082987,100,3396.883233
349.762409,71,3397.00945
522.742303,98,3397.165677
529.183481,103,3397.332743
516.084043,101,3397.506524
623.330188,109,3397.699063
656.587031,135,3397.93675
488.697754,90,3401.49435
481.868251,87,3401.666616
424.400132,84,3401.832119
451.462802,82,3401.988072
511.333157,96,3402.174792
449.606189,83,3402.333913
578.042255,116,3402.570343
525.540286,101,3402.770559
664.224491,143,3403.058524
497.000798,96,3403.248662
680.290543,121,3403.488836
375.595787,75,3403.63647
726.860672,134,3403.892503
552.897781,105,3404.099071
630.73736,121,3404.332472
504.806374,95,3404.516973
416.525242,80,3404.67658
478.711102,86,3404.827487
436.643783,83,3404.974604
474.263453,95,3405.140768
448.131333,97,3405.311619
488.876694,96,3408.85841
714.531874,148,3409.114438
465.118642,93,3409.282181
575.526566,115,3409.461124
460.674418,88,3409.604852
712.155384,139,3409.862534
534.431049,100,3410.056733
647.371933,123,3410.299376
508.945312,96,3410.485534
523.037967,115,3410.723557
536.88849,107,3410.942183
473.096058,95,3411.137186
443.174381,86,3411.31554
443.387137,97,3411.514961
578.762716,110,3411.736403
462.933027,89,3411.914341
581.655328,114,3412.149941
439.540149,81,3412.316735
549.639276,100,3412.518419
501.127757,103,3412.728704
440.782404,87,3416.372441
517.699068,98,3416.539386
460.996018,85,3416.683782
648.631214,121,3416.889035
426.097231,79,3417.014209
521.730555,105,3417.197464
163.251724,35,3417.256394
293.296625,58,3417.360218
685.754001,135,3417.590465
483.712896,96,3417.747503
613.36103,135,3417.994715
595.536658,110,3418.174619
792.15967,148,3418.422921
392.052559,73,3418.544948
533.587484,103,3418.726742
498.261863,95,3418.89177
856.222722,167,3419.199696
424.102051,80,3419.347164
490.683133,96,3419.522094
545.378689,114,3419.734122
524.826274,103,3423.466201
145.948598,31,3423.523693
537.755435,110,3423.735108
586.444481,115,3423.971031
417.381532,76,3424.119469
484.305749,98,3424.316155
516.443151,103,3424.522385
767.82977,154,3424.836052
411.20494,79,3424.994912
610.345636,120,3425.228659
423.171792,80,3425.390412
755.207822,143,3425.679022
555.483058,109,3425.900254
386.504537,74,3426.055465
504.138502,99,3426.256218
533.860011,100,3426.440033
354.112371,66,3426.55876
527.509864,106,3426.751253
395.586404,74,3426.88537
439.436519,82,3427.038097
654.221979,125,3427.269627
422.393818,79,3430.64144
549.662288,122,3430.835925
704.639572,136,3431.062285
462.757673,91,3431.218355
396.846783,77,3431.346782
643.457896,116,3431.535414
430.768312,80,3431.660462
659.48152,128,3431.877942
323.010235,64,3431.983449
502.357584,113,3432.191584
505.858817,95,3432.378605
506.844875,96,3432.57144
499.101041,100,3432.754019
371.950563,77,3432.877092
532.563847,101,3433.041671
454.132103,85,3433.167942
775.637865,157,3433.430612
392.795338,74,3433.553412
562.935492,115,3433.761658
428.018357,86,3433.915502
718.989056,133,3437.555627
420.93436,80,3437.707311
519.009461,111,3437.925441
345.590924,67,3438.052441
459.399864,90,3438.222499
601.325827,107,3438.428791
385.341497,76,3438.574402
472.087171,86,3438.737144
425.462114,81,3438.890212
511.957457,96,3439.081406
451.628418,82,3439.237249
453.284669,82,3439.39452
452.680721,85,3439.558623
595.459184,115,3439.781871
376.033604,79,3439.93868
549.819192,106,3440.15015
510.298681,105,3440.357776
648.431287,134,3440.62758
714.018723,139,3440.885811
383.623979,75,3441.013928
473.837385,100,3441.194083
567.786151,116,3444.672427
360.109207,68,3444.756983
539.379178,99,3444.878537
595.67337,112,3445.027912
523.524608,115,3445.204485
655.081294,136,3445.408738
505.370151,95,3445.565742
373.650389,80,3445.689121
564.882593,108,3445.857828
686.954272,136,3446.059249
564.622867,117,3446.239686
824.499078,155,3446.491737
128.251151,27,3446.53659
416.753242,87,3446.676009
391.701607,79,3446.805534
1007.042514,180,3447.107651
509.500013,94,3447.248504
419.392389,86,3447.385286
648.476351,131,3447.60646
488.981802,97,3447.766809
475.324147,90,3451.30171
458.287637,97,3451.46847
488.678977,89,3451.610176
464.782485,89,3451.762469
835.036795,153,3452.06245
619.174946,126,3452.309033
374.865282,71,3452.443602
524.875881,100,3452.635355
602.673152,121,3452.874173
427.627522,83,3453.037836
627.688154,118,3453.271158
537.377514,97,3453.46258
466.229157,92,3453.644958
404.514153,80,3453.807198
702.935709,141,3454.094577
546.150399,113,3454.323054
485.496874,101,3454.530081
616.639174,123,3454.781316
272.823769,55,3454.890695
560.627119,115,3455.131398
433.025857,87,3458.90232
530.924034,111,3459.119764
648.555821,121,3459.361459
510.861402,92,3459.540453
503.647883,91,3459.713541
522.965974,104,3459.889884
503.515621,96,3460.05182
667.000997,140,3460.282196
458.681111,84,3460.419875
656.583831,123,3460.627442
677.785329,136,3460.865244
683.124465,127,3461.093663
530.754283,104,3461.282179
605.227127,132,3461.502088
431.182729,79,3461.634119
669.821417,141,3461.880708
164.373887,33,3461.92959
607.44627,112,3462.122782
748.876964,143,3462.366862
591.118107,117,3465.822589
500.348307,105,3465.976251
469.503535,91,3466.114415
396.280679,74,3466.227276
375.508365,72,3466.338376
482.459598,103,3466.494924
723.964966,136,3466.679261
729.531258,144,3466.867503
603.17709,125,3467.026928
101.064345,22,3467.053544
693.13448,134,3467.22881
608.654034,112,3467.415825
440.967989,87,3467.5485
406.955722,78,3467.662477
346.049919,70,3467.779592
513.181003,97,3467.943787
541.690072,105,3468.123621
672.258321,128,3468.336922
419.530278,82,3468.472654
546.957049,104,3468.651659
610.149912,121,3472.150329
502.096156,97,3472.315007
604.893324,113,3472.501266
417.180653,81,3472.640471
753.460918,153,3472.908538
552.723429,104,3473.081964
501.993523,99,3473.26165
473.069336,99,3473.433228
626.633775,116,3473.630762
787.831163,147,3473.883334
607.984946,125,3474.10644
512.528134,97,3474.268244
451.323955,93,3474.428845
567.895342,108,3474.61481
507.828542,98,3474.784041
408.688157,85,3474.927708
467.520365,95,3475.07942
585.607703,114,3475.287845
710.515866,133,3475.516039
507.091198,93,3479.135638
615.843808,115,3479.36157
564.013121,113,3479.590128
507.568693,96,3479.782003
741.060093,138,3480.05835
594.10474,114,3480.275899
489.758916,87,3480.412306
486.295038,93,3480.562439
752.107255,142,3480.803338
651.101779,128,3481.020047
203.760727,40,3481.084786
463.561289,88,3481.227502
687.824703,128,3481.439865
495.040012,103,3481.633976
514.754175,99,3481.822489
457.437084,90,3482.004223
445.808249,84,3482.166943
387.102505,72,3482.308599
479.504243,93,3482.494195
461.185931,88,3482.668851
506.280803,106,3482.883515
574.236661,106,3486.559125
628.552726,126,3486.809628
523.672267,96,3486.995795
371.354201,68,3487.13047
283.01131,56,3487.238179
518.163201,98,3487.434315
673.773801,139,3487.716596
453.77462,96,3487.914318
663.436517,128,3488.170358
461.877481,88,3488.342002
672.100334,124,3488.566029
515.509981,101,3488.738557
500.17641,94,3488.897706
624.09582,134,3489.114229
520.583521,98,3489.26826
713.303826,140,3489.493195
496.932291,109,3489.673835
473.755863,93,3489.826298
509.57926,114,3490.009286
492.903674,97,3493.55534
517.515753,100,3493.724121
542.701061,112,3493.914883
396.210116,76,3494.04143
845.392423,167,3494.320189
535.490652,100,3494.500121
448.199787,90,3494.649367
532.488635,102,3494.820318
776.27608,152,3495.08103
496.105322,98,3495.249373
479.957163,87,3495.400398
453.278009,90,3495.559247
488.121713,99,3495.73093
469.46793,86,3495.883848
392.878793,73,3496.004492
664.67079,136,3496.249746
544.054543,107,3496.439341
449.456908,86,3496.579664
444.416016,84,3496.721511
589.0569,118,3496.919872
576.885974,114,3500.638641
428.691452,78,3500.775247
490.14735,90,3500.92381
452.00025,91,3501.075515
455.042773,92,3501.235857
403.200162,75,3501.358788
698.328569,145,3501.601735
516.352145,100,3501.759304
382.448096,72,3501.874238
418.346217,84,3502.016805
417.613147,77,3502.142533
400.099606,78,3502.269844
431.774144,83,3502.404063
485.64219,91,3502.557741
555.098651,99,3502.722372
503.144413,97,3502.890316
454.405817,85,3503.03406
517.841291,98,3503.203712
456.727547,91,3503.357871
421.844785,80,3503.481873
496.676958,95,3503.649954
460.091329,87,3503.797805
744.793972,142,3507.488791
512.115898,94,3507.651091
504.646143,97,3507.814969
558.78673,114,3508.019746
625.574169,116,3508.220196
331.16203,65,3508.33874
635.487127,127,3508.567553
634.267487,126,3508.786794
132.483638,27,3508.83471
633.434285,114,3509.026844
767.523224,143,3509.262239
404.167811,81,3509.400914
511.246031,110,3509.58869
494.699248,106,3509.774011
360.416922,69,3509.906938
549.750426,122,3510.15589
484.678059,92,3510.340019
791.435973,144,3510.628976
634.838566,118,3510.855878
568.476362,109,3511.065906
612.015015,126,3515.024452
568.364054,105,3515.203068
374.187951,73,3515.327103
590.6956,125,3515.550508
533.330705,99,3515.720308
524.691678,105,3515.908981
424.73408,82,3516.058205
444.117483,86,3516.207578
519.377303,103,3516.378913
153.24561,32,3516.431762
489.481332,93,3516.58987
251.243659,49,3516.67266
566.595071,105,3516.851315
513.508566,94,3517.001228
638.030466,127,3517.235196
664.000794,138,3517.477175
444.594872,95,3517.651194
535.022031,102,3517.827039
443.92978,92,3517.982821
639.668491,118,3518.170408
366.251744,69,3518.287195
550.14839,102,3521.969192
438.389322,86,3522.140766
679.216446,127,3522.396751
428.724592,84,3522.564282
581.903236,108,3522.782418
422.072552,78,3522.939011
578.411705,116,3523.175474
535.54545,109,3523.393624
584.136559,114,3523.590493
564.12846,116,3523.786384
540.342555,107,3523.957129
438.592876,81,3524.090614
563.428834,108,3524.268774
434.482335,82,3524.412958
526.575501,104,3524.601116
573.238352,109,3524.78509
448.132937,86,3524.93197
467.211471,88,3525.085359
453.723863,85,3525.224143
523.208164,115,3525.408034
415.698769,78,3525.535278
434.213746,80,3529.019703
606.86766,121,3529.232359
514.310929,98,3529.400624
490.743764,89,3529.557214
536.343019,105,3529.742168
539.014753,105,3529.927869
492.836682,99,3530.101854
477.591119,87,3530.248706
438.383677,98,3530.427473
523.080913,101,3530.597686
466.505382,93,3530.747712
584.073298,117,3530.939607
567.464171,111,3531.120896
571.439898,106,3531.29461
360.920915,72,3531.418176
627.986031,120,3531.626323
427.672463,77,3531.75834
550.604512,108,3531.951899
478.156108,93,3532.117257
329.013872,65,3532.236498
595.24637,110,3536.019544
464.952676,96,3536.186677
566.567859,110,3536.382173
534.889366,106,3536.568595
414.349846,78,3536.699451
594.277765,125,3536.924272
729.254749,145,3537.170508
529.478041,104,3537.347311
521.766402,112,3537.549735
524.118071,102,3537.718709
160.251484,32,3537.769969
534.702683,102,3537.938573
409.999998,80,3538.079058
411.518196,78,3538.214247
690.220988,143,3538.468461
580.979957,112,3538.666725
476.673245,93,3538.828053
332.306664,64,3538.929355
413.705043,80,3539.066162
365.555792,68,3539.182958
429.528818,87,3539.320817
374.279955,71,3539.437036
404.314398,80,3542.881306
517.887654,100,3543.077281
745.240946,145,3543.366869
467.309241,86,3543.535782
485.908277,91,3543.710817
897.899462,175,3544.065437
431.892824,84,3544.233016
798.602274,153,3544.535283
550.289846,119,3544.779759
522.826434,94,3544.962749
474.350763,90,3545.14362
777.578653,157,3545.461775
496.209245,103,3545.664274
480.803029,105,3545.880317
802.188064,152,3546.189003
597.762769,126,3546.444809
797.959317,148,3546.735229
677.75009,129,3550.305993
532.212715,102,3550.500009
686.648756,129,3550.746708
562.651152,106,3550.948027
336.298921,65,3551.070997
543.030312,101,3551.264907
411.825962,80,3551.415965
480.375438,96,3551.605475
510.835012,97,3551.798409
475.595872,86,3551.966669
692.039947,140,3552.247895
579.598237,112,3552.464226
457.984771,91,3552.624043
477.705687,94,3552.79074
546.044389,103,3552.969826
541.876542,100,3553.139776
721.525244,148,3553.401075
418.628877,76,3553.533177
419.545699,79,3553.669425
438.675227,81,3553.809058
430.008387,82,3553.940182
631.222731,114,3557.122905
550.09125,110,3557.337162
491.76334,97,3557.522827
670.357332,125,3557.770521
596.972703,116,3557.997799
495.815363,92,3558.178394
547.338677,115,3558.407964
592.984468,113,3558.632486
406.154956,82,3558.792375
506.862601,96,3558.982765
641.555322,127,3559.234163
481.969073,95,3559.422275
658.842258,123,3559.666108
648.417743,127,3559.916877
523.602419,103,3560.117939
454.094735,94,3560.305697
492.810099,105,3560.514735
735.511768,149,3560.815914
610.706159,117,3564.376872
649.090879,117,3564.574553
493.758141,90,3564.713464
488.728176,90,3564.849135
627.508752,117,3565.021648
761.407986,150,3565.220451
477.51448,91,3565.364824
553.293385,104,3565.527851
447.576504,84,3565.64274
528.235636,93,3565.787726
436.789177,80,3565.924171
573.565594,104,3566.097234
521.297427,97,3566.268443
413.976349,81,3566.40784
475.582079,89,3566.564502
455.658788,87,3566.717845
440.365449,96,3566.887868
792.681404,142,3567.128299
423.85239,79,3567.2611
527.070941,100,3567.437389
566.224082,110,3567.628743
601.521021,113,3571.23813
637.497877,123,3571.475396
361.915813,69,3571.608133
596.164697,111,3571.823119
555.882038,110,3572.044426
247.684986,50,3572.140689
674.015464,129,3572.393198
607.08941,113,3572.610431
586.937623,112,3572.834774
464.384636,90,3573.013143
718.278762,152,3573.297588
840.379846,161,3573.584544
536.618005,104,3573.766466
496.41156,94,3573.93319
539.848909,104,3574.114162
550.269352,111,3574.314177
602.279886,119,3574.536589
532.981105,120,3574.748258
672.503235,129,3578.091783
568.520527,124,3578.339512
562.740047,105,3578.55365
569.241591,109,3578.766304
520.127691,98,3578.953319
473.112379,92,3579.13703
432.328168,83,3579.299321
424.96486,86,3579.470877
702.85633,136,3579.749192
557.973897,117,3579.985613
392.008012,74,3580.098145
463.606669,85,3580.225951
494.216053,98,3580.380646
546.801089,100,3580.549645
540.089949,97,3580.703554
541.733514,101,3580.875352
485.232558,100,3581.054347
410.759444,85,3581.199829
649.198877,119,3581.406151
604.806712,114,3581.600195
676.946259,131,3585.140018
552.847969,105,3585.304679
608.760462,120,3585.510807
463.47281,87,3585.657454
551.137322,102,3585.814272
386.279591,79,3585.943172
537.371914,100,3586.099934
441.024767,90,3586.247242
401.490945,77,3586.36595
632.484842,127,3586.568951
514.21371,95,3586.734946
748.712098,141,3586.977843
419.808407,82,3587.106584
671.473231,136,3587.33484
382.476477,73,3587.457543
741.506665,139,3587.696133
411.586235,80,3587.830685
449.623239,86,3587.979183
161.409855,32,3588.032177
529.804863,99,3588.19967
790.109876,164,3588.49723
571.129727,108,3591.824186
545.118738,114,3592.016075
770.814038,146,3592.249681
509.964022,93,3592.394897
645.344815,121,3592.592001
516.849916,111,3592.751577
574.475777,121,3592.942977
622.092892,121,3593.121043
417.396156,86,3593.257115
565.890748,102,3593.412953
392.256542,74,3593.540014
502.043843,89,3593.685602
516.546279,99,3593.850938
673.675325,147,3594.084753
509.616775,92,3594.240512
420.009166,83,3594.377368
153.048881,31,3594.425535
689.24979,127,3594.643061
501.116239,96,3594.814887
544.458899,107,3598.382836
591.085099,124,3598.59022
582.967485,129,3598.795763
655.394776,126,3598.9883
512.335067,105,3599.149076
630.231619,118,3599.317285
452.388075,87,3599.448464
571.721274,107,3599.591178
566.199312,106,3599.7239
601.231026,114,3599.864133
426.372953,82,3599.963635
476.829512,92,3600.074594
362.406941,72,3600.160948
559.277963,99,3600.291636
589.853548,125,3600.485543
508.705793,104,3600.643922
549.478814,102,3600.798744
701.07452,142,3601.012731
590.018875,108,3601.174197
516.489334,98,3604.655755
464.027587,93,3604.819064
652.515231,125,3605.062497
590.649937,113,3605.284872
458.739664,89,3605.45512
460.085226,93,3605.641873
572.007205,116,3605.875166
426.907739,92,3606.052708
464.284433,90,3606.222673
426.753123,79,3606.344709
456.325175,102,3606.504183
487.658949,91,3606.652844
503.95237,92,3606.79574
473.660231,90,3606.956826
371.877974,71,3607.081797
577.328511,106,3607.250672
450.271298,98,3607.4178
627.248031,132,3607.640046
510.733532,106,3607.802592
663.014708,126,3608.021396
480.878366,94,3608.175627
608.552832,124,3611.909738
585.3242,104,3612.118402
554.166801,100,3612.317901
509.664861,96,3612.513514
462.235214,90,3612.692867
517.048793,100,3612.894279
459.790067,90,3613.070024
608.333907,117,3613.296496
482.800755,92,3613.475539
519.525464,97,3613.660605
527.18522,98,3613.856208
562.860032,102,3614.038737
353.875314,65,3614.15098
506.879215,95,3614.28982
555.640679,106,3614.469023
513.100609,101,3614.627326
475.835722,91,3614.76004
461.962966,91,3614.913377
391.594892,75,3615.042259
591.69745,116,3615.215004
623.578791,124,3615.421852
593.44106,119,3618.99415
434.287018,87,3619.142761
588.670024,113,3619.338172
506.601241,100,3619.505697
474.732422,103,3619.704981
444.422703,89,3619.879947
417.848758,78,3620.028572
383.83646,76,3620.177283
644.961348,124,3620.413704
512.00353,97,3620.601101
559.928463,106,3620.804365
543.636669,103,3621.005886
643.678614,123,3621.234346
578.319361,109,3621.427079
659.590633,131,3621.663659
404.314653,77,3621.80026
467.012873,86,3621.960195
472.691646,93,3622.146535
549.547674,108,3622.362067
410.297438,78,3622.520496
588.031251,115,3626.220377
219.413526,42,3626.28288
446.529722,89,3626.424153
693.378017,131,3626.645335
486.9253,106,3626.852966
535.745166,105,3627.050048
672.071716,129,3627.29218
433.336121,79,3627.440423
555.888071,99,3627.624182
432.1154,90,3627.797187
420.896424,80,3627.948557
535.433808,98,3628.130718
433.255697,84,3628.284253
347.621843,66,3628.40691
475.740015,90,3628.573227
628.616729,122,3628.808765
587.600396,111,3629.017622
645.378107,123,3629.254204
540.656039,102,3629.446323
322.092535,62,3629.560374
781.996982,149,3629.850236
520.06356,99,3633.591503
563.156604,110,3633.811466
396.153155,76,3633.959775
425.807668,89,3634.1366
416.531098,91,3634.315133
825.330397,152,3634.615222
475.785434,91,3634.785716
422.583663,79,3634.93942
442.170939,84,3635.102914
500.444317,95,3635.289479
466.01,87,3635.451243
692.538545,129,3635.617435
613.220068,122,3635.803786
458.449832,86,3635.955951
581.214807,105,3636.14282
485.73079,93,3636.301031
568.204104,106,3636.481452
130.695373,27,3636.527092
424.700271,81,3636.665631
743.868795,144,3636.892748
805.390478,154,3640.521836
514.424903,101,3640.696804
493.961843,103,3640.869069
638.201764,120,3641.066648
485.448449,92,3641.21648
543.58984,103,3641.382594
454.947986,94,3641.532856
612.340836,119,3641.758164
474.880836,91,3641.934269
569.066776,115,3642.155592
520.469602,106,3642.36307
557.83614,96,3642.545334
323.864786,61,3642.665094
380.39143,75,3642.810557
503.565456,98,3643.000931
648.376935,128,3643.250512
558.896076,107,3643.465353
449.360491,94,3643.651862
564.02583,115,3643.880427
581.789126,109,3644.091679
386.079278,72,3644.231911
488.173047,90,3647.843838
560.583063,103,3648.047568
248.231668,47,3648.141318
520.919524,102,3648.348144
545.752406,102,3648.548019
383.615796,79,3648.700849
489.294517,94,3648.882053
300.138123,59,3648.989898
616.448292,121,3649.227532
561.201817,114,3649.447271
442.984702,84,3649.604712
551.719113,103,3649.804125
641.333658,117,3650.02527
506.682992,99,3650.214466
516.656203,107,3650.424569
456.263145,90,3650.598104
660.216546,139,3650.871024
597.010619,117,3651.096161
379.128097,72,3651.236618
591.80661,126,3651.497461
456.623289,90,3651.677471
478.438786,89,3655.226995
575.19966,125,3655.483198
468.713394,100,3655.685329
533.229067,98,3655.880879
466.223826,98,3656.077659
681.614214,129,3656.327538
465.99392,93,3656.512148
737.200067,139,3656.776653
489.665677,94,3656.950505
520.859585,100,3657.14091
583.313811,125,3657.378146
433.720349,85,3657.547952
522.82986,101,3657.74677
870.730467,170,3658.084387
474.965818,98,3658.273675
485.08552,96,3658.461933
622.02414,112,3658.682127
466.527429,90,3658.855709
592.942067,115,3659.085741
529.501309,110,3662.666452
368.45856,68,3662.777277
627.55534,128,3663.021149
490.005184,106,3663.227341
494.462389,97,3663.413429
578.797146,111,3663.630653
488.48347,90,3663.803034
489.425946,94,3663.991007
657.227942,126,3664.23575
485.290478,94,3664.422065
464.778002,90,3664.601454
649.693508,116,3664.834154
424.274319,88,3665.008658
534.031567,94,3665.188742
554.263827,101,3665.39022
300.555728,58,3665.510432
497.987258,96,3665.699609
509.17782,100,3665.900481
435.198503,81,3666.061315
704.376136,128,3666.317446
155.032904,32,3666.382909
659.03718,131,3670.117751
514.291343,100,3670.314455
679.570987,126,3670.561153
472.67836,91,3670.73466
517.718626,100,3670.928661
642.840706,125,3671.175958
446.665212,83,3671.333381
637.087063,125,3671.576355
517.440589,98,3671.766555
464.251893,90,3671.948952
427.471282,82,3672.110772
420.376354,85,3672.278606
525.926256,101,3672.457609
499.814735,95,3672.617803
484.230926,97,3672.786322
502.275495,96,3672.956294
440.168857,86,3673.106212
574.377686,106,3673.30724
411.281149,75,3673.450666
483.510135,95,3673.636362
563.091798,107,3673.858809
453.295886,83,3677.562632
620.769551,121,3677.798538
503.449546,99,3677.992094
468.975514,89,3678.157789
531.468723,101,3678.348459
602.457663,112,3678.559732
444.747366,97,3678.750244
539.736763,107,3678.961154
467.769036,87,3679.126866
438.323881,80,3679.283545
724.219154,135,3679.553329
659.901227,133,3679.783801
419.693407,78,3679.911644
432.700953,80,3680.051361
674.136255,136,3680.281258
521.060596,107,3680.470887
617.00169,125,3680.667832
578.549587,107,3680.847377
532.161263,102,3681.020504
522.983208,101,3684.568419
449.503208,87,3684.722906
424.286001,82,3684.825354
562.004452,107,3684.985407
498.406642,108,3685.148246
503.097092,93,3685.298805
639.242509,118,3685.507335
482.223917,92,3685.662386
377.306704,78,3685.764918
592.724118,121,3685.941796
251.22727,49,3686.02443
453.893318,86,3686.163968
408.512656,82,3686.30123
456.039241,87,3686.443973
422.596159,80,3686.568702
582.301309,114,3686.757078
452.756642,87,3686.901877
384.54928,71,3687.010041
419.167139,80,3687.13954
553.527701,119,3687.333361
660.417848,129,3687.540014
652.959873,130,3687.736145
550.649467,106,3691.340518
648.155871,121,3691.544784
472.324822,94,3691.708588
416.021645,78,3691.822929
874.07916,179,3692.124111
452.136492,92,3692.279896
419.975563,80,3692.405358
501.921083,96,3692.551387
464.976132,89,3692.688408
480.730505,87,3692.822286
500.883098,101,3692.981691
470.058853,93,3693.132038
389.125689,78,3693.275676
457.631975,89,3693.430345
375.888106,75,3693.560361
419.227971,83,3693.702893
579.415446,116,3693.906534
500.304792,93,3694.06231
410.667598,84,3694.208789
506.042956,95,3694.372772
731.33786,157,3698.206254
517.086584,110,3698.432995
404.760633,87,3698.615926
619.385532,127,3698.877076
495.203234,98,3699.072372
449.872425,87,3699.243827
514.483457,93,3699.431934
498.357073,94,3699.618629
572.440163,111,3699.83951
402.86876,80,3699.996846
557.309756,101,3700.162713
416.698387,84,3700.286893
536.531562,105,3700.467231
460.215849,86,3700.612164
732.843866,144,3700.860215
372.485746,72,3700.982362
566.286131,117,3701.182059
473.89973,98,3701.346649
585.10798,104,3701.525653
696.133901,137,3701.755977
531.676161,104,3701.93441
443.881716,81,3705.395076
544.183636,106,3705.577013
595.935459,112,3705.775496
533.289818,102,3705.952532
341.195847,70,3706.073585
691.445765,145,3706.322984
587.50185,127,3706.559904
131.643594,28,3706.610178
595.496835,108,3706.820621
400.486534,81,3706.982295
528.798114,113,3707.205181
545.708268,109,3707.422123
413.04329,81,3707.584001
547.139159,107,3707.795787
424.695297,81,3707.95292
327.775935,64,3708.080275
500.386968,97,3708.271925
489.208076,95,3708.463288
497.202471,96,3708.655571
419.014353,85,3708.828923
424.523228,88,3709.010175
602.434032,111,3712.820328
178.721614,35,3712.888782
679.788665,130,3713.149128
617.887402,121,3713.389541
645.226508,125,3713.628146
598.610534,115,3713.851591
564.153651,115,3714.07762
499.852855,105,3714.276968
515.873379,98,3714.457371
624.921653,116,3714.680946
713.253198,149,3714.944045
688.685263,145,3715.196501
454.143309,93,3715.358644
490.070677,104,3715.532954
497.178689,94,3715.693157
653.495969,127,3715.912426
645.953893,136,3716.145656
450.445451,85,3716.28974
516.87554,111,3716.484409
524.763044,98,3720.067228
588.715237,107,3720.279265
557.232167,100,3720.476368
483.237881,93,3720.659287
720.580193,139,3720.933495
597.378525,109,3721.145104
741.86502,131,3721.395176
508.491669,102,3721.593535
397.509901,77,3721.738444
508.502652,94,3721.922881
484.851825,95,3722.116189
439.919129,83,3722.281263
445.150099,83,3722.422577
499.510361,99,3722.58504
640.963586,122,3722.782446
391.475061,81,3722.922252
495.242436,101,3723.102036
605.030482,109,3723.294407
468.255202,90,3723.454033
503.384279,95,3723.616912
511.248232,108,3727.131103
457.853191,91,3727.283495
505.798695,114,3727.471076
535.358945,106,3727.658478
529.093663,107,3727.827515
598.417505,117,3728.017209
444.628898,82,3728.153543
140.736744,29,3728.197559
407.474294,75,3728.308432
482.492637,90,3728.432169
629.629585,111,3728.588957
543.423639,103,3728.747301
129.092092,27,3728.788254
574.05015,125,3728.996756
511.093378,93,3729.145318
500.07726,92,3729.300191
471.552158,87,3729.449215
479.006632,89,3729.611222
703.493754,132,3729.848166
576.991472,105,3730.021921
261.680052,53,3730.104391
697.797069,130,3730.32235
650.517071,132,3734.26068
507.233669,95,3734.445498
873.510553,161,3734.757075
629.010778,126,3735.00273
613.688458,110,3735.210822
691.002862,132,3735.46892
357.207269,68,3735.598532
533.86538,97,3735.784732
555.771115,107,3735.997153
572.043659,107,3736.208721
630.993466,121,3736.423133
445.911287,90,3736.584657
528.453455,103,3736.767293
582.169516,110,3736.956538
803.446584,152,3737.221421
508.908861,100,3737.397991
360.702386,71,3737.519922
498.693937,92,3737.677473
416.526387,80,3737.815116
508.446036,111,3741.223644
557.47201,106,3741.384452
544.16741,100,3741.522701
400.614642,82,3741.632698
486.430025,96,3741.777078
635.854368,119,3741.936917
490.101147,100,3742.06358
534.707618,100,3742.183432
588.315979,112,3742.325798
482.529717,89,3742.435847
577.905231,110,3742.593252
585.230219,114,3742.810651
491.512686,93,3742.991542
416.04957,83,3743.148693
602.400732,113,3743.368455
424.48564,81,3743.525932
387.704307,71,3743.662859
875.309149,179,3744.025407
525.450153,98,3744.225334
621.492664,132,3747.878206
404.420083,82,3748.012863
488.335449,94,3748.163327
640.352323,120,3748.362787
556.970928,110,3748.546356
468.795733,96,3748.706225
523.709188,108,3748.883173
520.752044,103,3749.058582
593.014391,118,3749.260123
657.287797,124,3749.470365
454.829221,88,3749.616481
466.098939,88,3749.768948
539.888041,104,3749.943324
665.419561,137,3750.168639
505.724431,96,3750.327939
597.908078,124,3750.538125
418.204928,78,3750.662921
491.661865,97,3750.826729
422.782392,85,3750.975915
679.650543,145,3751.237617
425.983794,77,3754.845268
527.135024,114,3755.028303
348.74229,67,3755.119079
550.656256,115,3755.292329
511.695311,98,3755.434355
596.096999,115,3755.61893
542.066892,103,3755.781928
447.075846,82,3755.912757
703.014607,129,3756.120375
618.253265,124,3756.316458
601.858588,109,3756.4909
445.115097,89,3756.641328
471.211881,90,3756.783743
532.074651,104,3756.945479
448.364705,87,3757.088263
689.158722,137,3757.304124
858.719193,170,3757.603251
556.583578,116,3757.805052
633.168536,121,3758.010443
510.574699,90,3761.488747
409.666722,79,3761.61177
546.514939,117,3761.809027
149.603589,31,3761.860771
592.749699,125,3762.109609
646.201279,124,3762.348156
595.436179,124,3762.593404
522.542642,106,3762.801496
541.009384,102,3763.003819
577.885235,120,3763.241972
350.448028,80,3763.400254
573.483509,110,3763.617626
483.697064,105,3763.831975
516.407069,107,3764.044626
786.383404,150,3764.34569
614.082392,115,3764.577877
643.445709,131,3764.836043
535.260863,105,3765.046245
558.546814,102,3765.250471
680.329139,136,3768.922992
611.15391,112,3769.108716
645.673307,122,3769.318366
516.170911,98,3769.482903
647.02562,128,3769.686142
448.232276,87,3769.82487
649.165005,118,3770.025277
480.90947,99,3770.186789
559.090205,103,3770.366999
381.296405,75,3770.49128
602.940661,130,3770.705735
389.412092,74,3770.833863
590.958312,113,3771.013527
559.282623,101,3771.171464
377.346428,71,3771.287903
474.579569,87,3771.428748
505.294631,96,3771.589741
470.463983,90,3771.752624
627.726045,128,3771.980464
529.03975,103,3772.156603
605.951016,114,3775.94183
501.003602,96,3776.132634
435.168384,84,3776.300717
701.402033,131,3776.562719
625.776012,115,3776.787249
674.548171,127,3777.041624
458.976026,89,3777.219538
749.003893,137,3777.470624
376.974277,73,3777.587465
346.471236,68,3777.699727
143.123295,29,3777.74978
524.351521,96,3777.898829
614.823884,111,3778.065691
747.783214,149,3778.302482
639.987691,126,3778.505404
475.573274,88,3778.657122
565.268298,120,3778.87421
488.607223,105,3779.058398
571.141898,111,3779.244758
569.903593,109,3779.429728
667.25905,122,3782.913375
172.017867,33,3782.966621
329.652704,67,3783.080898
585.58203,114,3783.275175
547.902422,110,3783.442065
426.511507,82,3783.571439
649.657183,129,3783.787513
465.1185,88,3783.928735
613.430506,112,3784.11044
586.014799,111,3784.299968
663.528473,130,3784.500677
564.709511,107,3784.674583
391.489949,75,3784.795096
535.193455,100,3784.948585
634.818235,120,3785.131683
490.10834,97,3785.320597
593.948805,109,3785.529637
478.77966,88,3785.705832
545.421251,104,3785.918292
351.529883,69,3786.055891
656.015017,124,3789.757827
578.168865,106,3789.96481
458.094828,85,3790.127629
496.616321,91,3790.301643
566.107168,110,3790.517241
571.028473,103,3790.712746
702.659789,139,3790.975911
549.580834,111,3791.161841
552.476128,103,3791.335116
365.119705,77,3791.45031
462.993825,94,3791.609123
543.984493,108,3791.790334
383.632203,72,3791.898968
614.335221,128,3792.105276
535.749456,115,3792.302861
560.639302,108,3792.494401
448.169458,86,3792.647635
493.644539,94,3792.804186
590.133989,110,3793.004207
667.826467,138,3793.252533
442.987636,94,3796.870604
434.960253,87,3797.04885
410.625856,83,3797.220649
505.573684,104,3797.428615
445.767473,84,3797.600677
751.150436,143,3797.885971
545.518436,97,3798.08194
435.417903,83,3798.251983
496.085221,96,3798.437106
474.431532,87,3798.566386
589.77021,125,3798.76807
520.881162,103,3798.923112
392.839419,73,3799.039713
401.510717,78,3799.174431
597.570994,111,3799.365933
486.58609,95,3799.527082
719.937757,143,3799.77235
532.397311,96,3799.935033
539.962625,112,3800.139193
604.309162,111,3800.332334
496.163215,102,3803.929356
576.305553,108,3804.137735
633.146404,121,3804.377863
685.507022,136,3804.648358
486.559782,88,3804.817075
391.914178,78,3804.966479
575.73217,109,3805.176592
548.525647,98,3805.368639
599.534944,108,3805.582998
490.879214,93,3805.768542
572.591891,116,3805.99944
568.832086,103,3806.202355
499.580976,92,3806.38549
501.052669,103,3806.586875
378.926751,71,3806.72506
554.595187,106,3806.930515
501.299433,94,3807.090576
609.760651,116,3807.288464
509.391975,96,3807.446389
604.231954,112,3807.622484
572.675664,110,3811.320656
570.402789,111,3811.542124
556.667197,108,3811.761696
539.038335,103,3811.968507
532.310704,99,3812.140877
402.946188,74,3812.254692
522.153093,105,3812.421273
516.124241,94,3812.583128
707.827297,137,3812.817621
386.644817,78,3812.948927
423.654992,82,3813.08429
419.786934,80,3813.210103
466.619997,88,3813.353174
538.991624,100,3813.522436
632.459929,123,3813.724564
588.036354,116,3813.924619
587.892371,119,3814.128274
512.302848,91,3814.287153
463.83891,88,3814.43991
701.465628,130,3814.670135
455.506521,85,3818.163158
573.947456,111,3818.384581
478.864562,100,3818.586913
452.943318,94,3818.775282
440.943183,81,3818.935171
418.295915,79,3819.090538
387.549995,79,3819.247838
670.0159,123,3819.450472
752.3512,164,3819.708629
377.026526,71,3819.818387
673.409255,127,3820.014502
535.467307,103,3820.178889
689.084582,147,3820.413419
874.449631,179,3820.698347
476.607703,96,3820.859181
771.052791,148,3821.114694
457.440574,86,3821.255977
424.954307,85,3821.400186
386.424808,76,3821.529158
591.575532,112,3825.059307
576.080482,123,3825.265467
543.581063,100,3825.433144
734.741945,130,3825.660719
402.113308,75,3825.793008
668.949828,126,3826.001337
504.180917,98,3826.16682
560.892767,113,3826.359539
403.77714,81,3826.49106
824.112313,175,3826.792324
522.731005,103,3826.963524
649.95032,120,3827.179477
543.060887,105,3827.361813
467.637697,86,3827.506814
535.343295,108,3827.686754
433.540081,79,3827.82745
474.682716,89,3827.981163
531.47501,106,3828.164438
528.775006,97,3828.33227
477.997225,90,3828.493582
543.618968,102,3832.239806
468.798708,97,3832.425076
517.357303,96,3832.60839
429.735399,88,3832.784636
161.981772,32,3832.844687
405.176826,76,3832.993363
488.015354,89,3833.173203
644.770405,127,3833.425834
455.773815,85,3833.598151
498.553267,91,3833.784519
554.835063,101,3833.955123
478.416785,86,3834.102824
482.798025,93,3834.263176
732.156626,139,3834.513515
605.201066,126,3834.729856
598.014378,110,3834.929052
462.56982,91,3835.090898
643.455329,128,3835.321734
463.577388,91,3835.485744
412.492476,78,3835.62532
548.121082,106,3835.817077
512.629709,106,3839.484865
728.858609,131,3839.742978
510.937228,101,3839.945292
535.267929,104,3840.150135
395.251932,74,3840.297144
598.276774,115,3840.527377
535.527923,98,3840.724682
388.92079,76,3840.878095
933.308123,185,3841.25681
677.199769,128,3841.502683
551.092506,115,3841.705312
672.353409,125,3841.922979
296.721296,57,3842.022593
514.73381,98,3842.201956
490.503629,87,3842.352636
505.324034,90,3842.501627
381.949044,78,3842.627049
515.059167,97,3842.789641
504.338583,101,3842.96765
381.443583,75,3843.098092
507.841405,104,3846.64405
634.927966,125,3846.860834
582.902529,117,3847.046668
620.935478,114,3847.244314
521.029917,106,3847.414001
498.804151,91,3847.564685
476.586936,86,3847.708358
902.722207,181,3848.025073
509.339862,97,3848.188593
565.687043,106,3848.382161
505.174247,93,3848.556759
483.213041,96,3848.74658
658.060435,127,3849.007647
461.445375,86,3849.176577
577.929571,108,3849.390703
520.857722,100,3849.593386
645.125731,122,3849.835731
467.910134,88,3850.011225
385.413914,80,3850.172423
447.743436,85,3853.975727
434.686253,85,3854.143343
504.060038,94,3854.324591
193.942662,39,3854.400556
497.168829,93,3854.579551
553.672351,109,3854.80049
483.759082,92,3854.983877
501.156623,91,3855.160349
148.490981,30,3855.219067
349.369754,66,3855.346403
570.828437,112,3855.555779
610.96319,111,3855.746279
490.64119,90,3855.898465
651.232262,133,3856.151718
509.546062,97,3856.315241
741.755186,135,3856.54896
408.103292,79,3856.684811
554.678808,103,3856.862452
523.489365,110,3857.063821
387.544776,79,3857.199738
498.622184,92,3857.365943
488.018973,106,3857.552883
508.949856,96,3861.154375
599.504613,120,3861.388613
662.469344,135,3861.663472
635.656257,115,3861.892099
456.509622,95,3862.089232
580.040249,125,3862.341672
120.444369,25,3862.391615
442.50569,83,3862.538322
601.01372,116,3862.741277
463.354089,82,3862.882166
456.649863,85,3863.034951
92.637248,20,3863.068933
648.268053,123,3863.289825
403.973861,75,3863.412965
511.643356,92,3863.56399
584.683812,109,3863.747534
248.052225,47,3863.824854
376.137151,69,3863.937387
459.201159,88,3864.085185
533.006632,114,3864.280418
418.974005,78,3864.413578
569.038526,108,3864.587566
487.699137,89,3864.732483
547.309981,104,3868.230209
509.835404,94,3868.412433
525.707448,102,3868.609009
425.402366,76,3868.758232
679.04095,132,3869.002101
605.3826,115,3869.207574
444.720166,82,3869.349121
446.983252,87,3869.501388
487.236503,93,3869.666915
583.208442,109,3869.864398
675.480777,136,3870.115899
440.369183,80,3870.254761
406.959297,78,3870.394709
406.440471,77,3870.534733
491.088933,107,3870.728219
709.265133,151,3870.988962
665.713791,134,3871.222871
547.17091,105,3871.409364
605.662356,119,3871.613328
595.037513,117,3871.803236
541.691491,99,3875.120278
726.299002,136,3875.391445
538.346371,102,3875.590307
374.940985,74,3875.734152
401.939757,73,3875.875442
491.895792,94,3876.054585
495.873208,87,3876.223751
538.531401,109,3876.442524
540.643078,117,3876.685225
518.476934,93,3876.86963
475.840929,88,3877.05027
641.759359,122,3877.293531
520.960129,103,3877.502003
530.305486,103,3877.709048
689.633657,138,3877.987405
590.001047,114,3878.207631
454.840221,89,3878.379566
582.733861,106,3878.589416
443.709336,85,3878.761461
467.375635,86,3878.922869
574.733977,130,3882.687125
536.134634,101,3882.890477
773.739838,141,3883.147859
461.671822,85,3883.303655
994.972304,194,3883.654939
474.09061,99,3883.836112
792.803329,149,3884.106647
331.526894,65,3884.217081
565.61918,104,3884.403141
643.318218,125,3884.628617
448.29194,87,3884.782306
457.571194,93,3884.947603
572.294728,105,3885.133613
681.60126,127,3885.349534
407.282633,83,3885.492037
570.782289,104,3885.662531
736.43465,157,3885.933316
671.01138,119,3886.129149
524.23387,100,3889.873045
734.097368,146,3890.113322
613.889048,120,3890.317509
602.257434,119,3890.523051
450.416227,82,3890.663326
404.768265,79,3890.805917
553.926891,106,3890.996294
414.291897,87,3891.155886
449.797426,89,3891.313084
522.085453,102,3891.503701
492.122896,95,3891.695016
506.206117,94,3891.877872
659.749297,143,3892.166038
409.679391,81,3892.318516
554.013256,100,3892.512379
525.547042,102,3892.716281
432.070932,86,3892.881333
543.791532,104,3893.088864
358.105309,71,3893.229138
700.46511,138,3893.496888
631.222866,126,3897.405334
427.522189,81,3897.568686
376.469005,71,3897.711303
502.439404,96,3897.86964
736.913531,146,3898.133227
587.842507,114,3898.337442
468.589808,95,3898.513873
540.851471,106,3898.715303
527.738895,105,3898.907295
657.522175,136,3899.148587
558.326959,111,3899.338233
528.120787,96,3899.501554
575.915219,116,3899.701422
555.870478,116,3899.907733
526.178597,102,3900.086937
714.576761,151,3900.35877
535.11824,104,3900.541986
745.453331,136,3900.779078
401.73775,81,3904.212001
448.743275,83,3904.354106
487.496854,95,3904.51351
493.612719,92,3904.663427
650.068725,121,3904.864487
639.855422,121,3905.071785
157.561758,31,3905.124478
401.975088,77,3905.253332
392.004029,76,3905.385237
638.396421,124,3905.602711
446.050441,89,3905.758833
794.116114,149,3906.017305
405.381385,77,3906.141732
489.67082,98,3906.30164
478.352386,91,3906.453099
452.249374,84,3906.589462
471.857521,93,3906.74845
722.389372,134,3906.966412
552.102493,104,3907.137031
539.839108,110,3907.318834
664.837988,120,3907.517306
453.780233,89,3910.862249
757.585343,152,3911.115178
599.30511,113,3911.297617
530.585323,98,3911.447135
462.974887,91,3911.597797
497.070465,99,3911.766951
488.884941,92,3911.931141
502.644524,95,3912.099256
563.805424,103,3912.284544
419.601106,87,3912.440296
354.919572,71,3912.564137
663.686094,124,3912.791409
781.244412,148,3913.070851
386.928568,77,3913.214513
772.559528,151,3913.481872
906.511096,174,3913.789906
784.583091,153,3914.062297
511.959634,102,3914.24595
462.617732,83,3917.864551
598.633134,109,3918.075354
679.770584,123,3918.314614
776.659646,158,3918.621513
508.132608,102,3918.824219
595.349267,116,3919.055211
525.783361,106,3919.267005
307.139939,61,3919.386266
455.200693,82,3919.542881
720.841362,142,3919.824741
521.123179,92,3920.008685
580.160167,107,3920.224284
323.600109,63,3920.351923
543.508986,117,3920.599794
558.901468,103,3920.803579
466.786869,87,3920.977131
444.466707,95,3921.169643
504.333499,95,3921.363756
508.470291,101,3921.566236
418.909838,76,3921.704517
551.759933,116,3925.154646
404.386736,74,3925.276411
516.326938,99,3925.431602
565.468915,105,3925.595616
509.124348,93,3925.746141
754.646593,142,3925.978766
499.514762,93,3926.141474
624.098906,120,3926.338944
517.694101,94,3926.497362
620.81121,116,3926.695857
562.95344,103,3926.873111
520.637813,104,3927.058767
508.836049,97,3927.226542
670.074948,130,3927.457364
527.460081,99,3927.62539
388.171095,72,3927.743029
456.730655,86,3927.886507
622.330335,119,3928.087437
549.251485,104,3928.255962
549.932807,104,3928.431691
538.602528,99,3932.093992
473.111773,91,3932.268361
403.102453,77,3932.415784
415.034437,76,3932.563237
494.130915,94,3932.745281
501.024996,93,3932.92466
470.093092,91,3933.101703
507.289609,96,3933.2895
475.202372,88,3933.456026
514.22758,92,3933.634911
555.536668,110,3933.855632
534.041713,105,3934.063127
487.889157,91,3934.239122
429.842064,82,3934.398167
493.78447,101,3934.597916
371.458374,71,3934.735316
452.262828,85,3934.897713
512.768284,99,3935.07322
534.447134,98,3935.23834
484.315248,92,3935.39745
644.137336,119,3935.610067
493.026263,93,3935.774702
489.6712,89,3935.926639
550.18079,97,3939.458657
392.813776,81,3939.559331
718.181035,138,3939.731835
631.731725,124,3939.889749
449.567916,80,3939.985998
543.372293,101,3940.143528
501.874111,95,3940.261226
562.778006,107,3940.435913
546.167966,103,3940.608617
442.871057,90,3940.772604
387.934727,71,3940.896376
477.022144,87,3941.040783
566.271267,103,3941.212054
482.076217,86,3941.35539
462.745275,84,3941.515785
588.591487,111,3941.73874
393.609714,76,3941.888039
587.101837,107,3942.105189
383.165566,72,3942.241949
726.557684,135,3942.507882
379.538979,71,3942.65137
747.171751,139,3946.222287
614.505286,131,3946.445845
349.431237,65,3946.550948
505.95195,103,3946.725524
555.961103,113,3946.904739
590.709877,110,3947.088727
473.321793,94,3947.239551
609.013012,112,3947.419237
497.370766,90,3947.581435
565.926246,100,3947.753144
548.666555,105,3947.934571
775.905101,145,3948.194089
466.990417,88,3948.3484
522.480843,96,3948.519148
700.288571,148,3948.786646
491.536073,104,3948.967084
483.913716,92,3949.115265
369.830193,70,3949.226405
491.991785,97,3949.391101
484.461055,94,3953.146374
429.439461,81,3953.30731
548.442176,104,3953.514156
458.671687,86,3953.68537
485.782448,91,3953.861104
489.925029,94,3954.054447
662.355896,129,3954.31387
783.157282,146,3954.564803
706.967648,135,3954.787038
552.525291,105,3954.969446
491.007087,97,3955.135966
261.104488,52,3955.22539
664.36981,142,3955.483575
448.163918,84,3955.633501
505.777924,92,3955.804039
492.153958,90,3955.9763
839.933633,158,3956.292703
457.436011,88,3956.464607
924.986908,185,3956.795244
716.966543,139,3960.55769
434.786626,83,3960.689015
484.399362,90,3960.817961
485.246947,85,3960.962332
510.400427,98,3961.107401
477.648295,87,3961.228649
634.597475,123,3961.38981
408.789955,82,3961.516239
492.970251,94,3961.655815
630.560409,114,3961.823401
447.759206,89,3961.95732
422.81654,82,3962.086599
479.682379,92,3962.233649
684.927294,148,3962.480705
407.820624,76,3962.615741
602.963355,108,3962.797949
356.910684,71,3962.916464
785.350026,155,3963.212333
448.422858,88,3963.386086
493.224703,92,3963.568353
506.912347,92,3963.74754
431.736656,84,3967.308429
463.665929,100,3967.471359
887.91827,172,3967.768047
530.61204,102,3967.943179
473.91725,93,3968.0978
450.483813,86,3968.230172
596.015567,111,3968.417413
447.223218,85,3968.558724
738.211431,140,3968.796455
769.059818,144,3969.03465
612.492997,121,3969.252886
530.148234,95,3969.423407
656.027336,122,3969.635837
789.470006,147,3969.891093
707.991352,145,3970.149684
559.395675,107,3970.33246
422.396832,82,3970.468986
528.200003,106,3970.64676
492.427847,93,3974.389125
512.453202,93,3974.569373
499.011155,93,3974.752475
533.795801,97,3974.941158
568.237681,111,3975.162147
438.5736,83,3975.295641
451.140257,89,3975.438853
625.00665,112,3975.623938
472.210056,89,3975.770919
417.182267,86,3975.9105
517.793034,103,3976.090158
572.055556,114,3976.280917
500.436256,89,3976.430206
533.302291,98,3976.585358
591.91203,106,3976.762489
473.535486,95,3976.930225
529.150599,102,3977.099599
495.023626,107,3977.290548
374.624689,76,3977.422869
574.180764,119,3977.636237
506.339729,95,3977.79338
609.048227,119,3981.362621
731.996244,141,3981.642207
457.294429,98,3981.833691
776.642498,140,3982.107859
572.147332,106,3982.319939
623.49986,114,3982.543023
406.940161,78,3982.700514
462.599317,87,3982.87478
505.896772,93,3983.057276
433.88737,81,3983.21707
424.357324,78,3983.373344
656.605172,142,3983.665173
465.556296,91,3983.853447
458.968488,87,3984.033392
433.715851,81,3984.19974
495.874588,91,3984.354462
403.16759,77,3984.475671
688.208141,126,3984.680572
553.064381,105,3984.85437
497.186279,93,3985.004667
614.331623,125,3988.60329
609.668664,108,3988.814709
798.625735,152,3989.08518
425.928026,83,3989.223901
827.803387,167,3989.509083
722.551986,136,3989.737671
541.775271,115,3989.940567
463.166008,89,3990.089335
558.360723,111,3990.281163
690.677498,140,3990.52
495.664326,101,3990.69032
717.795846,136,3990.923999
355.346018,68,3991.04317
499.510098,98,3991.20897
367.288481,75,3991.337847
632.054443,120,3991.547318
463.930518,86,3991.688772
593.988766,117,3991.897339
519.123778,98,3995.539581
512.644539,96,3995.69504
583.027098,108,3995.86718
516.545453,96,3996.025995
454.656401,88,3996.173668
582.47682,111,3996.370115
535.967025,105,3996.565192
392.332344,75,3996.697167
530.228643,98,3996.856771
582.38653,114,3997.049747
141.211096,29,3997.094354
566.670316,121,3997.294371
481.99942,90,3997.438434
498.261873,99,3997.614624
364.802856,71,3997.7272
430.692833,78,3997.850516
503.899511,93,3998.005373
315.79688,61,3998.111041
601.174036,111,3998.299529
464.386614,87,3998.440217
395.010915,72,3998.555777
387.423575,74,3998.679158
475.179237,89,3998.828295
572.952288,104,4002.384511
195.001618,38,4002.459718
432.69341,83,4002.623849
561.116826,120,4002.863701
536.365184,95,4003.050971
564.732252,103,4003.255471
538.676822,109,4003.47476
629.763555,118,4003.711183
519.710342,96,4003.897181
629.960356,129,4004.158987
565.16484,107,4004.374831
576.23277,108,4004.59156
726.926506,142,4004.886009
583.485423,114,4005.117352
482.873543,100,4005.32407
651.703716,118,4005.562589
463.166982,87,4005.73729
444.406699,81,4005.87205
522.201236,99,4006.029868
453.798624,87,4006.166807
419.602994,77,4009.774719
801.785026,145,4010.040322
365.037399,74,4010.169334
467.921871,86,4010.312534
487.557077,96,4010.474305
629.580145,120,4010.677979
470.44198,90,4010.833777
386.638753,74,4010.964646
625.087728,131,4011.20427
517.26648,98,4011.37004
625.36498,117,4011.573783
352.587065,67,4011.688555
536.512194,97,4011.84733
538.589968,103,4012.024615
395.35918,77,4012.156282
537.430123,98,4012.32835
638.304838,121,4012.53083
428.290461,79,4012.668221
513.487498,100,4012.850233
600.546337,120,4013.063534
600.498652,116,4013.289984
441.851757,85,4016.862326
489.677305,88,4017.0122
553.00916,104,4017.186056
603.355644,116,4017.374949
493.927145,95,4017.540592
384.611558,71,4017.659236
578.745883,110,4017.851709
543.5966,100,4018.018429
475.649637,91,4018.181393
822.563812,170,4018.488098
611.472205,111,4018.685886
467.260432,90,4018.833436
433.486731,80,4018.970651
381.172966,74,4019.097195
444.206785,93,4019.266289
449.046414,87,4019.417315
475.371128,93,4019.579355
592.378027,105,4019.758123
508.777638,90,4019.912429
449.442929,87,4020.056099
520.868484,102,4020.226866
417.610882,78,4023.765512
450.946602,81,4023.903276
407.308642,78,4024.032713
519.849797,115,4024.237559
616.966663,113,4024.427669
528.101335,96,4024.593285
515.011815,96,4024.770295
502.753322,99,4024.961598
555.757074,105,4025.168339
556.251233,103,4025.372987
667.195798,120,4025.608684
443.18392,97,4025.806878
417.477558,86,4025.978007
527.163753,97,4026.170432
493.129398,105,4026.38547
446.09278,98,4026.582257
553.10417,112,4026.802042
225.988725,43,4026.884989
472.349035,89,4027.059939
557.659216,115,4027.286779
499.499738,96,4027.473233
499.223578,93,4030.89018
470.361398,85,4031.030193
503.23257,91,4031.190777
625.29811,116,4031.388741
487.118995,91,4031.54609
519.982306,100,4031.720987
410.919144,79,4031.863188
476.415984,100,4032.049438
496.383866,106,4032.234814
676.376226,139,4032.488081
452.687412,84,4032.635691
603.778322,130,4032.859061
397.544957,74,4032.993473
535.846343,106,4033.183922
482.808087,92,4033.348244
508.571084,94,4033.50564
559.330745,104,4033.697847
402.02097,77,4033.826675
629.418482,121,4034.037061
613.686428,123,4034.245693
689.133659,128,4038.010745
548.449684,107,4038.184174
459.149252,87,4038.330332
502.963791,98,4038.487688
638.28084,125,4038.694306
610.160675,114,4038.884202
490.609042,91,4039.034366
485.320593,95,4039.197354
551.959379,103,4039.379931
433.241212,85,4039.525599
476.218287,95,4039.683475
449.888358,87,4039.840003
531.830357,105,4040.039624
527.509379,107,4040.225245
507.723356,98,4040.403029
422.974376,89,4040.554492
542.998324,109,4040.781358
428.163288,82,4040.942982
485.335777,90,4041.117764
561.469759,120,4041.360029
452.478333,84,4041.522918
651.458103,135,4044.934065
547.727028,98,4045.084002
534.921653,102,4045.255066
538.678622,112,4045.441702
589.342733,125,4045.661852
399.506252,80,4045.799161
727.410629,143,4046.027931
619.236733,128,4046.250027
466.329151,91,4046.414799
563.661107,105,4046.600438
440.455331,78,4046.737404
495.050646,92,4046.903584
533.529555,110,4047.100779
373.462244,74,4047.238769
627.538111,116,4047.452986
758.36601,137,4047.694196
587.302188,110,4047.88633
476.220997,92,4048.042331
640.650937,117,4048.241938
633.634535,115,4051.942801
566.35337,108,4052.136329
471.361802,95,4052.300263
457.318464,85,4052.442984
632.598181,107,4052.616223
351.698016,66,4052.724463
658.511561,139,4052.969249
514.092166,102,4053.148277
452.522022,87,4053.304476
462.412398,87,4053.451442
451.901002,88,4053.610114
504.963827,109,4053.810927
561.903753,103,4053.99554
513.780185,97,4054.170413
509.606688,93,4054.331726
364.979882,71,4054.461406
456.727758,87,4054.614646
574.33897,110,4054.805629
702.168475,136,4055.055081
594.723061,120,4055.277127
501.379239,91,4055.431611
339.651762,67,4058.844036
572.074948,108,4059.056089
399.294376,79,4059.21438
408.871346,78,4059.363185
535.518887,106,4059.58108
475.903235,101,4059.787876
571.795159,115,4060.029839
500.355075,101,4060.243984
589.36391,126,4060.510357
550.29838,103,4060.722785
400.724962,74,4060.872414
526.170797,100,4061.068743
477.198127,90,4061.251862
496.314504,107,4061.469103
568.736332,110,4061.692141
642.029229,114,4061.925651
516.156313,98,4062.123107
712.474446,139,4062.40514
424.421857,81,4062.570717
511.8293,100,4062.773252
466.396848,91,4066.297618
439.59575,82,4066.456133
483.350807,99,4066.651215
566.836298,120,4066.880172
578.091867,110,4067.080846
391.712591,84,4067.234568
648.505087,122,4067.462372
469.060261,93,4067.637572
432.623093,85,4067.793116
567.594189,104,4067.97589
475.769986,91,4068.138738
406.14096,79,4068.278478
407.896997,76,4068.413535
643.148878,133,4068.657017
783.327498,150,4068.922307
596.901975,110,4069.125709
636.319015,124,4069.334233
616.212067,130,4069.55906
577.734676,107,4069.744484
389.72214,72,4069.86115
591.009803,129,4073.573957
432.327136,83,4073.699455
480.369439,88,4073.8483
576.972266,113,4074.031875
464.9699,90,4074.180878
521.359934,100,4074.360684
408.842563,79,4074.50527
469.125169,92,4074.674443
602.986078,112,4074.876352
675.927782,136,4075.133815
965.319717,190,4075.472094
500.068715,102,4075.657566
477.651987,99,4075.837358
556.050348,111,4076.033545
422.76981,79,4076.171081
608.343031,114,4076.366592
574.419525,137,4076.613956
402.734168,78,4076.757927
553.637714,114,4076.970225
483.931796,100,4080.538873
406.744318,80,4080.660939
524.564189,97,4080.803963
394.358313,80,4080.940058
429.589662,85,4081.086129
612.909219,119,4081.28206
588.75823,111,4081.467268
613.067622,125,4081.678798
402.815451,80,4081.822059
588.073847,125,4082.039779
597.863281,111,4082.232377
581.46363,110,4082.426849
483.675525,90,4082.590641
412.236204,85,4082.73998
530.348244,111,4082.92901
640.803395,116,4083.117943
459.349441,93,4083.274585
597.160531,118,4083.474577
435.430932,85,4083.626108
430.525935,82,4083.762694
825.248435,168,4087.260517
434.243723,83,4087.398311
697.887709,139,4087.626
348.540055,65,4087.72941
485.35988,100,4087.898938
578.56221,116,4088.08937
436.846051,85,4088.228676
350.233129,72,4088.356278
454.319974,81,4088.496784
803.464368,153,4088.776345
455.252869,93,4088.951786
538.472301,96,4089.117608
531.719584,102,4089.300199
576.436389,121,4089.522567
490.845216,99,4089.697142
483.084058,86,4089.846392
450.831799,81,4089.983656
541.249213,106,4090.169341
572.481707,112,4090.366154
391.703545,85,4090.517344
542.996707,99,4090.691219
370.071743,78,4094.419926
565.270426,102,4094.582093
461.79117,87,4094.720389
460.53555,92,4094.87696
713.458229,139,4095.098047
443.159058,84,4095.229965
519.299721,113,4095.415745
640.294511,118,4095.620479
549.233042,105,4095.807202
407.651744,77,4095.941471
454.515763,83,4096.092463
466.853626,86,4096.247056
805.678438,168,4096.55871
610.122822,127,4096.78488
678.819826,125,4096.98805
420.257509,80,4097.125433
478.143616,89,4097.275373
476.8449,88,4097.42906
400.440476,86,4097.574098
454.959442,84,4097.718122
583.601718,110,4101.270709
449.883688,88,4101.426087
610.848841,128,4101.641133
485.144536,99,4101.814549
589.267698,114,4101.991427
873.634466,167,4102.274626
409.958692,84,4102.406161
628.95633,113,4102.59843
381.344132,73,4102.720836
341.23225,65,4102.827869
442.332653,97,4103.001736
464.607339,86,4103.15473
557.876918,106,4103.350486
594.837111,125,4103.572154
470.475065,85,4103.71634
461.077756,87,4103.889763
560.221103,112,4104.116365
489.41887,102,4104.326788
456.738408,93,4104.515175
498.881717,97,4104.704285
420.485122,88,4108.456941
569.058817,108,4108.638426
399.650027,78,4108.765849
379.736262,82,4108.910172
558.486725,110,4109.092896
461.425955,88,4109.243114
350.340854,68,4109.357764
556.139333,118,4109.565592
600.220042,114,4109.765033
469.58765,87,4109.919047
501.608027,102,4110.097067
446.183199,83,4110.245485
508.968697,100,4110.430127
509.40622,94,4110.600792
503.788788,98,4110.778486
570.850775,106,4110.96963
448.323691,81,4111.116675
559.157767,120,4111.340912
502.809703,101,4111.513324
485.091787,94,4111.671897
507.925227,98,4111.841456
475.952768,93,4115.427014
492.996884,98,4115.630222
403.799267,77,4115.782583
438.100584,92,4115.97362
415.650957,82,4116.144536
735.07648,144,4116.43871
539.521375,97,4116.634877
511.828757,101,4116.840348
443.5651,85,4117.013781
398.189787,77,4117.171689
347.604779,73,4117.318264
494.670771,99,4117.525224
494.662498,99,4117.733631
580.522271,107,4117.936351
498.455391,98,4118.120162
558.178823,101,4118.305373
203.889866,41,4118.379759
486.845421,101,4118.571253
745.524712,139,4118.828027
657.552086,124,4119.074383
523.836935,100,4119.27201
490.707798,94,4119.457313
634.239966,118,4122.90284
420.504475,87,4123.051245
502.530579,93,4123.210436
159.891312,32,4123.267004
526.300282,101,4123.445833
531.696802,112,4123.637782
605.170922,122,4123.852838
571.121049,102,4124.044178
505.628643,109,4124.238111
566.658484,117,4124.46155
467.487608,85,4124.609575
311.411038,65,4124.726418
442.6099,86,4124.880516
209.033709,41,4124.953271
581.024927,110,4125.157303
451.741565,94,4125.328597
548.005918,103,4125.511517
462.723098,88,4125.668169
489.038318,88,4125.816994
430.716747,89,4125.984757
442.176604,87,4126.170035
524.749755,95,4126.356277
605.732082,107,4129.766294
524.060687,108,4129.956606
613.979098,113,4130.150477
346.198508,66,4130.260245
611.775069,113,4130.452093
345.862443,68,4130.564788
379.162767,72,4130.684175
731.47703,161,4130.97925
676.895639,142,4131.232379
449.150004,88,4131.390536
487.833095,97,4131.557786
540.865209,99,4131.734146
416.294561,89,4131.893923
700.678444,129,4132.125248
457.499181,89,4132.286356
548.443046,117,4132.502175
383.091158,82,4132.648198
360.63191,74,4132.787656
512.538533,97,4132.952976
586.029096,107,4133.139262
483.914725,93,4136.816834
596.011934,109,4137.030408
529.108107,97,4137.215273
310.554364,64,4137.339485
433.42713,91,4137.526713
473.303816,98,4137.726345
661.970963,134,4138.001255
456.48524,95,4138.19375
602.126406,118,4138.433711
220.871127,49,4138.52813
443.275006,86,4138.705187
642.175965,122,4138.948232
483.814412,90,4139.12291
403.960768,76,4139.274091
650.026016,123,4139.494775
437.223133,87,4139.652268
549.078037,104,4139.838566
471.163915,96,4140.007451
495.638957,101,4140.185439
491.090764,106,4140.371139
354.048697,68,4140.483462
481.637742,87,4140.633687
543.749339,109,4144.15589
583.167484,121,4144.361301
782.038592,151,4144.608499
686.384028,127,4144.830306
531.150803,111,4145.018676
452.296995,89,4145.164859
435.456459,82,4145.307865
485.622913,97,4145.472289
572.486582,118,4145.668037
579.256338,116,4145.868559
397.204761,77,4146.001062
492.943825,101,4146.178956
492.492587,91,4146.327786
445.35945,85,4146.476478
510.001661,99,4146.640139
586.762291,108,4146.825962
621.808229,116,4147.028323
431.820185,79,4147.158164
479.733584,87,4147.285905
360.966367,77,4147.412416
644.809173,128,4151.148164
348.773605,76,4151.275503
496.932629,93,4151.426482
321.329606,59,4151.526283
487.599036,91,4151.687579
440.036116,84,4151.832635
449.067828,84,4151.977236
523.605336,113,4152.170725
570.123888,115,4152.379279
486.942036,107,4152.565968
581.969164,107,4152.757396
534.958444,109,4152.94635
363.010491,69,4153.067523
954.486744,197,4153.424141
407.71914,89,4153.579139
395.525227,73,4153.702548
413.754292,82,4153.847579
595.801691,116,4154.04134
533.789452,100,4154.209862
570.714904,121,4154.407219
618.311351,140,4157.77281
427.795233,89,4157.922436
617.57141,124,4158.124293
444.64371,82,4158.256318
245.683988,49,4158.334076
525.027321,104,4158.518408
710.023173,142,4158.735913
879.722305,178,4159.011765
513.851844,99,4159.174387
192.29272,37,4159.23474
556.01928,101,4159.404532
410.411,81,4159.545285
491.134111,92,4159.69525
585.056919,127,4159.919361
647.184601,131,4160.143261
638.049061,120,4160.346016
438.699466,83,4160.486223
470.352794,91,4160.643864
631.691741,125,4160.868414
494.18497,103,4161.055109
517.008664,96,4164.64183
511.423696,107,4164.80595
582.178017,112,4164.994843
409.677813,84,4165.14693
603.894128,120,4165.360908
414.292929,79,4165.494744
470.271154,90,4165.650892
529.631267,119,4165.854268
607.314892,114,4166.050954
696.368381,130,4166.281802
554.526972,104,4166.465861
695.056414,143,4166.708366
528.716722,100,4166.884439
582.291288,104,4167.063492
478.878881,92,4167.221211
518.244765,95,4167.388578
475.904643,91,4167.575891
501.371328,99,4167.774913
435.050483,88,4167.954534
522.147173,100,4171.834704
473.627786,85,4171.997843
559.198053,106,4172.210684
464.172789,95,4172.404651
761.250492,149,4172.706658
622.294833,110,4172.90249
711.211774,131,4173.123692
572.296325,108,4173.307281
669.172207,127,4173.525921
484.770762,90,4173.677374
860.485803,172,4173.972741
481.96967,97,4174.146538
620.103266,119,4174.364834
497.839473,90,4174.520812
592.044491,121,4174.742156
375.466321,73,4174.875274
597.723891,118,4175.085229
481.220042,94,4175.253819
522.047724,102,4175.425621
365.31267,72,4178.903105
559.192812,101,4179.070518
628.286398,119,4179.281079
511.071025,96,4179.442959
444.002411,81,4179.581264
149.731579,30,4179.630769
490.855243,93,4179.784359
458.13076,89,4179.928755
522.732971,109,4180.126171
340.291021,64,4180.236375
465.569221,87,4180.383072
467.218999,99,4180.554429
180.648479,36,4180.613593
531.943495,104,4180.792018
491.215968,97,4180.951991
634.577273,123,4181.159021
652.794408,120,4181.365315
622.007776,128,4181.589855
389.496466,84,4181.736713
402.396823,79,4181.870291
595.611193,115,4182.069389
568.371656,108,4182.245371
454.636804,86,4185.754763
442.357681,87,4185.909445
463.314689,100,4186.09381
681.577587,127,4186.31672
674.700122,135,4186.560513
686.159758,140,4186.798167
651.588429,120,4187.009551
402.384696,78,4187.147204
403.252557,77,4187.285666
475.531965,87,4187.439386
403.915066,78,4187.573208
419.230042,81,4187.714092
505.564365,94,4187.875395
199.256575,40,4187.950837
551.952338,104,4188.136685
484.255363,95,4188.305028
284.641853,56,4188.403528
526.733592,96,4188.570339
393.0619,78,4188.704824
722.76143,130,4188.934527
597.510219,113,4189.133503
606.47668,120,4192.661294
475.664048,94,4192.846986
505.048538,109,4193.063725
432.658321,94,4193.254918
349.80851,70,4193.389572
972.72025,194,4193.74897
426.095811,82,4193.895806
605.679559,112,4194.093249
851.237556,162,4194.383616
480.410931,93,4194.545993
415.691034,79,4194.682424
505.69929,96,4194.848366
682.904432,141,4195.100369
524.758244,104,4195.287739
431.237242,83,4195.42636
633.984447,126,4195.634882
306.30556,60,4195.735164
501.223836,92,4195.895356
448.755556,90,4196.058189
561.093723,108,4196.250845
657.010335,119,4199.843688
499.800568,96,4199.996542
404.734447,81,4200.132043
477.623811,93,4200.291788
476.248462,90,4200.450042
541.865985,107,4200.631176
442.506853,81,4200.761245
580.701898,113,4200.959744
487.062972,106,4201.159161
456.947977,92,4201.352259
668.475785,126,4201.606693
545.476099,104,4201.819168
514.048941,94,4202.007241
493.048101,90,4202.189267
547.024144,107,4202.402431
754.183343,135,4202.678838
601.982332,108,4202.896261
417.476644,83,4203.057189
536.630222,100,4203.254758
618.048118,126,4203.509925
245.013219,48,4203.60316
489.483033,103,4207.299336
438.094877,84,4207.441965
411.869606,72,4207.55834
616.125248,123,4207.765553
704.147171,134,4207.998487
399.367837,80,4208.134722
501.008533,106,4208.330134
508.420661,96,4208.506997
458.947732,96,4208.697599
592.369232,114,4208.918226
617.803249,118,4209.154848
449.070908,87,4209.330279
589.355071,110,4209.546958
611.704499,117,4209.780109
565.288257,111,4210.005974
612.244301,116,4210.234125
441.989871,84,4210.402311
637.573344,124,4210.649998
554.534029,102,4210.851614
486.734873,95,4214.466072
564.28837,108,4214.645698
460.87604,100,4214.806722
370.570108,75,4214.923954
328.668105,61,4215.025391
381.738838,81,4215.155767
516.714202,100,4215.326676
357.303345,68,4215.438952
455.503849,87,4215.58993
516.137254,99,4215.770661
466.125701,93,4215.937224
602.402168,116,4216.151733
337.697586,68,4216.267985
558.378908,106,4216.441634
510.768535,96,4216.600547
572.437514,108,4216.781926
519.19374,102,4216.959422
437.831397,82,4217.094519
604.732194,112,4217.282662
432.430994,82,4217.424946
821.773706,157,4217.683189
541.704405,115,4217.881798
479.293961,91,4221.311743
451.49006,88,4221.482049
460.525589,86,4221.647513
647.684027,123,4221.888289
445.680338,83,4222.046116
384.192071,81,4222.202158
568.250834,109,4222.406163
522.637411,100,4222.574363
619.553427,123,4222.803341
750.19897,138,4223.052733
411.450327,79,4223.190617
507.405312,98,4223.366827
455.383959,85,4223.530892
528.358601,96,4223.722535
559.139267,106,4223.929762
473.439743,93,4224.118063
401.534972,76,4224.273839
187.129752,37,4224.346249
491.098667,103,4224.552193
464.375818,98,4224.751227
530.187542,105,4224.960724
536.644029,98,4228.531547
582.171929,130,4228.74588
497.70914,99,4228.907823
501.958645,92,4229.063401
467.108708,87,4229.207291
577.144328,111,4229.39367
401.464258,80,4229.529381
657.652967,125,4229.740511
656.504328,138,4229.987568
458.922558,90,4230.149802
505.300475,103,4230.338189
517.029985,99,4230.511543
503.025917,100,4230.697471
449.652517,82,4230.831786
490.731264,93,4230.993298
415.915647,82,4231.128752
530.805428,101,4231.307771
861.801756,170,4231.607998
723.358463,139,4231.850522
569.953863,111,4235.638538
567.109842,109,4235.851395
591.932174,117,4236.089929
432.376289,83,4236.250366
430.899258,89,4236.428116
790.991358,150,4236.725173
485.255949,95,4236.90985
540.678216,104,4237.126256
180.120565,35,4237.196492
466.515634,87,4237.373485
655.861893,123,4237.626829
598.724603,114,4237.858143
427.827774,85,4238.030136
548.120484,105,4238.242857
400.12513,79,4238.398511
473.899292,102,4238.607535
570.852455,119,4238.85392
568.891377,107,4239.047047
504.171595,98,4239.215812
461.832792,102,4239.382481
545.008256,99,4239.547295
771.536774,144,4243.042467
595.923254,111,4243.2272
509.846013,101,4243.404407
476.225258,100,4243.57212
597.472643,113,4243.760298
556.939064,111,4243.943517
454.078682,92,4244.097213
729.882254,154,4244.359367
470.409464,96,4244.533589
640.09252,131,4244.766748
626.94615,121,4244.972596
587.604442,112,4245.166163
891.33383,181,4245.478489
538.58211,103,4245.647118
637.281083,123,4245.839308
638.766126,127,4246.032017
515.063321,109,4246.206448
448.479378,85,4249.7355
657.556032,128,4249.984881
501.288587,97,4250.150944
671.044489,127,4250.362714
449.031467,90,4250.506527
457.852799,91,4250.659884
511.373477,94,4250.82251
463.631897,88,4250.974004
473.628236,89,4251.129292
592.204791,108,4251.316163
463.336271,104,4251.494681
615.247912,131,4251.735372
538.519264,105,4251.928445
522.361723,103,4252.117924
479.881545,89,4252.27755
425.704491,88,4252.431082
534.503741,103,4252.611975
550.399609,108,4252.800427
698.952365,133,4253.030528
758.829616,139,4256.617314
654.879514,132,4256.885427
655.928288,130,4257.14852
593.057966,127,4257.406958
634.683133,122,4257.649064
454.871001,90,4257.828295
456.290602,86,4257.99259
518.377678,113,4258.218012
404.548975,78,4258.374295
537.644659,110,4258.602005
490.341953,90,4258.784718
781.376936,153,4259.08985
481.423101,92,4259.258283
578.024649,106,4259.453007
656.877603,125,4259.684852
460.850076,91,4259.847414
355.864897,69,4259.964587
742.931507,137,4260.214891
666.448052,138,4260.454039
714.880875,130,4263.948364
493.742036,107,4264.114335
423.328435,82,4264.250026
462.329215,93,4264.406606
493.438745,97,4264.580763
625.912366,116,4264.775772
624.211979,117,4264.980617
459.390651,88,4265.132322
665.282094,130,4265.371526
372.102774,82,4265.514935
573.233106,124,4265.734191
633.417114,128,4265.961278
464.088986,98,4266.134692
498.739902,103,4266.325688
474.620081,91,4266.493082
654.215989,118,4266.703621
535.896811,100,4266.882212
701.812342,133,4267.116637
617.920615,119,4267.326617
505.451234,102,4271.033895
438.290439,82,4271.185189
444.145286,94,4271.372675
597.577834,110,4271.577327
623.440122,119,4271.803214
553.044461,104,4271.998984
314.731424,61,4272.119897
578.888361,123,4272.362823
449.778032,96,4272.521646
617.391572,130,4272.753824
611.631487,119,4272.958797
456.684069,88,4273.122152
524.741086,97,4273.287347
457.195809,89,4273.442647
478.556703,88,4273.602697
501.470958,97,4273.784384
511.071189,97,4273.950145
465.006616,90,4274.10213
560.859351,110,4274.298329
422.789137,86,4274.451485
600.282604,121,4278.068516
520.327494,95,4278.256298
485.332881,102,4278.466136
397.993812,74,4278.611774
509.000453,96,4278.778111
431.230319,87,4278.926171
490.280359,101,4279.085631
545.831661,100,4279.243608
696.969854,132,4279.47737
563.01246,107,4279.660269
339.496951,69,4279.780526
498.22133,92,4279.936992
426.784272,83,4280.072844
750.05115,155,4280.342484
526.854159,97,4280.512077
505.023148,102,4280.691013
566.737721,102,4280.865796
520.512373,96,4281.038005
478.047443,103,4281.215201
523.60105,113,4281.418916
498.163087,94,4281.590581
780.16175,150,4285.261376
586.459405,109,4285.473454
473.6394,88,4285.649341
387.87518,82,4285.813734
461.829966,86,4285.982377
538.270796,107,4286.199625
661.368551,127,4286.45838
459.361905,88,4286.631798
485.880108,98,4286.827964
539.384025,108,4287.042263
555.252053,108,4287.260034
461.022408,85,4287.431994
445.287773,93,4287.622123
509.824165,108,4287.843681
485.799617,92,4288.033364
510.850978,102,4288.237853
559.092895,117,4288.488504
455.984533,92,4288.678622
573.92061,110,4288.899702
659.759591,125,4289.150614
821.459797,153,4293.085714
572.967289,115,4293.296644
661.605998,130,4293.51914
527.807064,106,4293.703573
557.559305,113,4293.89745
576.132275,110,4294.090215
578.58028,122,4294.298313
475.135004,98,4294.473681
317.515904,69,4294.591557
482.4612,92,4294.745898
428.130283,83,4294.89233
421.82846,93,4295.059285
383.06949,72,4295.187563
557.612318,105,4295.373595
595.052417,110,4295.567354
670.675704,130,4295.79952
558.090665,117,4296.006197
525.528925,112,4296.197382
479.310232,86,4296.337279
638.202116,123,4299.964406
635.177694,124,4300.221412
546.83603,107,4300.435406
520.812671,103,4300.638652
720.168972,135,4300.916591
485.460329,105,4301.13024
532.642712,100,4301.329406
646.436848,120,4301.570139
522.597434,106,4301.780295
462.150367,92,4301.961631
552.369086,106,4302.1615
500.439978,105,4302.350229
488.886762,93,4302.517026
474.567726,104,4302.702629
400.537967,83,4302.869878
451.866192,98,4303.065228
587.59386,104,4303.269213
301.071077,59,4303.383643
333.626201,64,4303.507264
483.822102,91,4303.680932
609.294763,112,4307.366862
600.939784,111,4307.566608
588.228354,121,4307.780307
498.736082,97,4307.949715
469.18664,94,4308.118025
496.629859,92,4308.274042
625.180902,116,4308.485123
615.402172,111,4308.676706
440.942475,88,4308.831053
601.742179,114,4309.037453
424.964192,81,4309.179676
516.110926,100,4309.357268
515.257688,96,4309.526224
441.352046,84,4309.676755
638.833118,121,4309.910844
477.628666,92,4310.096932
432.544606,80,4310.251745
515.639382,97,4310.443815
434.618953,86,4310.619503
596.531001,112,4310.840564
493.893475,98,4311.041195
469.912895,90,4314.531317
509.54244,93,4314.695675
901.530315,178,4315.000081
550.548011,113,4315.199352
622.413037,121,4315.403084
475.806534,91,4315.552207
613.326611,118,4315.753427
716.48361,154,4316.01726
478.724268,90,4316.166436
635.16378,123,4316.38019
748.884288,162,4316.668126
483.700772,95,4316.827458
520.610804,95,4316.988386
418.112158,89,4317.144752
542.372052,119,4317.346906
458.648098,89,4317.495444
559.182599,104,4317.672114
308.581021,63,4317.780188
442.98839,83,4321.411121
429.958882,93,4321.567031
644.142524,130,4321.784652
495.738834,100,4321.950398
437.633471,84,4322.084582
620.344053,119,4322.283174
437.739074,80,4322.414111
425.134278,78,4322.538653
702.365582,132,4322.753656
526.174681,99,4322.921565
562.207388,108,4323.11072
445.262405,87,4323.252958
605.997475,113,4323.446692
560.721171,103,4323.61523
483.882154,97,4323.779642
479.779785,103,4323.952302
472.951178,89,4324.109661
674.387449,126,4324.337342
296.784101,55,4324.428883
654.551038,134,4324.654824
427.917984,82,4324.795046
568.45217,122,4328.464526
564.884498,104,4328.642096
570.122454,102,4328.820619
600.75007,126,4329.047527
514.891106,95,4329.211749
420.248725,92,4329.377049
503.211581,100,4329.553088
580.387217,111,4329.752297
414.596619,83,4329.895642
632.872666,115,4330.095464
553.330132,106,4330.284683
413.934359,77,4330.416827
454.742646,88,4330.567029
424.851119,85,4330.725206
538.374441,107,4330.916077
560.136129,120,4331.125854
518.040922,103,4331.301651
465.37947,89,4331.459869
580.407275,104,4331.642892
707.047132,134,4331.877703
217.101347,49,4335.026148
591.74454,107,4335.201178
459.935497,88,4335.354707
565.057749,121,4335.556665
119.736469,25,4335.593601
479.344345,90,4335.730201
597.497108,112,4335.885016
472.765584,92,4336.038751
677.66642,132,4336.270645
525.087145,99,4336.445653
470.665554,99,4336.616479
687.872349,129,4336.841093
429.443267,92,4336.992097
388.388171,75,4337.119074
429.575581,82,4337.257341
575.464159,107,4337.441853
469.783328,90,4337.604464
672.597366,130,4337.842696
467.709833,103,4338.023438
664.645799,136,4338.266417
427.530748,91,4338.428612
467.0335,96,4341.998166
478.588836,93,4342.150136
746.216069,140,4342.37686
654.418292,138,4342.598971
484.439401,101,4342.761867
459.465065,91,4342.910731
464.186459,91,4343.066584
428.019858,84,4343.210432
511.970376,104,4343.38882
583.858638,105,4343.564423
419.703358,89,4343.717944
424.268336,78,4343.848958
379.587724,82,4343.999777
475.312441,97,4344.192675
518.202744,97,4344.383269
463.931581,101,4344.588377
437.216269,79,4344.747726
608.458336,131,4345.010472
521.236115,109,4345.221784
637.784214,123,4345.464363
553.027206,108,4349.150777
488.646271,94,4349.301656
533.377065,105,4349.480195
419.899263,87,4349.622396
502.43083,97,4349.772178
532.377371,107,4349.954088
483.579667,99,4350.118509
689.917779,135,4350.341083
421.535354,78,4350.46889
571.434372,109,4350.649434
814.704225,157,4350.920472
563.38282,122,4351.137277
520.553922,112,4351.337079
481.031025,102,4351.527263
437.922088,80,4351.660766
393.419978,77,4351.791332
644.716043,118,4351.990162
667.876962,129,4352.20945
626.955228,139,4352.444836
632.770887,136,4356.129339
448.883401,83,4356.300168
498.501278,100,4356.50525
516.098412,97,4356.690454
505.49863,94,4356.87973
783.687226,147,4357.17259
591.469755,109,4357.386405
564.220816,104,4357.582845
551.4175,119,4357.781318
159.084844,32,4357.838435
594.539364,114,4358.03427
416.883287,80,4358.174286
547.0358,117,4358.374329
732.665156,135,4358.611899
559.119888,116,4358.806386
448.982214,95,4358.984792
431.026109,87,4359.129649
411.818948,84,4359.280998
641.72834,131,4359.500875
536.323528,99,4363.121575
528.533852,105,4363.295298
417.826621,80,4363.425431
471.814744,94,4363.57048
504.600453,96,4363.717297
663.819116,113,4363.902181
419.831506,90,4364.05747
461.205737,88,4364.194117
534.462832,112,4364.385793
352.159833,70,4364.508278
575.603862,111,4364.681987
415.996063,78,4364.804056
667.927757,118,4364.998692
492.416053,95,4365.162969
94.15968,20,4365.196184
627.556595,128,4365.406308
524.324246,114,4365.597547
338.264159,65,4365.708131
522.052896,98,4365.864491
597.920748,120,4366.062913
536.131681,110,4366.235394
607.88386,116,4366.42389
434.76535,84,4370.028091
539.767415,102,4370.222349
690.911189,137,4370.498086
459.968862,88,4370.668103
483.689211,104,4370.875137
815.216872,175,4371.182494
667.461869,128,4371.395014
555.483306,103,4371.55907
710.675347,134,4371.775863
460.781273,88,4371.918768
429.593735,91,4372.076117
664.826147,143,4372.317405
454.904568,98,4372.486476
330.94697,64,4372.601341
471.655133,93,4372.755801
483.184444,90,4372.902421
470.734226,88,4373.044935
82.541414,19,4373.068846
459.543939,86,4373.207642
505.302826,104,4373.387727
436.92074,90,4376.896544
329.454224,65,4376.998449
531.865575,106,4377.172663
566.302357,113,4377.362782
419.548548,90,4377.515156
631.563361,124,4377.721862
679.950192,129,4377.937703
511.546954,100,4378.101923
473.148465,96,4378.258311
408.242634,81,4378.384457
492.129866,96,4378.535205
686.971917,135,4378.766879
586.864861,126,4378.982343
339.395348,66,4379.087749
369.007457,70,4379.193465
423.538712,80,4379.331356
518.568591,96,4379.487042
536.91918,101,4379.647627
506.705629,107,4379.830705
415.486958,85,4379.967824
703.841336,140,4380.186188
517.080342,95,4383.616784
647.816976,123,4383.818612
484.840325,102,4383.989513
540.925018,106,4384.170907
495.245705,95,4384.322638
493.879854,91,4384.473511
577.947218,105,4384.656775
719.929398,134,4384.880667
529.374222,107,4385.062159
444.291103,85,4385.205348
517.650915,113,4385.39988
564.308571,101,4385.565167
862.13071,183,4385.850596
597.952877,127,4386.051056
770.484445,138,4386.270719
482.6912,91,4386.414676
540.079677,116,4386.605229
529.804211,100,4386.758917
623.353416,125,4390.329595
482.523494,91,4390.48264
546.710769,101,4390.648103
390.507701,74,4390.768174
397.652591,72,4390.884073
436.874917,81,4391.015012
420.892122,86,4391.148726
431.729749,84,4391.279819
654.562835,126,4391.485039
468.565454,87,4391.624271
460.812049,92,4391.776858
692.064684,135,4391.999605
418.684423,77,4392.125954
729.411359,136,4392.348452
586.097637,110,4392.523911
643.641596,127,4392.725786
516.040109,101,4392.871936
647.07863,122,4393.07418
403.302255,81,4393.201242
412.597523,79,4393.334785
469.848806,89,4393.484391
490.30713,105,4397.03353
656.674785,123,4397.24433
601.137733,123,4397.458045
645.726907,127,4397.665521
555.75868,106,4397.846055
556.840787,107,4398.028654
611.118104,118,4398.229167
703.547312,130,4398.460508
716.594345,136,4398.686311
494.029815,98,4398.85901
689.615505,132,4399.080744
464.446508,91,4399.230803
626.486495,120,4399.417802
364.934244,71,4399.532086
485.994912,101,4399.698561
520.621005,99,4399.851981
482.295288,89,4399.991145
472.20015,94,4400.13519
526.883193,107,4403.753177
542.099824,110,4403.940914
617.544646,112,4404.13397
615.486074,116,4404.322328
487.899258,108,4404.50512
441.581959,83,4404.644879
388.358838,81,4404.789471
565.353195,109,4404.965406
425.410898,82,4405.102542
462.428183,88,4405.251596
457.619823,99,4405.416604
367.933925,71,4405.529095
489.28392,97,4405.697566
463.536237,88,4405.859106
606.444349,127,4406.090003
782.017637,144,4406.337926
490.155118,103,4406.515384
555.87935,101,4406.683379
583.485846,110,4406.865136
627.240741,121,4407.056282
496.739002,92,4410.409171
551.437051,111,4410.591717
619.396386,118,4410.778915
390.193452,81,4410.910009
536.59644,103,4411.090701
491.625679,102,4411.267238
478.893885,92,4411.419094
523.07331,100,4411.584635
620.770684,114,4411.771264
430.827372,89,4411.915038
429.587605,82,4412.053099
477.251246,87,4412.200041
441.337388,85,4412.339259
413.060496,90,4412.499587
441.880802,85,4412.640082
577.437183,103,4412.805121
504.260187,92,4412.958924
597.338279,109,4413.140887
485.969614,93,4413.297368
479.672114,91,4413.449974
505.936052,106,4413.629628
633.633518,122,4417.232304
577.380699,116,4417.427445
454.130482,83,4417.556531
636.7432,117,4417.731258
627.347919,126,4417.934988
441.032727,84,4418.0641
420.105116,92,4418.212832
456.049254,87,4418.34463
690.761513,126,4418.555751
657.268441,132,4418.768061
459.797699,95,4418.92884
461.968137,87,4419.068725
402.644325,82,4419.213487
258.39607,51,4419.299824
582.220871,116,4419.492213
133.796036,27,4419.5413
527.73256,95,4419.703656
877.60157,166,4419.992661
619.65922,123,4420.193299
583.554618,112,4420.37408
507.30873,100,4420.544671
430.658802,81,4424.266289
810.49384,152,4424.568021
640.856721,119,4424.789037
629.785841,127,4425.005785
500.610305,96,4425.159487
665.62252,119,4425.346326
656.43282,135,4425.572536
440.568385,86,4425.721162
482.136836,94,4425.875703
502.923441,99,4426.044258
748.849867,156,4426.321171
634.33014,118,4426.519617
665.646227,132,4426.742908
462.460181,89,4426.882871
412.689966,89,4427.03682
662.171696,134,4427.271111
523.478025,107,4427.462936
557.103621,102,4427.637537
516.669062,101,4431.199407
413.429693,81,4431.353226
517.687301,101,4431.549173
433.096339,91,4431.7291
576.994932,113,4431.950238
488.595286,92,4432.125593
442.625457,84,4432.284516
433.160457,85,4432.448061
508.817504,107,4432.65917
364.631643,77,4432.804452
530.646465,108,4433.008842
566.965184,114,4433.196002
593.767627,126,4433.418995
396.908014,75,4433.535652
436.155715,87,4433.680448
403.624553,76,4433.799026
482.79879,94,4433.954327
668.130638,144,4434.19457
594.766494,112,4434.378552
612.285045,117,4434.590913
582.744455,110,4438.12085
448.069799,85,4438.251809
675.123111,131,4438.472148
385.008395,72,4438.600963
585.066674,114,4438.791227
482.965693,93,4438.925803
577.580396,107,4439.105438
532.848106,97,4439.270245
223.248499,42,4439.340855
615.635954,119,4439.558996
640.882196,119,4439.772464
425.022664,79,4439.910115
452.832302,83,4440.063518
563.758011,117,4440.272666
116.190958,24,4440.314011
454.542076,87,4440.449172
578.239057,110,4440.630013
364.882082,68,4440.743261
465.385441,89,4440.887443
415.642398,85,4441.03107
514.191572,100,4441.205939
617.286463,129,4441.420376
466.85678,93,4445.056077
623.852306,115,4445.277693
589.491346,104,4445.47507
552.025798,110,4445.685623
497.405356,105,4445.887925
559.21093,104,4446.077525
578.373368,108,4446.255983
462.342947,89,4446.406323
552.743915,100,4446.567111
753.770874,150,4446.819667
412.378256,80,4446.95304
383.777296,71,4447.068826
527.223796,95,4447.230417
439.79461,85,4447.384673
560.925698,105,4447.568866
485.345418,91,4447.722759
498.65187,94,4447.889385
533.520265,109,4448.079235
515.828742,108,4448.255621
470.786101,100,4448.423337
554.495168,104,4448.590471
444.247107,85,4452.064192
499.991832,95,4452.21731
465.873528,98,4452.384834
571.761152,113,4452.568355
693.456996,128,4452.786193
486.144674,108,4452.960634
586.965393,122,4453.16126
561.017609,105,4453.334251
259.226208,50,4453.414659
744.827165,143,4453.669537
475.868222,105,4453.857966
448.596726,86,4454.005346
613.690664,111,4454.196244
406.361262,81,4454.335612
539.691717,101,4454.501768
519.030907,108,4454.688372
518.61037,103,4454.871507
517.579285,104,4455.048237
662.261764,126,4455.266142
439.722461,88,4458.967221
483.316133,98,4459.130968
446.31497,84,4459.276687
700.647468,150,4459.512221
635.393597,132,4459.705665
959.558235,180,4459.989708
543.579974,102,4460.159505
483.148332,96,4460.314013
424.283379,81,4460.45472
455.434648,85,4460.606996
460.568772,98,4460.779726
685.075608,145,4461.038117
577.473049,105,4461.217926
466.648599,91,4461.373917
551.665931,100,4461.546639
683.143989,130,4461.772209
418.136579,79,4461.908321
551.545707,109,4462.09421
532.945324,102,4462.260753
557.401584,105,4465.857056
691.154969,128,4466.109507
510.272399,94,4466.28846
663.679046,138,4466.558473
501.019438,91,4466.734729
459.813172,88,4466.899517
455.867837,88,4467.066078
639.69792,118,4467.296772
679.269442,125,4467.544464
525.348358,106,4467.756472
749.655624,139,4468.01915
705.013222,129,4468.241918
523.526669,99,4468.412495
501.054701,96,4468.57328
686.084082,129,4468.785551
491.629841,95,4468.933766
463.159619,87,4469.078468
587.85888,107,4469.248481
341.559532,67,4469.361188
417.508207,80,4469.490516
359.928815,68,4472.928888
397.513724,72,4473.036911
704.438766,144,4473.276921
604.465417,116,4473.468621
458.009697,100,4473.639399
606.674638,130,4473.842592
454.662279,93,4473.993354
387.331544,73,4474.122599
481.045387,98,4474.289692
492.340748,98,4474.451306
500.708265,109,4474.637467
695.403942,134,4474.851968
686.75797,131,4475.075268
482.276078,90,4475.230262
554.945387,109,4475.426064
692.004926,126,4475.634672
555.525127,100,4475.798069
171.136354,37,4475.856078
364.635683,67,4475.958479
433.733716,91,4476.094743
502.259756,108,4479.658705
449.643848,83,4479.790269
451.86309,85,4479.927807
593.652437,120,4480.104471
492.340577,93,4480.247203
654.614851,129,4480.458086
405.814244,77,4480.576667
485.005382,90,4480.719523
549.786316,113,4480.90835
134.801762,27,4480.950687
622.565748,114,4481.130308
550.285554,105,4481.299621
504.462209,94,4481.457441
716.861697,147,4481.719776
550.296571,105,4481.920984
472.413284,89,4482.094224
450.514203,87,4482.263749
434.120268,89,4482.436691
655.255468,123,4482.680622
478.316611,92,4482.862717
456.367098,85,4483.025301
489.187444,93,4486.543504
593.982631,113,4486.758698
585.041145,119,4486.992568
521.078996,96,4487.177469
558.882228,104,4487.382012
355.249115,66,4487.504828
647.556448,122,4487.742593
419.257062,77,4487.890132
149.013922,30,4487.946861
474.127496,105,4488.159587
411.220471,79,4488.311389
509.141087,93,4488.493434
519.45551,102,4488.697938
532.347743,107,4488.909634
574.037239,113,4489.132077
594.842696,108,4489.344979
617.179218,112,4489.530148
607.730261,120,4489.725027
527.95426,98,4489.895786
508.8784,108,4490.074976
522.757682,95,4490.24411
569.062922,110,4493.780052
669.980226,122,4494.015614
523.524055,102,4494.210372
656.197837,125,4494.447271
488.046755,91,4494.623571
692.902419,134,4494.883916
368.808774,72,4495.026725
386.143177,69,4495.157617
468.072855,87,4495.322694
530.138431,100,4495.513299
649.690703,132,4495.768622
877.042902,175,4496.106791
539.765164,116,4496.332018
441.603751,80,4496.485189
383.867852,75,4496.628988
611.377422,111,4496.841617
393.285367,73,4496.980929
404.130007,72,4497.123755
639.902588,121,4497.363578
497.7862,87,4497.527374
657.93843,128,4501.086163
523.086472,99,4501.207804
380.890878,78,4501.314873
501.92323,100,4501.465362
513.129541,93,4501.601765
366.640839,68,4501.703951
589.235807,107,4501.868018
629.232835,111,4502.033855
494.505654,90,4502.167747
540.973426,101,4502.331006
495.461338,95,4502.474389
573.542038,110,4502.648566
559.731364,123,4502.84225
455.820317,95,4503.010987
486.788728,94,4503.168742
492.544353,96,4503.334866
632.820428,118,4503.545001
581.992409,115,4503.75418
475.138609,89,4503.914171
599.759804,105,4504.099761
613.198136,113,4507.66213
437.532031,82,4507.799379
769.976779,151,4508.032588
705.611421,135,4508.254773
910.408758,175,4508.539538
499.925754,97,4508.690633
701.56159,133,4508.9068
262.785212,52,4508.986584
506.86039,100,4509.1483
468.737091,88,4509.289775
367.459993,72,4509.409633
584.45134,112,4509.593042
540.249054,107,4509.757228
363.385918,71,4509.871465
524.292572,100,4510.018549
429.929879,86,4510.162132
593.001782,110,4510.338231
459.414232,98,4510.498941
733.245578,135,4510.717233
599.282321,103,4510.888324
486.318716,100,4514.441616
686.408796,131,4514.690669
591.7017,113,4514.913547
328.038442,67,4515.034921
521.87464,98,4515.226711
465.794863,87,4515.388323
685.126556,129,4515.632106
495.762637,96,4515.82146
492.688849,90,4515.997588
396.531091,77,4516.122842
424.328353,84,4516.263599
450.832857,91,4516.417557
466.737901,93,4516.56984
424.2724,86,4516.721701
444.226897,82,4516.841466
623.967009,127,4517.049651
454.791261,93,4517.207003
478.019205,96,4517.375411
670.888079,137,4517.594903
404.501872,78,4517.722843
448.273159,88,4517.874323
586.17897,110,4521.493727
640.793199,126,4521.690784
476.649424,92,4521.831346
454.609213,91,4521.97335
740.923663,142,4522.192713
563.462093,106,4522.360825
488.708463,97,4522.505595
360.031631,68,4522.610818
501.572784,107,4522.773862
707.859843,126,4522.958279
555.760809,108,4523.116626
472.521352,86,4523.241791
500.871741,95,4523.391569
399.689373,76,4523.50837
465.930636,88,4523.63596
428.287351,81,4523.75768
468.403603,96,4523.903049
394.680153,75,4524.011925
429.46045,83,4524.145151
532.492384,108,4524.32086
497.336833,96,4524.487015
436.013101,86,4528.052208
695.919216,131,4528.284488
567.111857,126,4528.477238
772.743643,136,4528.701911
933.115845,192,4529.032067
479.480575,94,4529.190972
515.594968,90,4529.333583
648.846249,121,4529.519303
486.90605,87,4529.66443
427.41776,82,4529.822068
316.4301,61,4529.934643
976.457122,179,4530.291167
420.11387,87,4530.461703
457.721295,93,4530.644375
439.231483,91,4530.826193
433.100763,83,4530.987995
512.751112,96,4531.184037
366.243361,73,4531.327243
282.60912,56,4531.433492
623.720903,114,4535.164171
392.52342,77,4535.295922
631.790906,116,4535.490852
406.332319,78,4535.607111
684.888921,131,4535.811717
627.007543,118,4535.994672
616.120524,125,4536.193934
687.304364,135,4536.401541
244.195468,47,4536.469219
461.389247,95,4536.62993
444.738165,84,4536.748369
627.492288,115,4536.935034
527.843894,112,4537.128214
621.836959,114,4537.320945
170.444208,34,4537.369896
542.5814,115,4537.578298
350.768252,75,4537.691919
422.197632,85,4537.824143
636.910106,115,4538.011521
554.832863,100,4538.171316
468.625261,89,4538.334981
531.024495,97,4541.970251
551.565496,108,4542.156724
706.596403,130,4542.352365
520.609506,93,4542.492505
424.446296,86,4542.618452
666.290964,122,4542.819617
455.521006,83,4542.951534
613.825008,113,4543.135113
140.559216,29,4543.17305
424.732917,82,4543.306163
586.519247,123,4543.503078
408.431809,77,4543.61902
485.185955,100,4543.77365
436.16271,88,4543.909929
498.320779,94,4544.066615
554.561847,103,4544.217045
617.22136,118,4544.407432
409.651611,83,4544.547337
438.456222,87,4544.682324
552.114373,102,4544.880629
436.221665,98,4545.074825
551.6282,111,4548.721335
496.92874,105,4548.898589
375.476118,80,4549.031631
578.96894,109,4549.207774
592.105552,112,4549.396898
427.141589,85,4549.538978
507.938966,97,4549.682818
549.485996,116,4549.885424
393.628673,81,4550.01569
524.298738,98,4550.177272
421.803883,78,4550.30452
681.514446,128,4550.496851
483.406702,88,4550.637983
492.696098,89,4550.776944
580.005156,109,4550.94352
731.611023,132,4551.156266
382.999782,74,4551.274956
298.347769,61,4551.377839
723.13316,133,4551.604779
430.902999,81,4551.71755
388.016048,76,4551.833742
360.749984,71,4551.933014
251.212486,49,4555.485084
608.986899,136,4555.700612
363.162487,76,4555.815596
461.536808,98,4555.966206
355.641666,76,4556.083733
505.333704,98,4556.236382
581.024541,105,4556.414617
444.429,94,4556.555922
425.423897,80,4556.671166
384.207264,71,4556.777777
386.340682,74,4556.886988
533.85024,100,4557.043407
580.237724,112,4557.215246
500.592317,94,4557.361761
382.74853,78,4557.485481
583.886425,109,4557.662881
481.449163,99,4557.814302
322.131151,63,4557.916404
318.98383,68,4558.027909
447.056584,86,4558.149209
531.082794,103,4558.313589
590.232775,119,4558.513468
370.654881,84,4558.647657
411.105014,75,4562.15959
606.424377,112,4562.377451
540.75374,99,4562.565331
523.164047,104,4562.755737
588.773485,109,4562.959761
393.103757,86,4563.128111
527.768559,96,4563.312954
594.141172,109,4563.515561
416.547741,80,4563.665516
889.10745,174,4563.998148
397.717061,76,4564.139163
501.751786,97,4564.323939
435.034984,82,4564.47665
442.312578,81,4564.630816
732.027721,139,4564.894408
540.015779,102,4565.090277
518.131117,98,4565.280981
201.280611,40,4565.352981
420.449175,85,4565.516716
454.780249,89,4565.688446
388.96847,71,4565.82499
504.263423,99,4569.554658
469.543818,90,4569.728313
390.379707,77,4569.862202
418.58085,78,4569.988179
588.44343,110,4570.162549
554.218657,113,4570.336068
453.781699,93,4570.498646
599.695309,111,4570.71506
812.481848,174,4571.058256
600.535937,111,4571.256462
700.468711,130,4571.459159
475.49502,86,4571.598607
524.629177,102,4571.754636
858.384695,166,4572.039433
419.608136,85,4572.178684
377.484029,71,4572.287798
422.917334,77,4572.403396
362.367472,80,4572.542922
587.947751,112,4572.733325
388.050436,73,4572.840789
447.167161,81,4576.28553
527.100893,94,4576.44416
349.551717,67,4576.546296
215.245515,42,4576.61115
464.085231,87,4576.737056
392.447031,82,4576.865701
502.954803,97,4577.009349
553.119275,102,4577.163808
428.926716,97,4577.304751
547.154855,101,4577.477976
384.625858,72,4577.604547
548.918385,99,4577.774256
519.705228,96,4577.944257
666.716019,120,4578.15646
721.385147,135,4578.396677
562.483068,106,4578.593464
305.052327,59,4578.7034
487.010646,94,4578.883288
543.010481,105,4579.088874
704.346489,138,4579.35112
390.020955,75,4579.493518
428.318342,81,4579.648647
508.729501,102,4583.168559
514.69998,95,4583.328854
399.311309,76,4583.437933
397.643639,74,4583.561817
431.828043,88,4583.699363
519.431557,107,4583.873458
691.556691,129,4584.08643
419.216034,79,4584.216385
513.258262,97,4584.374254
717.777287,138,4584.596215
372.130505,70,4584.715454
299.378255,55,4584.790635
422.094269,86,4584.913841
389.934894,72,4585.037292
471.062773,86,4585.147014
442.953221,95,4585.271229
417.463617,79,4585.367198
505.223104,109,4585.51016
270.402434,53,4585.586105
418.797275,81,4585.71102
464.072661,85,4585.828648
487.796005,87,4585.963681
594.026875,107,4586.120063
256.31307,51,4586.191668
491.795312,93,4589.905181
570.690239,120,4590.137821
484.424134,92,4590.323008
449.718009,81,4590.476517
621.836087,116,4590.704707
495.755749,94,4590.885821
533.415879,102,4591.088087
387.208378,76,4591.23436
453.930598,95,4591.420062
415.079473,82,4591.568881
667.377864,126,4591.810298
552.689788,102,4592.001833
479.652979,99,4592.192395
418.605073,79,4592.336671
422.718703,82,4592.497037
487.125933,93,4592.674315
378.887231,73,4592.810438
356.652993,69,4592.942944
569.070676,104,4593.141225
506.953952,105,4593.345295
396.684526,85,4593.5053
520.908597,95,4593.681554
365.0614,69,4597.21156
545.633562,102,4597.413944
383.589878,76,4597.567548
340.712479,67,4597.69946
546.147136,106,4597.902615
475.438332,88,4598.077605
492.557008,92,4598.25801
668.910023,133,4598.521739
347.051456,74,4598.672217
425.127177,80,4598.826994
430.537001,83,4598.98855
554.50115,103,4599.190956
904.5803,169,4599.524481
433.804242,83,4599.690717
407.24616,77,4599.840234
395.163641,77,4599.987483
492.993731,94,4600.172244
564.563609,106,4600.375875
506.199541,99,4600.565912
483.051425,93,4600.746565
585.644486,111,4600.967043
408.773391,82,4604.564065
571.75106,107,4604.775678
721.800629,139,4605.049515
575.702976,119,4605.277742
375.226688,71,4605.413075
449.572734,92,4605.592018
569.384084,107,4605.798656
397.113146,75,4605.941544
389.347057,72,4606.081001
629.540513,121,4606.314299
396.877768,77,4606.461031
539.221666,101,4606.660546
260.904252,52,4606.760457
498.760401,93,4606.934651
433.08939,80,4607.09102
446.214887,91,4607.262621
422.165719,76,4607.403748
440.436843,87,4607.573459
493.675894,96,4607.763232
432.206876,85,4607.934138
576.68679,107,4608.150998
482.629324,101,4608.354462
550.859157,107,4611.958939
414.004655,79,4612.080412
795.104227,166,4612.349065
437.804447,86,4612.491697
399.779493,79,4612.619795
459.091743,81,4612.746883
372.74301,70,4612.864168
429.389712,79,4612.996688
418.894939,80,4613.111486
477.741573,89,4613.24981
592.989141,113,4613.437398
570.96973,109,4613.596669
598.856046,116,4613.74883
479.22671,92,4613.879657
323.396746,62,4613.988194
519.62051,97,4614.151393
623.074462,113,4614.329757
468.165974,92,4614.472106
401.652314,81,4614.587899
173.257863,36,4614.644974
366.120205,69,4614.747995
665.034938,126,4614.948549
532.983393,109,4615.120949
751.811594,154,4618.779921
670.535388,141,4618.997279
626.385206,112,4619.167804
409.181679,86,4619.306032
494.566734,94,4619.454206
439.984,86,4619.597755
462.083449,89,4619.735852
448.419927,85,4619.864701
496.854847,95,4620.005345
475.469489,86,4620.131204
337.282099,73,4620.243504
586.789688,106,4620.429979
579.795694,126,4620.64668
574.245381,104,4620.813996
689.449846,127,4620.975454
474.875597,89,4621.085821
486.683603,97,4621.202773
651.30497,139,4621.376725
601.508673,108,4621.513952
387.59696,75,4624.896919
539.079596,104,4625.080446
509.122915,92,4625.249587
394.966729,78,4625.396481
228.940842,47,4625.485905
415.654262,80,4625.638351
322.624849,64,4625.758399
448.976875,83,4625.911921
457.477866,88,4626.082258
608.74753,115,4626.303031
450.203355,83,4626.459844
146.054386,31,4626.515367
413.148305,78,4626.661042
470.213554,91,4626.837881
651.969581,128,4627.084072
545.90567,110,4627.29765
412.253574,78,4627.442418
371.484324,79,4627.589753
470.939147,88,4627.752624
522.679101,105,4627.955207
470.359824,93,4628.135887
423.890769,82,4628.29379
384.041144,71,4628.427097
423.679247,81,4628.578034
368.830129,71,4628.71586
500.014241,98,4632.452986
395.04368,73,4632.599031
494.620443,93,4632.775998
456.433428,83,4632.937273
583.119972,120,4633.16895
612.819734,116,4633.389999
683.35175,125,4633.633502
550.591336,103,4633.835092
403.067249,81,4633.992181
672.395659,131,4634.231911
951.332702,176,4634.542817
447.245474,86,4634.694796
528.607674,109,4634.84217
736.177068,131,4635.030378
586.140662,119,4635.203913
678.556605,127,4635.430697
509.80381,97,4635.570858
634.086706,123,4635.73968
591.805224,127,4639.375793
499.752187,93,4639.534233
415.24997,84,4639.678474
322.517447,64,4639.791689
639.051882,120,4639.985721
592.104026,110,4640.156883
426.880799,83,4640.287111
593.902593,108,4640.468657
469.44649,83,4640.596898
595.70772,110,4640.770508
578.765982,115,4640.954261
628.199725,116,4641.124636
581.09725,120,4641.332149
485.084322,89,4641.481655
453.212868,84,4641.614411
406.163421,78,4641.710095
460.903451,88,4641.819182
431.113309,85,4641.927691
281.738475,61,4642.003096
423.910494,78,4642.097458
547.775594,114,4642.240044
621.129619,115,4645.957912
500.150233,98,4646.157535
210.534589,41,4646.236424
385.686275,80,4646.401757
606.691334,110,4646.614986
379.348822,79,4646.765857
641.960456,120,4647.00068
642.46845,120,4647.206265
798.198706,145,4647.456827
450.465636,88,4647.598806
398.791967,75,4647.728666
494.827941,90,4647.879484
489.570507,87,4648.021194
619.96118,116,4648.203276
422.916581,80,4648.333093
476.403944,89,4648.471963
625.303849,127,4648.679846
438.867786,96,4648.81688
472.03923,84,4648.940717
621.694411,115,4649.131993
500.245386,94,4649.267917
374.561489,74,4649.398809
566.494502,107,4652.96604
233.349958,45,4653.046826
657.652964,130,4653.272366
763.166487,153,4653.535535
699.920866,127,4653.742196
599.898596,120,4653.928426
563.851854,118,4654.118265
758.015232,161,4654.388104
472.834745,92,4654.528053
529.616826,100,4654.690204
500.481268,93,4654.833597
662.041579,120,4655.028505
525.00196,94,4655.17182
498.930666,98,4655.326562
578.103352,111,4655.493989
723.138056,139,4655.715603
567.277945,112,4655.882575
624.672448,120,4656.070622
498.98817,102,4659.54478
583.915765,111,4659.771295
500.58935,91,4659.943453
616.695462,116,4660.152154
491.466184,91,4660.314392
457.512634,90,4660.473587
550.016623,99,4660.650422
79.985948,17,4660.67702
446.523344,85,4660.833195
709.847717,133,4661.073689
394.995906,76,4661.198281
381.112937,72,4661.324501
599.388605,123,4661.532087
441.794832,90,4661.682998
445.999501,82,4661.825556
604.348913,111,4662.014845
577.938359,109,4662.200593
536.566987,106,4662.382658
582.676026,107,4662.554374
624.441089,123,4662.773454
494.624458,97,4662.935348
622.874258,113,4666.386458
521.714934,106,4666.564768
322.928628,59,4666.657932
587.957194,112,4666.834512
586.967999,110,4667.017097
513.495589,93,4667.177661
655.100531,121,4667.391203
418.132405,84,4667.567014
598.653259,118,4667.813469
695.635405,143,4668.106406
503.719039,96,4668.296698
539.708193,101,4668.502977
441.479863,93,4668.693573
655.411365,119,4668.937464
479.916044,88,4669.112222
574.415388,117,4669.351983
391.760783,78,4669.50845
495.464937,91,4669.692229
621.35224,128,4669.948381
436.799423,84,4670.116092
489.725894,87,4673.637135
539.17727,99,4673.832321
457.061472,89,4674.011606
425.020302,83,4674.174186
423.700098,79,4674.318006
668.115394,134,4674.555856
470.743288,91,4674.719032
611.80547,109,4674.907294
450.561871,84,4675.04537
373.016568,72,4675.164496
547.928988,100,4675.33065
452.943723,84,4675.460938
498.917236,98,4675.615068
308.49528,62,4675.713678
522.156793,103,4675.88034
770.504838,154,4676.138466
458.959739,87,4676.279526
368.084612,69,4676.385771
614.476253,114,4676.573253
437.558648,80,4676.713069
372.25526,72,4676.844013
212.821023,42,4676.915069
522.312837,99,4677.076213
521.787596,97,4680.594298
386.959995,73,4680.732101
352.002966,67,4680.860814
332.157838,65,4680.983264
504.260831,95,4681.166341
637.207834,114,4681.384225
530.749254,98,4681.57489
519.290023,99,4681.774207
608.241279,111,4681.994076
586.899117,109,4682.195822
478.53628,100,4682.375419
520.150534,97,4682.540288
411.141544,85,4682.689396
439.622389,85,4682.847403
526.967298,108,4683.030056
397.521224,76,4683.158007
231.135361,46,4683.234244
694.785391,136,4683.463205
472.061946,86,4683.598908
562.797636,104,4683.783484
556.090169,110,4683.959767
517.147691,96,4687.478531
387.409918,72,4687.62212
475.301337,92,4687.800143
432.010896,88,4687.975808
456.964256,83,4688.139022
276.412016,53,4688.240962
397.716177,77,4688.392333
471.20132,85,4688.558424
667.418418,123,4688.803032
584.539466,129,4689.060425
648.293821,127,4689.311497
521.877473,102,4689.51088
479.566231,92,4689.698784
576.423335,108,4689.913701
478.083795,88,4690.080318
531.268738,94,4690.254836
595.62523,114,4690.47899
650.874639,120,4690.711844
626.517789,105,4690.908432
505.362654,95,4691.091232
614.336113,121,4691.326436
480.671899,89,4694.639686
363.014773,69,4694.753306
607.790311,106,4694.932445
417.176614,84,4695.076995
451.766853,87,4695.235189
417.916699,80,4695.373347
574.498819,105,4695.550618
542.645134,102,4695.732831
730.565493,140,4695.972912
685.889347,129,4696.202234
511.606659,94,4696.363424
592.468649,110,4696.557857
616.428261,121,4696.777291
488.337356,109,4696.982249
469.430419,100,4697.161327
632.024448,132,4697.388475
750.250837,138,4697.622473
949.695215,189,4697.942502
568.799317,112,4698.131568
538.003829,103,4701.736014
464.460341,91,4701.884811
463.833243,84,4702.025611
661.985374,125,4702.241548
451.274428,83,4702.38623
706.798356,126,4702.598761
483.435873,91,4702.755097
708.968314,131,4702.986009
515.18693,97,4703.153853
612.173943,122,4703.371175
444.572173,84,4703.520571
391.523576,75,4703.650541
532.328007,105,4703.835872
503.159452,93,4703.996398
480.476066,90,4704.153698
481.184961,86,4704.300308
537.957206,110,4704.49356
460.924011,84,4704.639172
542.718186,100,4704.807759
711.65054,137,4705.031611
371.796463,71,4708.562703
486.718854,91,4708.734657
390.470175,74,4708.882545
523.871072,107,4709.094711
514.588069,99,4709.287596
516.468483,98,4709.476995
403.090387,76,4709.624177
621.380894,109,4709.837481
525.583912,107,4710.055998
445.706568,84,4710.227797
407.541431,74,4710.37324
705.455613,135,4710.614041
479.339849,92,4710.763043
543.291827,102,4710.932984
634.613977,115,4711.129905
465.887834,91,4711.294703
530.180998,98,4711.465752
485.169428,91,4711.623445
490.494549,99,4711.803478
588.371079,110,4711.998548
492.265203,91,4712.157699
464.257327,85,4712.299845
447.643417,80,4715.769099
565.323137,108,4715.971941
349.125038,66,4716.096309
413.951257,76,4716.244258
480.864321,97,4716.406959
495.745023,92,4716.561799
451.434255,82,4716.713094
762.736743,141,4716.948681
562.814597,107,4717.134853
565.94891,105,4717.310876
483.542309,93,4717.465832
523.91306,98,4717.627566
667.714892,131,4717.858591
480.561561,89,4718.009702
480.593865,89,4718.157756
500.728931,102,4718.337183
765.27056,147,4718.591228
262.841264,58,4718.701273
546.677234,105,4718.906007
473.104316,85,4719.07218
590.051642,118,4722.787673
427.930263,84,4722.911413
472.770434,88,4723.054188
695.349296,129,4723.252365
566.541544,104,4723.422467
548.492087,101,4723.587328
514.563678,98,4723.748145
569.502574,107,4723.924098
555.619608,107,4724.099538
469.383155,86,4724.245427
679.188574,137,4724.480435
472.20679,87,4724.629499
407.334283,79,4724.761554
578.374627,105,4724.94929
425.143379,84,4725.094742
602.95944,110,4725.280483
599.37455,117,4725.4782
567.143373,101,4725.654315
531.552017,101,4725.850549
544.303914,118,4726.086642
450.564336,85,4726.248679
578.376294,111,4729.829489
415.066135,81,4729.992493
425.687523,83,4730.151845
641.538122,117,4730.381009
391.573087,73,4730.520787
619.589065,122,4730.76611
525.015145,100,4730.963245
462.48513,94,4731.157936
517.313985,98,4731.352865
575.954136,106,4731.562871
297.931974,64,4731.692897
428.392748,86,4731.86182
604.049863,122,4732.105817
546.016914,101,4732.309646
634.863226,117,4732.544927
485.031492,92,4732.722952
459.921354,87,4732.871151
464.977337,87,4733.025863
492.134737,93,4733.188085
606.063519,126,4733.414776
426.6126,76,4733.543697
577.994181,116,4737.175692
376.497688,72,4737.310221
592.097614,111,4737.52113
677.812929,127,4737.771652
606.004379,115,4738.004233
494.621028,98,4738.201379
497.656725,105,4738.411631
477.480791,92,4738.600464
417.412801,78,4738.756692
385.008684,72,4738.897337
479.757358,91,4739.078346
457.699132,80,4739.226317
471.42674,93,4739.389422
628.62286,126,4739.613259
414.773124,75,4739.740587
357.940545,69,4739.864549
387.619826,73,4739.99341
362.248923,78,4740.126537
501.358705,93,4740.279941
620.239468,119,4740.472476
527.979369,98,4740.642855
439.503563,88,4740.811329
514.672715,101,4744.357502
583.995236,127,4744.612599
487.614396,93,4744.79267
538.876686,101,4744.969191
553.250194,108,4745.159636
650.700093,138,4745.408099
477.944049,99,4745.584164
556.978162,119,4745.803187
567.65796,108,4746.017648
496.711291,100,4746.222013
510.400275,106,4746.430179
617.158284,126,4746.683783
801.042545,162,4747.005751
481.261322,103,4747.204672
520.720469,101,4747.383429
567.474285,113,4747.595127
522.106175,107,4747.800337
442.502499,86,4747.962931
474.945306,84,4751.50249
462.084493,94,4751.649884
532.033813,104,4751.825793
587.734059,110,4752.004188
507.818653,94,4752.164324
544.174816,109,4752.359529
541.652426,99,4752.557084
314.546952,60,4752.67813
655.917435,122,4752.922897
545.991412,109,4753.146317
505.344038,93,4753.331011
427.730472,80,4753.491595
541.92302,100,4753.694357
570.619277,107,4753.907797
603.806863,113,4754.113648
623.84697,126,4754.325763
694.8464,131,4754.543121
790.062374,167,4754.870744
490.648535,91,4755.047177
474.382263,89,4755.221131
238.067359,51,4758.730679
694.096918,126,4758.944065
529.044179,103,4759.105359
600.742792,111,4759.29948
651.855374,128,4759.522246
605.807241,111,4759.715138
514.450891,100,4759.891875
422.887638,85,4760.030897
536.458654,106,4760.213731
572.565397,102,4760.388814
697.799014,138,4760.635014
487.358135,94,4760.802766
766.56361,148,4761.054188
444.399846,86,4761.207019
318.884903,70,4761.323975
732.481379,134,4761.54941
436.566242,87,4761.695493
572.576077,113,4761.891167
586.366037,106,4762.099408
608.049312,111,4765.607327
172.785116,34,4765.672736
430.850731,83,4765.832694
539.596658,100,4766.02385
432.648267,96,4766.215065
571.132143,105,4766.419053
535.616759,98,4766.591028
973.474326,183,4766.91359
621.59644,116,4767.114964
498.874779,95,4767.270776
412.192927,74,4767.39598
165.114222,33,4767.459732
472.91828,84,4767.623293
672.580553,127,4767.882073
465.321585,85,4768.046595
567.48434,105,4768.246526
501.259422,94,4768.434975
821.378479,174,4768.782965
437.424197,82,4768.945219
456.903515,91,4769.125024
629.261932,121,4769.365526
455.935645,99,4772.936846
763.377595,157,4773.239281
621.435236,114,4773.451177
659.573443,120,4773.664593
585.636536,106,4773.847813
576.980319,104,4774.019945
416.875162,75,4774.140565
176.778561,35,4774.202776
564.559469,106,4774.37817
491.313408,93,4774.525039
570.968351,105,4774.702187
423.135672,83,4774.841397
505.65743,91,4774.99539
502.488412,93,4775.147071
553.933727,106,4775.325743
588.389782,105,4775.505607
507.071441,95,4775.663965
553.737832,105,4775.835675
516.086054,97,4776.006767
516.143852,95,4776.172741
512.963347,93,4779.684694
431.18981,80,4779.815539
592.570248,118,4780.009465
650.782729,120,4780.197138
357.573892,76,4780.330835
756.91979,142,4780.570194
522.153517,98,4780.737458
845.702554,163,4781.019115
687.575178,125,4781.22413
507.776383,94,4781.380008
437.987433,85,4781.532208
841.02729,167,4781.820875
602.418226,107,4782.003964
442.314378,82,4782.149416
151.768624,30,4782.199892
466.087712,91,4782.355137
75.385051,16,4782.378358
429.749614,78,4782.510705
643.265171,140,4782.761904
516.587081,100,4782.936445
246.868391,53,4783.025482
419.878376,80,4786.68754
484.622016,91,4786.862056
454.790076,96,4787.04677
762.271678,142,4787.318368
721.487241,130,4787.569869
382.236403,80,4787.726544
561.758302,109,4787.944223
593.733349,110,4788.161398
497.500026,99,4788.353833
497.946823,102,4788.549494
554.830064,121,4788.759282
125.485167,26,4788.802505
447.446019,83,4788.94504
478.30772,89,4789.097822
498.709583,96,4789.267222
517.944086,99,4789.441482
521.640615,103,4789.62186
856.955442,166,4789.904688
409.319642,77,4790.032833
579.673061,115,4790.234385
431.293318,81,4790.368524
788.704178,158,4793.995407
629.449097,123,4794.239714
665.686465,142,4794.521403
614.142109,113,4794.740384
489.731483,100,4794.931547
510.271551,94,4795.11563
600.289424,115,4795.332145
602.222803,112,4795.554176
612.126879,114,4795.777674
508.336207,105,4795.989553
537.950986,112,4796.215197
508.368828,94,4796.402291
552.930589,99,4796.568676
481.881183,95,4796.726972
497.037924,97,4796.898907
418.70217,81,4797.033903
435.211356,82,4797.17165
678.132542,127,4797.389152
219.661819,42,4797.458756
562.771375,103,4801.076097
683.042039,132,4801.303867
544.565672,105,4801.477789
503.886861,93,4801.633764
556.776992,109,4801.811183
552.142284,103,4801.985866
433.690019,87,4802.126768
426.918319,86,4802.269215
494.013644,95,4802.435362
717.818922,132,4802.673815
477.247818,90,4802.826425
520.334072,97,4802.991784
521.18381,94,4803.158465
541.592055,102,4803.3295
698.893507,129,4803.563442
769.585926,143,4803.807579
745.953692,159,4804.074856
691.850809,143,4804.330022
619.463297,114,4804.526864
657.595656,129,4808.397625
554.915491,123,4808.645831
338.031827,73,4808.786442
451.964984,101,4808.994383
383.000855,71,4809.124512
660.828863,124,4809.324106
413.818937,74,4809.445132
465.36437,86,4809.584031
626.05166,124,4809.79797
441.762317,83,4809.942649
566.90487,107,4810.124026
513.156082,97,4810.292737
547.322403,111,4810.478532
447.447857,83,4810.61915
318.35263,60,4810.723411
462.465588,86,4810.865321
529.688047,113,4811.065696
437.6699,81,4811.216174
488.164069,91,4811.391973
602.507485,122,4811.634045
626.490108,126,4815.236247
388.140747,73,4815.362697
428.104308,83,4815.508592
485.240126,93,4815.656615
474.678444,104,4815.831366
643.033935,134,4816.052507
607.164475,112,4816.238763
613.368804,126,4816.445937
837.647616,156,4816.704371
566.233313,103,4816.885025
343.548203,73,4817.016991
673.328299,125,4817.235634
426.999129,83,4817.383785
399.969815,75,4817.516203
447.85263,83,4817.651418
484.654848,88,4817.799097
507.484997,95,4817.958043
459.248196,99,4818.134308
520.095256,101,4818.301393
642.764688,123,4818.509172
472.095865,88,4818.648463
783.520169,154,4822.421546
458.491927,93,4822.580578
633.346044,114,4822.776681
362.575616,72,4822.894353
1050.49009,213,4823.262454
402.484679,78,4823.383427
490.15848,97,4823.54964
539.359152,113,4823.746658
473.376757,104,4823.930937
162.248602,34,4823.987067
444.569615,88,4824.140421
483.410788,92,4824.298721
333.730451,68,4824.416919
402.212574,77,4824.548695
622.018548,121,4824.752279
651.147602,140,4824.997174
612.823613,126,4825.222775
730.775149,142,4825.462989
573.900569,110,4825.653142
403.782566,77,4829.344746
594.514648,111,4829.526166
466.628832,90,4829.679715
459.06679,93,4829.838245
641.106945,133,4830.050361
442.747579,80,4830.173563
562.033571,101,4830.334458
609.569523,115,4830.518286
648.387533,125,4830.72159
553.579418,111,4830.904647
438.90134,83,4831.035327
512.944288,95,4831.19076
584.908464,108,4831.373276
537.383557,103,4831.546136
440.891536,91,4831.704113
463.742978,90,4831.867114
674.946531,125,4832.086372
308.359211,59,4832.188403
533.792301,100,4832.356342
462.431157,86,4832.498653
640.730013,123,4836.101247
504.8855,93,4836.281007
489.095933,95,4836.467445
849.798438,157,4836.770797
463.525906,87,4836.939295
665.738336,128,4837.165488
789.391774,144,4837.394258
545.053015,100,4837.558941
509.363457,109,4837.735401
481.324127,88,4837.876288
653.683975,129,4838.083679
596.545057,117,4838.297141
472.886365,85,4838.462336
686.839149,130,4838.718254
692.960856,123,4838.962702
492.686652,101,4839.166362
533.981816,102,4839.366177
588.852533,128,4839.62008
437.837522,87,4839.791208
457.217496,90,4843.344553
698.260867,132,4843.568003
544.375942,115,4843.765856
551.078951,109,4843.955133
408.395217,74,4844.073812
534.566225,107,4844.252104
577.743723,102,4844.421349
465.118347,93,4844.580847
454.69064,81,4844.714031
623.728533,119,4844.916166
418.908814,79,4845.048544
510.105761,98,4845.204062
591.295425,107,4845.387743
601.387373,112,4845.587826
432.763276,79,4845.720104
472.578909,90,4845.884391
607.363235,115,4846.098837
658.954301,119,4846.331177
630.837883,118,4846.561537
555.699594,103,4846.757094
587.847347,110,4850.060312
346.295182,66,4850.186945
553.960733,103,4850.390453
509.497742,106,4850.599186
587.27998,119,4850.83677
599.639271,113,4851.063205
149.253263,31,4851.121476
570.121504,108,4851.333372
412.639217,76,4851.480288
558.349404,107,4851.692144
456.804758,84,4851.857242
510.972538,94,4852.042067
508.811618,102,4852.247893
536.537311,116,4852.481303
420.758672,87,4852.649842
541.75339,108,4852.869447
565.35834,108,4853.092389
461.551403,87,4853.262998
419.816409,76,4853.394391
469.568946,92,4853.542721
467.362674,88,4853.685016
637.106225,115,4857.288787
631.925019,114,4857.480334
736.394428,144,4857.730372
603.880456,118,4857.93105
418.108022,76,4858.069479
487.561148,87,4858.209641
173.971351,34,4858.266325
700.789023,136,4858.492883
526.464208,99,4858.659124
449.318577,89,4858.801086
609.22988,113,4858.989788
504.337512,102,4859.1588
409.112186,89,4859.307353
426.118366,79,4859.437508
443.386573,85,4859.574413
636.450943,117,4859.773144
108.106678,22,4859.810782
555.10004,100,4859.989409
382.847366,76,4860.120847
415.289195,78,4860.253608
549.222017,118,4860.455006
618.250492,129,4860.664478
591.815977,111,4863.976056
649.414661,137,4864.158127
461.894979,87,4864.293112
599.113813,123,4864.540303
603.795419,114,4864.763404
803.635328,161,4865.076266
535.298176,109,4865.283886
523.406779,110,4865.503316
547.926155,108,4865.711006
487.760951,101,4865.910255
560.905478,103,4866.105588
673.421935,136,4866.365523
550.27708,102,4866.561769
629.487089,114,4866.776993
473.643455,97,4866.967736
490.092738,94,4867.153319
487.206242,93,4867.338187
482.637922,104,4867.53734
402.949664,74,4870.991421
490.106057,90,4871.136974
512.043616,92,4871.291759
521.588625,107,4871.463388
581.153145,118,4871.648973
540.918471,96,4871.801539
475.567649,90,4871.949631
602.288671,112,4872.126667
615.68808,127,4872.341437
531.191921,96,4872.499983
468.272153,94,4872.651886
511.747978,96,4872.808591
438.087631,85,4872.951097
440.879309,91,4873.100028
449.755603,82,4873.222967
523.674843,98,4873.388375
548.620334,99,4873.54863
599.632286,108,4873.727759
473.316308,84,4873.858331
617.35381,119,4874.053981
420.981917,89,4874.196527
634.139472,129,4877.831525
376.549425,79,4877.952177
598.675063,112,4878.133996
494.777768,99,4878.288061
580.576383,112,4878.480328
584.16823,107,4878.652245
421.350041,84,4878.795634
372.652283,72,4878.923208
546.684651,113,4879.113243
423.015883,89,4879.264412
516.453694,99,4879.433413
551.691437,102,4879.613236
544.495085,100,4879.785998
382.891287,79,4879.918462
461.509807,99,4880.083184
91.63396,20,4880.1141
599.967959,111,4880.295277
926.847173,178,4880.604157
471.477041,83,4880.737279
927.007039,161,4881.009839
450.816881,92,4884.623806
599.818775,113,4884.851842
429.608736,96,4885.047192
164.274747,34,4885.110574
579.487776,106,4885.318218
387.2214,75,4885.46822
823.334717,155,4885.770566
379.827267,69,4885.904238
391.813254,80,4886.037271
294.081767,55,4886.124479
566.71475,112,4886.308817
490.188493,98,4886.465211
452.588122,86,4886.589963
474.138635,94,4886.735996
456.420238,83,4886.873366
505.581443,96,4887.037206
551.442232,107,4887.210814
454.898822,84,4887.34193
850.448924,178,4887.639624
442.8427,99,4887.811517
471.047613,93,4887.97144
460.273638,86,4888.120908
453.490702,91,4891.6689
529.972184,97,4891.835522
514.034434,109,4892.017327
497.062129,99,4892.177799
394.642663,71,4892.30079
892.302014,168,4892.576082
476.590728,88,4892.746505
513.320697,94,4892.927255
615.124006,112,4893.145555
657.540616,126,4893.400153
599.435275,109,4893.614043
673.939632,124,4893.865159
508.877171,97,4894.03843
595.533436,112,4894.219097
637.040883,123,4894.428305
449.386263,93,4894.583077
611.235653,119,4894.780773
641.250511,127,4894.99387
489.47113,102,4895.163736
323.491046,64,4898.843771
572.933048,104,4899.010844
573.44075,106,4899.176259
636.554843,112,4899.354836
485.479821,98,4899.507974
483.49815,91,4899.660296
403.526946,80,4899.78623
539.912808,103,4899.951118
551.440302,111,4900.125191
589.508927,113,4900.309894
656.169473,125,4900.515394
628.162044,116,4900.708718
791.767016,153,4900.968836
556.767034,104,4901.145562
407.35522,76,4901.2698
632.420537,127,4901.496135
672.923057,133,4901.733248
415.73853,78,4901.86583
478.029506,90,4902.015414
636.431588,120,4905.752769
450.866651,84,4905.923824
417.53473,91,4906.103726
457.397324,87,4906.27436
545.714703,108,4906.486214
459.302161,82,4906.643155
526.876349,97,4906.826501
600.037447,115,4907.048504
470.136957,90,4907.220172
492.022263,100,4907.41498
444.644943,93,4907.602103
534.186119,96,4907.788088
787.793532,165,4908.123385
562.675338,124,4908.370904
421.106816,82,4908.531225
523.790062,113,4908.754206
708.478783,153,4909.05867
647.371536,123,4909.294662
738.933042,138,4909.566049
460.088702,100,4913.145076
473.551097,90,4913.317654
466.493714,100,4913.519217
455.78961,86,4913.685372
601.217548,117,4913.90576
399.465029,83,4914.066123
586.614896,108,4914.275035
532.022729,104,4914.475371
693.737883,137,4914.749749
524.343134,111,4914.963857
635.234521,136,4915.200085
548.205992,99,4915.355204
522.091519,94,4915.504295
546.411517,108,4915.678045
548.40588,102,4915.830984
484.790076,94,4915.981981
491.354851,94,4916.144676
557.852406,110,4916.318121
436.621172,89,4916.461289
404.488131,82,4916.606694
527.386147,98,4920.061026
645.772296,121,4920.256236
683.561628,130,4920.478773
454.766611,83,4920.609578
158.736293,31,4920.655858
436.846704,78,4920.785161
157.374745,31,4920.834136
418.406204,78,4920.958301
671.289281,125,4921.16589
409.908816,76,4921.294533
495.891173,90,4921.442508
534.950879,104,4921.617919
663.206136,125,4921.824317
411.628403,73,4921.940778
380.456436,75,4922.067684
558.2536,119,4922.270361
436.056498,84,4922.404096
568.574187,107,4922.592289
436.227298,82,4922.721765
484.554447,91,4922.86596
444.577088,94,4923.033486
336.529445,74,4923.156592
285.324108,66,4923.259393
651.815691,124,4926.845812
471.886602,88,4927.024121
486.7704,100,4927.224017
610.963309,112,4927.445526
372.186271,68,4927.577221
569.987654,105,4927.785495
464.383535,100,4927.989608
441.400519,83,4928.151546
611.270772,131,4928.412749
446.061986,84,4928.574764
459.478355,85,4928.738265
658.768152,128,4928.987725
432.766791,82,4929.147337
510.873434,97,4929.33595
522.293134,102,4929.54553
477.008227,84,4929.710294
605.107389,121,4929.958403
485.662447,91,4930.138633
545.020558,101,4930.332628
536.445368,101,4930.527165
499.116766,101,4930.723774
392.232847,80,4934.327051
526.121843,106,4934.509645
638.51439,117,4934.700197
426.085743,89,4934.862077
554.607488,102,4935.01866
604.409577,129,4935.234985
776.956334,163,4935.511956
461.825927,88,4935.658422
514.898999,97,4935.809761
478.167165,89,4935.958654
486.790703,89,4936.112925
448.747938,84,4936.253803
435.161171,80,4936.37449
499.422479,94,4936.52608
489.670855,96,4936.683204
142.488288,29,4936.730203
605.260203,125,4936.935381
338.379329,64,4937.043902
377.833267,79,4937.18441
527.495141,99,4937.347352
436.998707,79,4937.474026
573.318922,115,4937.661366
480.493394,86,4941.270508
678.440526,128,4941.52538
539.124133,109,4941.744991
459.160373,87,4941.913101
622.542638,113,4942.12806
164.369003,32,4942.188054
727.594101,129,4942.437366
74.69619,16,4942.465401
585.786552,110,4942.676361
665.859346,119,4942.906541
162.090599,32,4942.967245
487.25914,99,4943.162253
554.335373,109,4943.373809
248.902545,56,4943.477283
565.829071,116,4943.697912
707.520219,155,4944.000579
629.953427,119,4944.229449
639.253717,137,4944.460567
317.004487,67,4944.569919
471.040333,99,4944.734707
615.861782,126,4944.952508
441.204444,88,4948.468806
489.407022,95,4948.63633
576.567957,113,4948.828434
563.87549,102,4948.997702
575.162147,112,4949.171669
562.537082,110,4949.382324
685.849488,139,4949.661973
395.581879,85,4949.828483
480.027994,89,4950.000322
737.642307,146,4950.285619
594.672407,112,4950.505643
503.748531,92,4950.685253
674.196589,133,4950.947867
476.239291,91,4951.128067
684.837842,136,4951.403657
189.484561,36,4951.471546
675.453958,132,4951.732368
367.718706,69,4951.866462
770.933256,142,4952.142591
589.134275,105,4955.758204
525.711507,104,4955.923399
482.011503,90,4956.073751
630.028225,120,4956.272786
432.683461,89,4956.41445
455.357699,95,4956.574557
458.91253,96,4956.741013
488.231606,100,4956.9236
625.677707,128,4957.151918
622.869322,117,4957.34687
705.839028,131,4957.570777
508.697751,97,4957.720651
619.46045,110,4957.905096
498.161348,100,4958.064433
590.440563,113,4958.253861
458.073619,84,4958.399647
489.379233,99,4958.572619
466.699957,90,4958.727683
441.092632,81,4958.869549
667.453823,126,4959.091402
544.475176,102,4962.792949
729.297144,137,4963.068642
478.377541,87,4963.238698
655.951478,121,4963.479659
695.578607,129,4963.720485
547.226893,103,4963.88108
601.241395,120,4964.070572
548.747058,108,4964.241895
501.633626,106,4964.37999
418.607596,77,4964.477644
627.51135,134,4964.652238
636.679031,117,4964.797441
355.50611,72,4964.885843
403.196074,77,4964.97935
559.778622,106,4965.121341
502.940798,108,4965.26459
720.113996,154,4965.527865
535.911845,114,4965.715615
570.762318,105,4969.241521
703.580062,132,4969.470076
460.017143,85,4969.609175
510.384024,104,4969.787556
592.649993,111,4969.984079
399.780246,82,4970.130186
204.893498,46,4970.192436
547.004573,102,4970.342508
470.594908,86,4970.486238
448.743598,90,4970.638209
468.24076,90,4970.794083
509.708085,104,4970.96568
552.559711,109,4971.139123
443.432472,82,4971.265024
641.815207,119,4971.429073
619.178767,122,4971.579634
471.2934,89,4971.688428
517.569453,93,4971.800478
528.047454,98,4971.92682
489.405669,97,4972.07985
452.743071,82,4972.202446
621.037773,121,4975.914877
421.15571,79,4976.070789
463.479534,91,4976.254692
493.064207,92,4976.410263
593.014127,112,4976.597184
507.709652,100,4976.766733
409.252897,81,4976.899097
480.978029,97,4977.060642
559.664778,109,4977.245069
591.314033,113,4977.443771
514.83683,104,4977.622707
509.393408,103,4977.797793
630.78321,121,4977.997411
654.989453,122,4978.208136
500.499224,98,4978.366163
206.097322,40,4978.424671
75.076692,17,4978.447549
435.596518,84,4978.590733
352.471622,67,4978.687844
639.577402,122,4978.889248
450.295849,80,4979.027737
591.019863,114,4979.212637
476.791775,88,4979.353891
580.311464,123,4982.984311
463.130585,89,4983.128242
808.789812,157,4983.425771
453.795514,91,4983.610325
536.352515,114,4983.834524
543.588684,98,4984.024835
356.293157,64,4984.15091
409.617819,80,4984.311702
604.146007,114,4984.539615
324.809347,62,4984.660362
770.828486,156,4984.971381
883.67324,183,4985.336756
618.908291,114,4985.563937
607.830577,118,4985.794636
531.004807,100,4985.997471
359.212869,75,4986.139874
376.82053,76,4986.284441
561.568425,107,4986.493602
548.334325,97,4986.682122
724.172097,140,4990.302775
454.85097,84,4990.445334
572.032127,107,4990.632846
228.24944,47,4990.711307
604.270579,114,4990.904598
799.996907,150,4991.149804
379.838488,77,4991.28572
562.245931,106,4991.461103
601.473665,133,4991.689532
541.116052,109,4991.879845
552.839085,120,4992.082706
534.344168,97,4992.271656
412.86361,90,4992.452159
173.472288,34,4992.517089
508.206671,97,4992.704915
810.021861,158,4992.985271
447.456991,97,4993.112314
609.483486,128,4993.323226
762.275614,143,4993.50473
430.712573,88,4996.595204
528.691202,102,4996.766547
112.791263,24,4996.813243
142.519926,29,4996.86548
497.983746,93,4997.031657
686.119089,140,4997.281575
552.184695,104,4997.462907
523.784463,110,4997.663067
441.262399,86,4997.812421
529.09968,104,4997.997099
414.289056,79,4998.125129
577.563145,124,4998.335618
543.413824,103,4998.505019
544.668325,105,4998.686242
635.704113,124,4998.885263
760.624512,162,4999.178001
565.613059,124,4999.398151
479.388665,90,4999.54369
511.893028,98,4999.711905
616.2009,109,4999.884475
409.434525,78,5000.008056
733.37683,140,5003.479763
633.017538,120,5003.726153
558.708635,111,5003.959649
481.893429,90,5004.13825
538.458853,104,5004.344297
388.639839,75,5004.494084
538.455367,111,5004.709959
417.43496,89,5004.897765
400.704703,74,5005.04225
569.111684,117,5005.284766
436.121287,83,5005.450499
266.698467,52,5005.554406
496.003265,92,5005.739417
595.757012,112,5005.96552
853.744691,180,5006.333211
786.756498,149,5006.630532
497.284885,98,5006.824938
755.911931,145,5007.112551
790.870082,150,5010.889219
527.693283,98,5011.068815
644.795352,127,5011.305133
816.526816,165,5011.591948
83.733341,20,5011.623557
457.779347,87,5011.776422
477.215266,86,5011.925493
491.779732,104,5012.110447
779.869862,149,5012.358376
673.065595,129,5012.578962
411.887654,79,5012.709298
495.488374,95,5012.870958
154.033518,32,5012.927742
852.053703,160,5013.203877
621.739202,135,5013.437373
555.154782,112,5013.627686
676.62422,123,5013.818087
434.606902,95,5013.969851
510.974048,94,5014.122793
456.054133,85,5014.249372
393.077456,74,5017.809627
628.443104,115,5018.00665
450.980668,87,5018.158929
554.287711,117,5018.364735
413.816363,79,5018.50159
586.832136,110,5018.682024
407.489048,80,5018.82058
360.306655,65,5018.931564
557.981072,109,5019.123176
595.215851,124,5019.328594
556.489149,122,5019.537319
79.199752,17,5019.561345
471.547669,92,5019.715104
406.197687,80,5019.847437
114.234895,24,5019.884459
588.919336,112,5020.05485
477.602439,90,5020.205207
532.475194,103,5020.371201
352.510809,72,5020.502117
757.500294,146,5020.744927
545.228401,102,5020.904848
506.626215,98,5021.065447
586.57907,120,5024.491378
530.122332,104,5024.667258
549.416742,110,5024.857328
79.625053,17,5024.883612
702.833828,137,5025.123816
660.530678,131,5025.351024
509.984489,91,5025.515295
477.537586,104,5025.703913
617.09608,118,5025.929992
494.312951,101,5026.137357
147.47664,31,5026.196368
466.832222,93,5026.383356
811.619795,147,5026.667681
674.600689,130,5026.925031
361.608113,68,5027.057944
448.348068,89,5027.230492
506.018319,98,5027.429936
505.444606,102,5027.639175
551.92242,106,5027.847948
667.272637,127,5028.102243
84.369571,19,5028.137616
553.031687,113,5031.944753
508.899827,105,5032.134043
497.793754,93,5032.29771
560.998162,106,5032.492852
584.579473,114,5032.703247
456.927735,91,5032.868989
689.11284,125,5033.095801
128.513328,27,5033.144236
508.05225,94,5033.309428
511.710396,95,5033.47699
603.38033,110,5033.666833
742.350089,146,5033.919283
439.973697,82,5034.060928
178.891889,38,5034.119979
420.023987,90,5034.273736
519.7034,94,5034.433508
648.443141,123,5034.635346
641.96082,124,5034.855915
602.825902,116,5035.049459
648.880734,118,5035.244357
652.276601,134,5035.48519
760.916669,146,5039.231029
361.315156,66,5039.366708
486.927229,93,5039.560121
447.990237,95,5039.753741
657.881195,122,5040.008651
673.486706,130,5040.277475
453.971619,83,5040.438883
510.37788,97,5040.624159
543.861913,104,5040.830553
449.121147,83,5040.997847
480.588411,100,5041.200171
482.309379,90,5041.377988
738.837898,139,5041.654761
753.727074,143,5041.93762
857.582872,165,5042.267547
576.274562,108,5042.477213
317.803167,59,5042.577482
637.798257,128,5042.782318
688.794255,143,5046.225145
488.834664,91,5046.391943
449.423808,87,5046.545418
482.44076,105,5046.739071
479.285475,92,5046.908203
569.435045,122,5047.128374
596.317273,111,5047.333
544.960153,102,5047.518865
90.53296,19,5047.549668
461.814923,83,5047.6935
77.511571,17,5047.721314
735.233094,155,5047.991736
480.976545,91,5048.14623
437.911626,87,5048.293156
455.350127,94,5048.453734
563.21754,103,5048.622514
490.697343,94,5048.782055
524.514253,100,5048.951559
503.289741,93,5049.11166
622.901387,112,5049.296197
510.624816,107,5049.495326
602.662273,113,5049.711465
403.926903,79,5053.500823
577.443938,108,5053.693269
429.268231,85,5053.847922
594.029255,107,5054.037472
535.531969,101,5054.221384
495.012951,97,5054.400226
504.995075,97,5054.57405
679.321223,139,5054.825141
808.273638,152,5055.089066
670.113947,132,5055.318677
365.368953,68,5055.435593
706.659123,137,5055.678169
470.250667,98,5055.847476
556.54541,120,5056.059335
823.917782,152,5056.304655
471.225634,86,5056.431613
508.861093,99,5056.598689
488.733713,97,5056.764171
522.975143,105,5056.93342
700.721586,134,5060.610566
434.695819,95,5060.811049
506.491886,99,5061.013972
447.284726,82,5061.176786
503.058119,96,5061.352379
519.770018,105,5061.538616
561.612253,121,5061.75074
586.639824,123,5061.970268
500.293337,95,5062.14809
672.095249,120,5062.346448
503.501442,93,5062.500094
675.264687,129,5062.713848
410.216641,84,5062.852251
647.891154,129,5063.069241
424.724192,93,5063.230215
626.988777,137,5063.468822
562.899648,109,5063.643944
513.280059,102,5063.802279
458.258524,92,5063.943889
474.61619,88,5067.292538
472.947684,100,5067.484661
506.929501,93,5067.652196
77.762366,17,5067.677399
602.121388,111,5067.872041
495.560746,105,5068.056345
373.356975,81,5068.200292
433.630219,86,5068.344463
588.082948,110,5068.534315
492.081279,86,5068.678764
370.969394,79,5068.825708
506.680616,98,5069.000144
437.885038,81,5069.144524
492.566622,106,5069.334178
496.752582,101,5069.513924
572.330812,109,5069.696267
861.664254,157,5069.97412
450.960249,95,5070.135951
636.780954,122,5070.328557
447.769627,91,5070.474759
446.391134,87,5070.608338
423.691703,81,5074.407191
753.275478,156,5074.671639
517.186118,103,5074.844609
568.861685,105,5075.026612
665.814309,133,5075.265264
442.458996,80,5075.40746
763.606495,148,5075.671156
545.492805,106,5075.858594
505.324116,98,5076.032402
389.203949,84,5076.179071
593.102266,112,5076.368593
484.123047,99,5076.54253
536.680861,99,5076.713533
83.028615,20,5076.747066
733.201988,153,5077.007305
580.530169,113,5077.21776
782.766096,146,5077.506132
514.978631,106,5077.714819
430.127622,86,5077.883295
549.447915,113,5081.572984
361.272399,71,5081.710838
808.085818,154,5082.026259
530.976675,103,5082.233175
518.9648,99,5082.42985
507.965371,100,5082.632912
459.824357,96,5082.826597
432.034675,93,5083.018317
423.271033,81,5083.177797
446.464542,88,5083.358791
456.355664,86,5083.531776
724.697428,138,5083.814253
606.208591,112,5084.040017
405.39099,85,5084.212945
489.377078,92,5084.363786
458.607456,98,5084.534965
442.019861,94,5084.684468
747.20722,149,5084.920571
579.643967,113,5085.116889
863.404464,154,5085.410083
77.982317,18,5085.441746
550.662301,103,5088.943815
482.355026,101,5089.116879
543.874916,105,5089.302052
497.154138,94,5089.458421
485.083464,96,5089.629718
631.448198,123,5089.850566
912.125793,166,5090.135455
452.764964,101,5090.318078
97.887289,20,5090.352086
678.930732,141,5090.602528
208.676345,43,5090.675942
383.154613,80,5090.826685
428.918076,86,5090.979275
431.811086,80,5091.111018
425.493141,83,5091.253659
502.90567,89,5091.411301
452.017996,86,5091.554772
667.225222,128,5091.754216
544.798194,98,5091.912954
482.298781,91,5092.053305
660.43798,136,5092.276011
754.386022,152,5095.893939
446.58145,89,5096.034349
500.713718,93,5096.177233
496.349769,92,5096.327223
441.996273,95,5096.479258
574.610259,105,5096.645725
587.124295,115,5096.840995
462.520545,83,5096.982442
598.428625,120,5097.191233
579.793313,117,5097.401669
562.576218,118,5097.608903
451.107121,86,5097.767195
527.332687,98,5097.946303
405.932393,76,5098.08321
589.222511,116,5098.294902
518.789351,106,5098.491758
534.026801,109,5098.679836
579.427894,110,5098.868272
455.618736,86,5099.020719
337.047878,64,5099.128667
363.500863,69,5102.596721
162.179605,34,5102.663194
643.759091,115,5102.888463
821.793904,150,5103.181185
434.868088,84,5103.350268
74.979164,18,5103.383089
589.816945,113,5103.606204
574.902096,109,5103.826834
602.719029,116,5104.026634
554.716622,108,5104.212149
856.095892,164,5104.506701
533.080533,112,5104.706223
651.359545,129,5104.934755
623.497551,123,5105.152405
264.124801,61,5105.253821
472.993221,98,5105.425276
577.294971,109,5105.602859
759.022774,149,5105.855792
366.478395,69,5105.968706
585.629374,111,5106.168428
520.031597,113,5109.772251
893.709685,173,5110.069934
447.878102,95,5110.227206
471.625333,88,5110.380151
534.444221,100,5110.547786
516.255543,103,5110.726097
403.035911,74,5110.853774
124.935366,27,5110.900995
406.998038,76,5111.032161
628.727278,126,5111.250919
440.814166,82,5111.389657
422.22345,81,5111.53589
428.650845,92,5111.706921
432.468067,85,5111.863468
403.900739,80,5112.017246
590.206017,125,5112.24733
729.971321,158,5112.531011
520.484183,102,5112.710295
437.642781,80,5112.84903
391.700561,71,5112.96649
571.169014,112,5113.149051
418.174259,83,5116.806952
647.665445,120,5117.045332
619.846499,112,5117.266697
364.831635,70,5117.407306
530.722626,108,5117.625965
665.012756,121,5117.873438
408.041704,84,5118.013722
455.97893,97,5118.182565
551.325613,110,5118.364944
603.953281,122,5118.583939
618.132726,131,5118.817944
847.610138,169,5119.112156
506.768776,105,5119.301863
465.328238,94,5119.471522
571.761822,114,5119.687236
706.339435,132,5119.923305
489.831212,91,5120.082013
431.560191,83,5120.229824
436.284715,85,5120.379018
616.741739,112,5123.834677
122.232277,25,5123.876959
735.114529,140,5124.101419
771.038649,141,5124.346421
142.473053,29,5124.395653
620.912573,120,5124.59477
496.529356,93,5124.748731
133.367424,27,5124.79184
685.059354,131,5125.00772
766.566938,163,5125.290042
422.552533,93,5125.449341
446.245529,86,5125.593032
513.322587,98,5125.755677
481.342067,99,5125.920661
385.774249,75,5126.047602
608.031468,118,5126.250115
541.005032,113,5126.455204
403.09725,78,5126.593212
541.750488,101,5126.762542
431.501585,84,5126.90315
536.625563,99,5127.065598
559.404249,114,5130.826204
564.646873,118,5131.030788
412.402207,80,5131.168163
472.835304,92,5131.333548
597.643303,109,5131.519239
472.412035,93,5131.67498
583.174606,111,5131.867947
466.415564,86,5132.010278
566.335551,108,5132.201269
521.43885,95,5132.36481
775.491187,152,5132.624837
529.747093,101,5132.808115
518.424405,98,5132.979947
651.622877,120,5133.181701
447.924188,85,5133.332294
492.371318,100,5133.501805
719.172848,138,5133.736579
655.839455,127,5133.961197
425.695419,87,5134.110276
516.655563,111,5137.845792
686.86027,142,5138.129291
588.560743,114,5138.363059
461.948597,86,5138.534957
545.086202,98,5138.733799
503.342661,92,5138.913654
642.945779,123,5139.139544
429.20185,88,5139.283528
610.287027,115,5139.466473
609.909888,112,5139.638405
393.901588,84,5139.775309
609.698259,115,5139.959034
430.146889,83,5140.10472
581.097041,110,5140.296609
482.648713,94,5140.459616
756.383498,148,5140.713471
400.261613,74,5140.848647
398.566955,74,5140.969973
416.11724,81,5141.13138
517.237322,108,5141.346681
524.51525,98,5141.540279
618.882655,123,5145.086171
622.992342,127,5145.305302
798.727429,150,5145.563601
583.246085,120,5145.772064
149.857118,30,5145.825252
628.842189,123,5146.031883
464.728807,94,5146.189984
474.724884,92,5146.343699
556.062457,118,5146.542744
632.056489,128,5146.76489
598.122154,114,5146.96118
467.386025,95,5147.118674
549.425817,101,5147.291117
593.463452,129,5147.511648
830.675381,154,5147.764853
454.237493,97,5147.931726
505.841963,96,5148.082981
414.02635,85,5148.217701
691.168952,131,5151.833642
474.917484,92,5152.014938
477.759786,101,5152.184691
631.200906,123,5152.399651
727.307306,135,5152.633853
435.926197,85,5152.783468
625.847259,122,5152.991154
435.619748,90,5153.152055
519.673196,95,5153.315038
902.290579,168,5153.605703
414.284856,81,5153.745494
622.818491,118,5153.946899
607.211736,122,5154.157706
578.078964,110,5154.349494
429.153721,80,5154.493317
598.947337,112,5154.688607
409.511251,78,5154.829605
560.306459,112,5155.034402
478.938609,95,5155.200047
506.115676,92,5158.736671
529.081833,100,5158.936436
480.153133,91,5159.117713
596.760095,112,5159.342702
506.688362,97,5159.533155
679.359185,132,5159.797072
461.367164,86,5159.964917
417.54285,79,5160.12235
445.254508,85,5160.292226
481.308608,84,5160.453142
537.331154,107,5160.6667
761.081991,154,5160.981625
479.321892,95,5161.165807
464.611325,86,5161.325229
510.005647,93,5161.479791
465.159944,87,5161.62706
439.304849,96,5161.782893
612.928113,128,5161.992859
510.366891,95,5162.15339
428.944549,82,5162.290969
443.389622,93,5162.437649
540.544487,104,5165.880244
148.699579,30,5165.928828
564.683341,105,5166.101878
534.453259,114,5166.29084
796.626331,147,5166.56215
432.0625,87,5166.721385
547.219777,112,5166.919661
461.863179,93,5167.078415
493.296254,93,5167.242501
523.262418,99,5167.411215
550.467754,103,5167.580892
448.340675,82,5167.720364
428.470506,91,5167.886512
414.472708,76,5168.015143
442.584774,82,5168.147194
558.971808,114,5168.340201
453.329108,85,5168.494416
487.460176,99,5168.662954
528.322942,111,5168.867126
591.65859,129,5169.098517
588.549831,106,5169.276409
619.59139,112,5173.10454
562.627923,114,5173.332979
573.134836,114,5173.556919
684.372853,125,5173.789256
506.21904,105,5173.967739
620.107765,116,5174.165293
455.806341,88,5174.314735
669.080875,123,5174.531927
432.575271,82,5174.674378
600.047658,112,5174.867961
495.163395,103,5175.04656
736.084048,136,5175.284231
425.680575,76,5175.407389
540.331064,100,5175.584533
330.179586,63,5175.685913
465.86038,92,5175.840556
512.448528,98,5176.018302
656.421957,132,5176.252549
481.137931,88,5176.401542
413.780011,75,5176.529294
381.929963,73,5179.940561
456.897447,85,5180.106878
512.326603,100,5180.307793
504.408003,107,5180.523967
664.281529,123,5180.773551
753.645688,159,5181.048167
527.650591,98,5181.210694
575.564338,124,5181.415338
520.97583,102,5181.583066
561.3287,110,5181.760503
450.851918,83,5181.894271
535.141372,109,5182.091643
463.142704,87,5182.264338
666.720479,123,5182.512953
577.704369,107,5182.727789
582.895207,107,5182.941196
484.061696,91,5183.120924
406.319867,75,5183.269057
146.492081,29,5183.32525
490.212303,97,5183.515192
575.866366,104,5187.115664
132.716865,28,5187.160956
552.269254,117,5187.364205
550.075938,105,5187.539294
473.73981,91,5187.699282
357.422625,67,5187.8134
633.742885,119,5188.013101
567.417715,109,5188.203271
586.167863,111,5188.395382
599.202633,114,5188.595083
690.409727,137,5188.835776
474.891785,90,5188.998499
407.841222,76,5189.137819
670.899041,119,5189.34011
697.689522,135,5189.571875
576.029671,120,5189.770493
355.962215,66,5189.882888
711.883519,143,5190.114495
539.119224,99,5190.276405
271.698362,50,5190.357033
647.468838,119,5190.561141
523.922786,100,5194.287995
631.211215,120,5194.52007
487.691329,93,5194.672718
542.535757,103,5194.829398
430.884119,82,5194.954403
470.798587,90,5195.094652
550.177393,107,5195.278539
750.12935,142,5195.518178
599.853151,114,5195.715352
543.908922,110,5195.896524
575.350407,121,5196.107177
757.327971,144,5196.352341
600.007287,110,5196.539368
496.988249,97,5196.704022
392.383761,73,5196.826838
446.906829,92,5196.971879
507.336841,94,5197.129108
474.113776,89,5197.278987
611.485206,115,5197.462993
382.122854,72,5200.903251
475.111981,96,5201.087434
638.806519,118,5201.313059
518.101682,106,5201.516664
428.976469,77,5201.660888
488.186135,99,5201.85871
581.768642,111,5202.071059
470.343464,93,5202.255644
627.953636,126,5202.505428
511.791417,101,5202.710997
643.909925,120,5202.952176
704.932673,137,5203.227262
365.558711,74,5203.375562
496.689501,93,5203.559976
527.764765,96,5203.749462
419.308993,85,5203.914776
467.783516,97,5204.105379
234.211848,45,5204.190841
430.534447,81,5204.346539
456.475054,86,5204.518307
544.200786,113,5204.734656
892.599288,170,5208.524011
477.517274,92,5208.706208
514.320789,102,5208.909984
467.79035,91,5209.086699
548.755759,105,5209.276561
688.793808,146,5209.525892
508.721022,89,5209.666843
469.172209,86,5209.804466
383.581242,72,5209.932651
813.118491,158,5210.217683
605.254249,116,5210.415221
625.085461,112,5210.609663
90.437606,19,5210.640166
491.743527,100,5210.803296
690.605625,129,5211.027565
656.708989,141,5211.257348
476.733847,94,5211.416239
539.714335,99,5211.579746
129.694773,27,5211.624277
404.16353,78,5211.748704
423.089311,91,5211.900403
589.802556,114,5215.548997
577.873144,103,5215.718896
615.869265,131,5215.936023
486.616214,105,5216.113042
508.287334,94,5216.261905
473.738635,98,5216.42106
493.630835,90,5216.565833
371.558218,82,5216.699065
523.891528,103,5216.863158
455.946284,87,5217.006641
604.10115,130,5217.213649
495.016863,106,5217.390187
635.434354,119,5217.590338
593.631132,112,5217.787189
748.365489,142,5218.032844
560.461188,115,5218.227398
611.601687,114,5218.40667
622.558339,118,5218.607856
380.419012,73,5218.733091
432.820273,80,5222.231315
414.70702,78,5222.383598
738.165697,147,5222.67916
485.099799,93,5222.857588
444.998127,85,5223.025308
543.069907,102,5223.222492
757.731866,147,5223.517222
568.630632,118,5223.716046
661.301412,119,5223.910478
594.863327,121,5224.100862
515.610177,99,5224.258513
449.599082,89,5224.42854
410.304785,79,5224.586235
466.955043,88,5224.758507
393.601586,75,5224.911543
432.691999,83,5225.078744
847.789941,169,5225.424414
582.341878,110,5225.639312
456.835252,87,5225.809357
496.609785,95,5225.998566
729.92349,140,5229.561289
492.134231,94,5229.713111
720.046589,138,5229.941529
484.671478,92,5230.096632
561.150332,100,5230.27291
467.900418,95,5230.428319
620.248311,136,5230.67606
654.395925,130,5230.903449
595.666987,113,5231.083621
629.988686,115,5231.281688
413.330579,80,5231.421441
442.09482,82,5231.565092
554.126523,98,5231.730842
514.714311,96,5231.902619
402.802718,78,5232.033414
539.904981,100,5232.213303
410.352392,79,5232.350254
509.729697,95,5232.50815
789.719529,151,5232.762824
410.784529,80,5236.308752
519.74065,99,5236.502558
527.596098,108,5236.711105
462.088648,90,5236.895116
440.304052,83,5237.055656
565.467534,112,5237.281683
543.569775,113,5237.508177
412.546669,77,5237.657873
384.189394,78,5237.81498
519.40303,96,5238.004971
493.209646,95,5238.193204
371.393733,69,5238.330927
524.703671,115,5238.563945
643.878819,126,5238.809423
512.102345,112,5239.039781
433.867224,78,5239.193378
533.946352,111,5239.417347
442.695154,86,5239.59075
362.500027,69,5239.727559
143.055082,29,5239.786001
728.733668,144,5240.050992
783.355404,161,5243.634931
660.922371,121,5243.831256
448.754252,89,5243.973101
513.697523,98,5244.140349
520.470306,100,5244.309997
448.721117,84,5244.460836
638.797943,121,5244.66851
501.695858,93,5244.818488
650.541819,125,5245.024444
614.116208,109,5245.204812
554.682486,105,5245.385283
504.24033,94,5245.542133
600.199155,114,5245.727577
501.767966,103,5245.895569
610.045287,110,5246.072595
593.830449,115,5246.264495
593.277549,111,5246.444091
677.696751,133,5246.671671
459.175748,91,5246.817784
504.091539,99,5246.978937
90.546332,20,5250.703015
428.610646,82,5250.861828
833.198283,158,5251.170706
775.099149,141,5251.431409
503.303955,107,5251.606527
650.478305,122,5251.809903
586.512527,108,5251.992285
582.662936,115,5252.187491
693.643188,139,5252.42174
536.918632,101,5252.594334
509.877386,98,5252.757228
498.457714,96,5252.919668
421.559403,82,5253.050191
491.993729,95,5253.208473
428.905424,80,5253.338596
541.256457,102,5253.511444
512.713995,99,5253.679321
552.14443,107,5253.855577
746.317252,142,5254.09397
782.699195,149,5257.741907
456.200467,88,5257.874813
438.288397,80,5257.993494
407.600477,77,5258.109099
559.293005,108,5258.291646
765.061024,151,5258.543494
702.764937,134,5258.766603
638.372303,127,5259.006811
455.718295,92,5259.193298
549.906105,105,5259.388397
443.53028,84,5259.52712
514.445367,96,5259.681823
610.006248,114,5259.864887
856.101139,170,5260.127155
470.707989,94,5260.273755
594.582104,118,5260.44944
534.396976,110,5260.61308
718.241233,139,5260.821032
574.45306,108,5264.317439
666.726948,129,5264.574798
551.560193,112,5264.799673
629.220884,118,5265.033887
392.703659,72,5265.169757
538.66472,100,5265.361951
429.079789,85,5265.522212
507.403369,109,5265.722328
591.584374,115,5265.913407
433.773302,86,5266.064601
420.780066,80,5266.187018
546.69875,108,5266.377591
753.975161,154,5266.649123
425.10407,87,5266.800685
582.571246,120,5267.008516
493.513996,93,5267.161605
463.359663,93,5267.326504
508.458943,94,5267.479851
540.633801,112,5267.669585
803.692271,153,5271.202699
489.809766,93,5271.388427
809.049299,151,5271.684922
534.339795,107,5271.901963
580.692949,121,5272.142115
524.972155,96,5272.330055
374.723311,69,5272.462164
450.673382,88,5272.639947
492.989394,103,5272.847233
486.367836,95,5273.027933
586.609378,115,5273.227215
409.548251,87,5273.367755
388.662317,81,5273.505267
595.899009,119,5273.709018
161.73171,33,5273.762608
787.650781,152,5274.020195
495.347995,95,5274.185583
537.959543,97,5274.351947
599.824,113,5274.548127
587.325832,107,5274.7294
595.588619,118,5278.147629
508.728911,101,5278.341537
469.404135,91,5278.515627
530.188173,118,5278.74266
543.64165,119,5278.976441
609.485648,117,5279.214904
448.321463,82,5279.376107
475.657827,92,5279.557009
764.276401,169,5279.898482
514.760162,105,5280.110134
537.11494,112,5280.334903
517.728133,106,5280.549029
474.307158,92,5280.732572
520.085739,107,5280.94399
532.982429,105,5281.157182
454.5328,91,5281.338488
576.094511,109,5281.554476
531.304708,104,5281.761862
481.611998,90,5281.940816
745.562462,142,5285.68235
587.22573,118,5285.882382
713.60203,127,5286.084906
505.844921,95,5286.245883
498.404174,104,5286.423525
428.006152,86,5286.577778
509.674898,93,5286.723579
453.824929,84,5286.86589
628.269367,124,5287.068221
685.399866,134,5287.297316
586.390107,108,5287.473201
473.05212,93,5287.624812
486.3664,90,5287.771156
368.40802,71,5287.891653
516.488589,102,5288.055417
543.521025,100,5288.225823
476.795142,91,5288.380507
669.170452,136,5288.614082
525.927437,98,5288.784734
559.517874,108,5288.969217
457.089011,87,5292.749698
449.946236,83,5292.910287
489.407847,89,5293.084309
448.596517,91,5293.261245
489.92304,91,5293.441867
379.541244,72,5293.577519
437.399478,82,5293.735035
492.339157,103,5293.943735
457.616077,93,5294.128776
585.693227,106,5294.341088
551.297676,118,5294.571628
505.01918,98,5294.763148
436.164414,83,5294.920597
691.521933,130,5295.173636
554.486573,99,5295.360576
650.869639,120,5295.57088
419.933802,83,5295.715919
529.05001,102,5295.887145
440.213725,81,5296.015163
583.17638,110,5296.206913
568.619423,109,5296.393029
445.981725,88,5296.542132
620.249787,128,5300.116909
480.477223,87,5300.286059
579.646661,105,5300.494079
599.723149,110,5300.714914
656.844746,126,5300.969173
537.240631,104,5301.180772
473.095264,94,5301.376591
545.633386,119,5301.623573
442.784543,86,5301.797402
462.776393,88,5301.975796
640.39068,118,5302.219053
620.139814,131,5302.478536
538.092009,106,5302.69207
515.357434,106,5302.905621
803.688605,161,5303.242066
441.522989,84,5303.412397
428.033371,80,5303.574803
504.458808,93,5303.762538
534.823958,116,5304.003411
369.318579,67,5307.592753
617.03011,115,5307.781994
774.708757,148,5308.036426
605.611339,108,5308.223394
554.457086,104,5308.405593
613.71317,123,5308.622616
461.496017,94,5308.786373
468.759813,94,5308.951074
555.724988,109,5309.137076
545.69395,110,5309.329938
367.717374,74,5309.459113
359.162831,66,5309.565237
652.339058,124,5309.786192
471.806228,88,5309.944387
466.171872,90,5310.104112
148.414737,30,5310.15017
643.484431,117,5310.347232
699.026426,131,5310.565066
463.491528,86,5310.706505
480.086692,92,5310.866626
494.16415,92,5314.499543
1055.097557,210,5314.92009
419.981883,79,5315.078076
498.305599,99,5315.278891
530.559022,102,5315.479612
461.782363,90,5315.661894
546.685487,102,5315.862462
699.840785,155,5316.172146
540.964345,98,5316.362355
774.780767,163,5316.683823
459.308832,86,5316.830118
477.966266,93,5316.986763
445.399527,83,5317.13151
555.714383,115,5317.322574
409.393012,82,5317.464603
615.031021,118,5317.658901
553.725038,115,5317.85818
602.57268,115,5318.050475
569.251854,106,5318.218759
562.703107,105,5321.716171
662.377391,140,5321.991142
567.923591,104,5322.196441
390.676384,82,5322.353192
570.533916,113,5322.587302
538.992151,103,5322.795659
737.671635,144,5323.082103
791.169859,148,5323.381508
471.933173,90,5323.559565
389.045026,76,5323.684266
384.527835,81,5323.813995
536.115174,100,5323.966118
464.153582,100,5324.125371
439.576626,82,5324.251158
447.906624,81,5324.370978
684.003555,133,5324.583411
550.338087,103,5324.752566
589.392106,125,5324.953978
721.871485,138,5325.166109
632.631263,119,5328.610211
579.520277,125,5328.819704
447.510958,93,5328.974073
483.677337,92,5329.132789
643.266914,126,5329.346408
523.060407,97,5329.505899
457.25553,88,5329.657033
558.520839,100,5329.825945
502.395058,96,5329.992468
516.769687,93,5330.155204
459.493908,91,5330.302697
494.852689,103,5330.485895
481.812115,94,5330.655547
403.892948,75,5330.786869
360.171147,72,5330.916558
417.37045,84,5331.06922
671.196914,128,5331.289505
386.273092,81,5331.433931
562.206686,104,5331.605934
781.183828,139,5331.840515
448.688958,86,5335.372601
543.98096,104,5335.581396
672.618043,127,5335.832129
427.180453,84,5335.996486
488.999354,105,5336.210172
444.94819,91,5336.394658
554.771785,112,5336.62115
459.827513,102,5336.818233
647.251331,122,5337.065124
649.050514,121,5337.30704
623.53758,117,5337.545046
509.948492,91,5337.710369
582.214785,107,5337.884958
492.992007,89,5338.030259
443.153876,93,5338.18236
155.013064,31,5338.232146
540.758407,120,5338.434598
461.78655,100,5338.596006
376.124435,69,5338.702883
485.568912,97,5338.861726
494.153535,103,5339.049915
547.418639,113,5342.477355
464.218399,87,5342.631385
760.19451,141,5342.854267
494.204147,102,5343.011328
687.185416,133,5343.229487
423.233711,83,5343.365294
436.862494,87,5343.518723
625.676637,115,5343.713762
476.841237,94,5343.879926
610.437357,117,5344.10339
509.805493,93,5344.286926
469.402692,100,5344.488697
394.577122,81,5344.652592
484.783458,92,5344.842815
619.177668,121,5345.088209
530.544579,101,5345.297611
461.253387,98,5345.497605
567.676507,118,5345.741059
512.88434,100,5345.951798
457.886908,88,5346.133452
596.812959,124,5349.931626
658.370015,135,5350.194499
491.22298,110,5350.372013
474.901751,95,5350.518669
490.176248,103,5350.69837
553.114772,119,5350.903171
466.478474,96,5351.069917
616.163961,114,5351.260234
393.320817,77,5351.398208
535.39731,100,5351.572726
527.895307,103,5351.756696
102.228531,22,5351.795698
847.127732,162,5352.089488
484.046149,99,5352.262536
557.393065,110,5352.457134
464.452336,88,5352.617159
475.434233,90,5352.773056
523.490546,100,5352.951557
707.47729,141,5353.213176
409.815762,80,5353.360535
656.338002,129,5357.10125
471.999116,95,5357.250211
593.47705,111,5357.423772
520.385587,102,5357.580286
530.441569,111,5357.753207
501.641351,106,5357.917249
504.831779,95,5358.061979
678.35567,125,5358.258863
398.818733,77,5358.384547
498.764778,93,5358.544056
473.726565,91,5358.700559
585.714505,111,5358.888546
543.682846,97,5359.051397
538.258582,107,5359.234229
450.980245,94,5359.39434
846.918451,172,5359.669786
739.669905,148,5359.914018
440.520583,87,5360.056011
484.028619,92,5360.204502
732.903475,138,5363.812216
635.609131,131,5364.060621
496.966046,101,5364.239517
656.941592,123,5364.435108
478.439188,99,5364.600138
437.005807,82,5364.731912
663.211196,123,5364.94893
560.417588,111,5365.135041
616.875763,115,5365.333388
642.77593,123,5365.556788
796.036705,160,5365.847457
620.976686,115,5366.04718
627.869416,124,5366.261221
677.453808,125,5366.484544
706.337752,129,5366.734509
472.389854,89,5366.905529
568.088638,97,5367.092769
477.549704,102,5370.781277
500.993433,105,5370.994276
538.335405,116,5371.214903
456.575884,91,5371.39787
436.851838,89,5371.542134
557.622377,109,5371.701204
423.7302,81,5371.822437
640.08984,122,5372.021363
442.070605,94,5372.183121
560.850558,110,5372.368789
471.513119,96,5372.538477
525.982489,99,5372.711316
388.085384,77,5372.842486
475.693786,90,5372.996162
387.514035,74,5373.120653
666.551998,128,5373.345123
520.39684,101,5373.523985
536.102589,99,5373.698834
881.311283,168,5374.000409
661.403467,131,5374.230886
719.56233,141,5377.848938
460.062647,91,5378.023313
492.782345,94,5378.2051
366.624826,73,5378.349306
509.798017,103,5378.555175
360.411936,69,5378.690551
735.001967,138,5378.969865
474.839983,93,5379.157803
535.200498,103,5379.362072
601.976409,116,5379.564128
447.092485,82,5379.698655
524.020856,114,5379.899973
442.248735,85,5380.040526
442.801994,86,5380.183209
548.537878,103,5380.354717
471.562509,94,5380.513134
412.002149,81,5380.648564
735.802018,144,5380.897896
492.349002,99,5381.066675
620.939046,132,5381.292218
603.062108,111,5384.764399
675.938378,134,5384.990035
524.342899,105,5385.164505
583.535,112,5385.341715
574.685697,121,5385.542987
484.354428,97,5385.717025
480.678072,95,5385.871821
589.490324,109,5386.048262
444.385239,94,5386.199187
86.359142,18,5386.228874
492.814514,100,5386.397907
519.719124,109,5386.595201
498.214621,107,5386.782506
490.902932,104,5386.957971
557.6816,115,5387.151034
689.00595,133,5387.383561
326.362661,65,5387.50022
637.438482,118,5387.709332
370.026957,77,5387.843859
639.595162,121,5388.061075
428.270587,81,5391.81098
555.160457,111,5392.035079
669.213364,130,5392.296597
551.098528,117,5392.537738
339.984529,69,5392.671377
482.812235,104,5392.876315
595.484774,112,5393.097568
452.102063,90,5393.274978
569.984987,106,5393.482968
438.843599,89,5393.66596
493.235116,98,5393.861139
465.694926,101,5394.039145
640.199565,116,5394.230219
387.044453,76,5394.357711
544.922306,100,5394.537095
483.760198,100,5394.707433
451.424646,83,5394.85296
409.184516,82,5394.995812
544.655951,115,5395.197054
631.728279,123,5395.419489
458.491491,87,5395.578197
422.241137,90,5399.039136
590.160403,107,5399.216685
460.244381,88,5399.361703
603.450055,118,5399.556002
348.972305,72,5399.683603
532.355469,97,5399.817856
398.484255,76,5399.924927
460.082371,88,5400.057784
491.837435,104,5400.247202
461.159264,87,5400.421771
444.021601,84,5400.588256
570.433947,124,5400.843223
493.594881,102,5401.050463
503.745751,95,5401.242826
522.419309,111,5401.471878
491.220379,101,5401.677494
493.192884,98,5401.878152
415.338392,88,5402.052921
494.953403,92,5402.243191
426.062589,82,5402.410673
413.204445,82,5402.5797
540.274857,100,5406.192536
569.266411,109,5406.364696
567.16968,117,5406.560556
510.781927,106,5406.765545
406.501895,81,5406.920763
461.313813,89,5407.090189
837.392151,159,5407.394676
686.87814,133,5407.65436
431.208327,89,5407.831357
726.737698,145,5408.113717
464.219119,86,5408.281965
407.227096,77,5408.432554
712.667105,143,5408.714059
691.777549,130,5408.966722
667.146598,122,5409.199809
450.982454,92,5409.373547
647.978228,117,5409.583678
628.500192,121,5409.792051
451.889927,86,5409.94884
401.341612,82,5413.69698
729.647429,139,5413.975212
644.423525,122,5414.214865
425.428099,83,5414.380082
449.980517,83,5414.543523
642.561798,121,5414.785802
554.960661,115,5415.013946
560.673514,108,5415.231903
700.829076,128,5415.482521
465.842604,89,5415.658714
625.040441,117,5415.894478
485.11389,90,5416.062596
740.558273,137,5416.30109
569.236739,105,5416.487375
449.737642,94,5416.65593
588.991775,114,5416.862896
461.201034,87,5417.005049
470.84999,96,5417.173937
737.781235,152,5417.442822
401.741024,80,5420.893223
698.12944,129,5421.146265
531.920186,105,5421.350881
491.769385,100,5421.545282
541.730403,101,5421.743968
596.361664,124,5421.988308
520.824601,98,5422.180789
552.673168,102,5422.348884
542.643318,104,5422.51424
543.489664,114,5422.698652
435.421373,83,5422.829976
583.24664,106,5423.000693
467.470205,89,5423.143302
618.210597,120,5423.346922
494.015576,93,5423.499681
597.632614,112,5423.685907
479.473514,94,5423.846101
371.666967,73,5423.967732
607.18412,126,5424.179894
450.667235,88,5424.327659
432.937682,82,5427.939326
122.341189,26,5427.982201
575.898993,108,5428.163222
504.542796,103,5428.339343
375.807106,70,5428.455759
672.594162,130,5428.685472
450.152015,87,5428.828214
415.78234,82,5428.970423
572.255322,105,5429.144537
571.112385,109,5429.328968
491.598433,94,5429.485424
560.923556,114,5429.68193
546.01641,113,5429.877508
455.111264,86,5430.019668
446.878311,88,5430.175835
456.025762,85,5430.32348
429.398048,87,5430.473337
531.078744,107,5430.653314
86.165005,18,5430.681403
576.828404,111,5430.868646
543.530972,116,5431.067338
469.128585,89,5431.216457
585.480656,115,5434.547049
376.891511,71,5434.683366
471.337599,92,5434.857446
417.715429,78,5435.012055
474.035549,95,5435.206926
604.134728,118,5435.449525
403.854291,82,5435.61291
450.515012,96,5435.768861
359.453579,70,5435.877943
651.597522,122,5436.071363
625.455521,118,5436.258981
538.059556,99,5436.428413
530.407208,104,5436.603782
427.688771,84,5436.73652
497.638971,102,5436.909284
626.027986,116,5437.09578
542.87474,102,5437.264126
715.991626,137,5437.486144
592.834319,116,5437.677039
673.802955,126,5437.881099
522.417375,102,5441.379131
456.85005,98,5441.539694
478.388076,87,5441.674248
530.95482,103,5441.860894
449.220358,86,5442.025788
442.403034,87,5442.19595
646.884602,134,5442.458103
478.825737,91,5442.630647
1027.764356,206,5443.043443
483.541262,91,5443.201072
477.329392,98,5443.3824
520.970697,97,5443.570758
753.257282,143,5443.85672
592.592026,109,5444.072256
515.901484,103,5444.283313
400.978334,82,5444.430406
463.945177,84,5444.561063
521.163673,97,5444.716581
505.334831,95,5444.871376
448.039283,85,5445.009789
522.018073,107,5448.511222
462.532651,92,5448.664726
517.761448,102,5448.825935
585.208188,115,5449.017945
467.674729,88,5449.172588
623.229214,128,5449.394699
560.121709,107,5449.572389
441.742125,81,5449.709688
447.361156,95,5449.878749
526.076066,102,5450.056256
449.863944,92,5450.21429
441.342159,85,5450.36535
469.292754,95,5450.527153
821.026926,165,5450.802656
397.76658,78,5450.931499
102.274326,21,5450.96116
574.232487,109,5451.138948
586.426128,122,5451.344539
85.34719,18,5451.374395
429.021536,81,5451.505345
530.243629,101,5451.672885
508.435576,97,5451.846261
542.901645,109,5455.288427
460.259853,88,5455.429511
532.69224,110,5455.645875
568.156028,105,5455.85439
579.498089,126,5456.112322
498.470694,106,5456.326192
494.034382,101,5456.534666
1337.833462,273,5457.090239
461.807524,103,5457.298492
379.286543,77,5457.455724
579.711376,122,5457.699348
649.351676,126,5457.959438
544.186134,102,5458.159591
564.741411,108,5458.376081
625.905988,120,5458.615856
585.288123,109,5458.834323
221.540551,44,5458.91961
656.958452,125,5459.169396
564.479414,109,5462.612479
517.138018,93,5462.760104
509.816174,102,5462.931124
377.169292,73,5463.055209
494.910173,98,5463.221981
443.799149,81,5463.354234
393.81913,79,5463.498544
440.472814,86,5463.646659
366.480793,71,5463.769171
553.830383,102,5463.946839
591.022089,119,5464.154789
472.239271,90,5464.328018
459.920359,98,5464.51778
439.785001,90,5464.69447
508.726783,111,5464.912169
484.418903,92,5465.092393
408.048065,79,5465.242734
423.55254,81,5465.396749
411.178874,81,5465.553383
474.371167,93,5465.736861
542.736846,106,5465.948315
447.710184,88,5466.119627
502.763857,102,5469.856367
476.832554,100,5470.058654
725.324027,159,5470.354629
637.407891,117,5470.546201
635.592265,127,5470.758296
617.770212,114,5470.9496
465.572149,94,5471.117296
587.05444,107,5471.300487
560.162881,108,5471.483292
493.233219,99,5471.648663
457.710087,88,5471.800316
479.697695,88,5471.946996
499.85599,92,5472.097493
520.232389,107,5472.28595
951.65499,195,5472.632068
465.751543,91,5472.793159
699.04685,150,5473.040692
552.070932,103,5473.217109
1065.696402,215,5476.906218
134.354483,27,5476.9466
522.181937,113,5477.14323
495.947131,92,5477.315942
494.526586,97,5477.508717
517.145767,98,5477.706999
571.577689,108,5477.919984
439.254215,85,5478.091236
550.187133,116,5478.333302
530.106102,104,5478.542723
453.273493,96,5478.738006
386.185229,78,5478.894666
515.729004,97,5479.089648
526.422742,99,5479.287755
535.069573,109,5479.507483
431.316683,89,5479.695735
480.322668,98,5479.891999
582.364508,109,5480.108438
486.50956,100,5480.309443
712.168262,136,5480.587786
718.657232,136,5484.183632
441.784944,92,5484.347866
489.528185,99,5484.527141
451.302448,90,5484.687159
549.351818,103,5484.869353
574.70918,110,5485.053483
476.435451,97,5485.224653
606.064136,118,5485.423702
486.205308,94,5485.582822
529.861052,101,5485.754107
426.485693,82,5485.89215
466.148075,87,5486.031769
740.622135,136,5486.264242
514.57338,95,5486.425065
536.124123,99,5486.584019
473.943189,89,5486.740526
526.637395,99,5486.913203
491.92254,93,5487.082041
784.350667,155,5487.335637
639.979741,118,5491.113056
488.689942,102,5491.278582
540.953557,104,5491.452492
554.320453,120,5491.659077
574.704773,112,5491.852334
701.062919,141,5492.084633
448.990905,86,5492.227169
585.287528,113,5492.423153
546.624314,103,5492.588286
650.691425,127,5492.791584
322.724161,64,5492.908138
613.993094,126,5493.120983
418.226337,79,5493.246417
494.320784,102,5493.411762
727.02769,132,5493.63948
626.987958,128,5493.854093
515.005615,103,5494.029093
543.79232,101,5494.203979
448.705467,88,5494.357887
485.489876,90,5497.819861
658.617017,145,5498.110109
562.850949,103,5498.314902
514.7982,104,5498.51822
577.226749,111,5498.710253
564.088198,104,5498.899771
436.610068,85,5499.045095
381.603333,75,5499.169885
641.232108,135,5499.423506
640.861369,121,5499.665986
546.395817,112,5499.889079
493.407772,100,5500.09359
524.0516,104,5500.300878
634.69054,121,5500.546387
381.943151,78,5500.70358
579.183867,109,5500.923382
425.212183,84,5501.086584
457.97063,92,5501.271566
567.505213,112,5501.4911
528.307927,107,5501.698425
497.775287,97,5505.206563
135.692132,27,5505.252195
366.625245,72,5505.377501
461.545556,97,5505.540156
478.858676,95,5505.711742
629.5453,130,5505.937272
501.988714,107,5506.119189
407.131898,78,5506.261506
546.485539,107,5506.445471
520.038816,96,5506.607145
575.230504,108,5506.785755
144.600896,29,5506.831938
373.071748,72,5506.96501
511.258705,109,5507.160591
474.882723,89,5507.311803
520.892275,100,5507.486538
562.296906,109,5507.676081
594.731771,129,5507.906959
531.88997,108,5508.089043
564.158451,107,5508.274356
583.846342,115,5508.474512
573.271565,109,5508.641458
434.146085,89,5511.992293
377.680363,69,5512.099053
489.026231,96,5512.246259
554.337983,101,5512.392385
413.707947,84,5512.523272
473.655038,99,5512.680414
373.281349,73,5512.804516
508.736677,99,5512.96999
610.637644,113,5513.146273
449.201295,87,5513.289467
718.802274,139,5513.529814
543.92756,104,5513.704095
562.047969,104,5513.905088
529.100942,96,5514.094642
492.810486,92,5514.273883
747.705961,141,5514.549221
602.902037,108,5514.765529
382.669272,77,5514.917844
626.621969,116,5515.15024
558.547939,119,5515.392644
522.544382,99,5518.889508
496.011758,91,5519.047919
637.631867,123,5519.250746
531.677779,99,5519.416275
705.899029,135,5519.643068
631.356829,129,5519.856354
507.629829,98,5520.022526
655.767698,127,5520.23957
526.894305,101,5520.403223
712.948088,138,5520.621296
467.156439,99,5520.781752
446.815811,84,5520.927508
529.305731,100,5521.091672
473.064059,101,5521.254332
504.797617,107,5521.420714
480.056365,94,5521.568122
723.584471,141,5521.796018
570.327493,105,5521.959923
787.244267,141,5525.59638
481.929503,91,5525.751914
605.973075,114,5525.938967
362.151707,69,5526.052563
528.220665,110,5526.234736
700.929182,136,5526.475677
745.662731,137,5526.702067
421.799254,83,5526.851845
469.602264,92,5527.00858
90.203333,19,5527.037344
412.305728,78,5527.171513
181.795296,35,5527.228328
635.0731,121,5527.437886
667.600971,130,5527.661796
538.025182,98,5527.824997
556.243012,103,5528.005376
673.934913,130,5528.238295
812.935525,171,5528.529242
734.230918,141,5528.771265
711.470469,146,5529.020734
529.122179,104,5532.638129
476.687347,89,5532.812177
656.682616,134,5533.079259
471.390004,87,5533.248278
170.395776,34,5533.314031
470.162969,87,5533.485235
380.46271,76,5533.640091
514.406433,103,5533.841397
493.932222,94,5534.024563
325.937369,64,5534.151364
694.401856,137,5534.424554
520.250183,103,5534.630521
484.59401,91,5534.807356
553.708296,107,5535.016832
561.764031,107,5535.232823
585.268705,119,5535.471215
524.863903,114,5535.700715
483.472642,101,5535.899418
413.53105,79,5536.052351
580.908313,115,5536.281541
500.114885,100,5536.482342
587.362695,118,5540.078815
603.170064,112,5540.266963
557.753648,110,5540.461125
809.477377,159,5540.741627
390.305699,73,5540.861321
589.272997,106,5541.031997
610.929947,125,5541.238204
593.838215,110,5541.424551
610.0525,120,5541.625042
761.933948,142,5541.861188
653.234682,120,5542.075761
518.828001,103,5542.260351
645.566328,120,5542.457557
505.559391,99,5542.617665
373.464472,77,5542.745255
589.181566,117,5542.943471
542.352485,103,5543.109022
463.115435,98,5543.261674
584.985895,111,5546.963474
652.365484,127,5547.166554
473.89888,92,5547.323981
778.15306,143,5547.57121
538.624705,118,5547.772308
545.831506,109,5547.964541
602.05221,120,5548.161755
748.56864,145,5548.40713
429.805414,85,5548.55249
457.956082,92,5548.711187
742.279055,147,5548.967792
449.255741,92,5549.130897
615.289159,135,5549.355538
622.795611,138,5549.609907
644.32906,120,5549.82132
542.610909,108,5550.006424
460.851742,89,5550.162197
817.392765,151,5553.825763
572.229911,108,5554.009005
650.220495,123,5554.203397
610.437902,126,5554.39745
385.973638,80,5554.518607
510.123921,107,5554.699921
544.584147,109,5554.882263
393.110079,75,5555.004937
481.474322,90,5555.154668
476.337425,89,5555.271379
597.382898,116,5555.427175
608.298441,114,5555.592993
624.18858,118,5555.774393
615.220346,117,5555.961541
508.321993,107,5556.130717
546.71167,102,5556.298075
894.146085,173,5556.565579
557.699305,119,5556.750995
472.236361,100,5556.907295
451.098342,86,5560.343633
625.653538,116,5560.571379
518.276107,101,5560.762259
514.742982,100,5560.932228
383.620471,80,5561.05733
463.810275,97,5561.224055
463.368842,93,5561.384347
464.472257,90,5561.535542
541.621518,114,5561.739166
582.719715,120,5561.950776
637.579505,118,5562.152286
446.684945,89,5562.311424
441.718357,86,5562.456352
463.481247,92,5562.610403
461.530595,95,5562.774667
477.748517,96,5562.939312
508.856963,107,5563.121115
514.123353,102,5563.296823
793.377278,158,5563.579505
526.892093,102,5563.749791
475.238614,91,5567.5672
574.516269,110,5567.788344
572.894131,121,5568.025181
481.600227,103,5568.239988
608.63893,128,5568.48429
577.231301,114,5568.693772
519.436604,95,5568.855087
168.807311,33,5568.911798
609.142839,121,5569.117606
486.644371,105,5569.301793
460.113395,87,5569.460091
661.119953,131,5569.692142
892.550579,177,5569.988268
505.96815,96,5570.148844
610.506439,116,5570.346226
439.803138,94,5570.505261
700.855677,128,5570.725201
465.491614,86,5570.873856
619.240675,125,5571.097463
420.3997,91,5574.587029
510.112197,102,5574.792367
563.819327,124,5575.04551
693.895295,138,5575.322851
517.861436,107,5575.540122
529.170594,101,5575.74826
490.750916,95,5575.938201
566.91657,121,5576.184678
580.284441,111,5576.404085
599.186378,112,5576.622454
471.499704,90,5576.769278
397.027965,83,5576.90946
545.036216,108,5577.091701
403.801197,75,5577.213193
447.428992,83,5577.348942
596.510656,129,5577.566081
479.123285,93,5577.708237
613.965878,120,5577.900973
281.728398,57,5577.99115
417.618549,80,5578.121254
724.366533,143,5581.685996
434.532015,84,5581.82776
484.167139,92,5581.975787
544.834492,105,5582.143242
383.283035,76,5582.273013
488.192566,98,5582.447278
471.063993,94,5582.613885
686.077563,136,5582.85498
558.333452,115,5583.045934
495.238925,87,5583.191344
530.430357,107,5583.377536
1030.549744,195,5583.723893
468.867465,86,5583.868467
167.447688,34,5583.927673
516.432382,100,5584.105567
474.331925,95,5584.274632
602.587492,119,5584.483052
621.279585,116,5584.683051
557.935167,117,5584.874195
555.669659,101,5585.04506
645.648589,122,5588.892435
345.595823,66,5589.022305
563.773254,102,5589.222304
144.38238,29,5589.279495
538.637298,107,5589.498005
469.70179,91,5589.659868
573.108738,112,5589.847751
471.438376,99,5590.014975
494.713122,102,5590.187853
693.254281,130,5590.41578
130.993892,27,5590.461693
548.036757,109,5590.656785
557.010187,113,5590.853797
468.538166,92,5591.015436
740.697725,134,5591.251107
564.03585,121,5591.469608
712.820118,133,5591.697085
468.216587,89,5591.850543
568.600307,105,5592.02967
483.053538,96,5592.189276
117.358021,25,5592.224745
805.707945,151,5595.770107
485.089471,96,5595.932194
448.584179,87,5596.076828
507.417168,99,5596.238939
616.450304,131,5596.466021
619.687719,123,5596.677753
334.090232,67,5596.795152
171.07139,35,5596.855603
629.296821,116,5597.054754
416.783238,81,5597.202412
612.685358,114,5597.40033
395.183667,77,5597.532773
666.821886,128,5597.763746
704.33197,128,5597.987538
611.359247,128,5598.201266
372.18995,77,5598.332677
436.590836,85,5598.468543
614.337705,119,5598.671411
691.762341,128,5598.889352
625.151093,120,5599.08692
718.257808,137,5602.800533
563.710095,108,5603.002167
916.642512,173,5603.266582
401.15429,80,5603.399877
435.526141,85,5603.539397
577.904453,112,5603.730994
487.734203,91,5603.891665
543.088038,100,5604.06446
508.865134,101,5604.227158
428.227369,80,5604.359602
126.083296,26,5604.403192
320.373844,63,5604.514573
445.726556,92,5604.682635
519.768869,113,5604.89353
453.073044,93,5605.061106
551.445564,115,5605.258743
404.503928,82,5605.402609
655.172608,138,5605.65041
461.077128,92,5605.814535
487.786862,97,5605.990178
660.863654,123,5609.729141
173.394219,35,5609.7985
579.298929,107,5610.006835
560.321189,106,5610.211206
659.485231,123,5610.415456
545.514528,107,5610.596457
446.844056,88,5610.730724
541.347905,103,5610.891225
528.255419,100,5611.059656
406.480317,76,5611.191856
475.543322,93,5611.349848
605.749673,119,5611.543115
615.262442,119,5611.748874
504.82628,96,5611.926017
539.112186,98,5612.091459
439.204239,83,5612.232384
576.569826,116,5612.441567
443.119561,91,5612.607647
621.595224,115,5612.815857
511.349786,100,5612.998595
480.868847,88,5613.148585
764.5132,150,5616.738099
571.279309,109,5616.951421
478.678819,92,5617.128816
526.252076,107,5617.340363
165.546474,33,5617.403117
465.020497,99,5617.569328
520.156441,96,5617.728144
425.49743,88,5617.907088
170.922853,34,5617.971328
520.136478,94,5618.15969
706.415345,142,5618.448296
146.507466,30,5618.507765
631.136271,119,5618.748021
607.811232,113,5618.976421
757.013497,137,5619.252957
635.143453,118,5619.489834
472.111066,103,5619.696122
501.037191,95,5619.888874
552.514889,112,5620.117996
446.338144,98,5620.320547
588.663272,111,5620.549714
684.010171,138,5624.406716
183.024453,36,5624.470947
749.272046,142,5624.712509
568.91926,110,5624.914194
676.793728,131,5625.129352
466.70469,91,5625.269562
571.123412,112,5625.4593
310.397861,60,5625.56262
928.061631,180,5625.880623
462.736024,87,5626.031283
528.187704,108,5626.221006
499.86885,98,5626.39239
511.227565,101,5626.571668
494.478235,100,5626.747691
549.973422,112,5626.957627
499.113435,104,5627.147411
662.266019,132,5627.378305
607.51278,112,5627.5758
398.685474,78,5627.701693
495.087921,91,5631.237436
455.808577,85,5631.406373
533.683981,97,5631.596187
583.230938,109,5631.819177
150.278096,30,5631.878459
632.76987,132,5632.14569
794.154511,148,5632.440898
506.822594,107,5632.65361
638.898479,126,5632.904522
664.942091,123,5633.14914
705.891928,131,5633.408657
540.409728,102,5633.606937
385.079344,75,5633.760285
410.857799,81,5633.920033
447.413872,83,5634.08703
458.940177,88,5634.264137
505.770492,104,5634.453991
601.645298,125,5634.666692
601.629315,122,5634.875253
438.715638,87,5635.027921
658.49422,121,5638.561252
570.466584,108,5638.750937
416.59551,78,5638.879667
612.649248,120,5639.068484
738.978292,149,5639.326774
424.209301,83,5639.456878
568.23394,119,5639.651048
423.041296,83,5639.784867
509.809159,96,5639.944026
621.169339,116,5640.143371
459.729938,102,5640.329189
451.13376,88,5640.481648
512.593396,101,5640.656941
639.697255,139,5640.8988
561.291165,114,5641.090836
700.209122,137,5641.336324
558.893755,112,5641.535917
493.73155,106,5641.707369
470.967534,90,5641.858468
536.879569,114,5645.717397
382.403249,76,5645.86619
590.151889,113,5646.089356
593.324923,110,5646.309793
578.715819,110,5646.523428
521.611522,107,5646.730234
471.391815,97,5646.916646
911.480883,180,5647.267683
445.608197,88,5647.446532
548.250157,103,5647.646987
470.619956,88,5647.800905
707.353981,137,5648.044589
738.428785,140,5648.297518
565.369265,106,5648.4789
623.944148,116,5648.670695
513.270307,104,5648.84873
466.642964,89,5649.003894
593.569423,121,5649.214045
539.710254,104,5652.467592
561.716375,110,5652.647097
595.154842,116,5652.829609
612.497866,119,5653.02758
389.909787,85,5653.155976
532.973689,108,5653.318682
518.605765,96,5653.460097
464.260853,88,5653.589916
613.107215,116,5653.763076
570.322968,118,5653.941962
645.453992,128,5654.134967
512.022997,100,5654.285459
537.027759,101,5654.436289
660.775094,124,5654.622313
700.097067,137,5654.834925
623.364252,131,5655.044522
618.483078,118,5655.243079
606.778147,114,5655.428911
676.303339,133,5658.833049
608.345704,127,5659.078346
396.370284,80,5659.231957
773.49182,147,5659.521934
692.245394,129,5659.772349
548.223848,100,5659.963068
479.592465,89,5660.13696
407.562882,78,5660.289823
598.027039,114,5660.515697
601.175957,117,5660.741266
617.647759,115,5660.960771
617.980084,118,5661.190493
660.081162,137,5661.461249
531.340563,101,5661.662286
973.281949,186,5662.043402
795.51724,169,5662.383641
576.839259,128,5662.618608
567.77913,111,5665.810605
615.867356,119,5665.960557
641.395091,121,5666.110857
484.775205,90,5666.222688
471.840695,89,5666.330658
414.348667,83,5666.446662
423.486624,88,5666.57915
424.603768,84,5666.718277
509.296856,95,5666.879083
544.965799,100,5667.041196
651.117959,126,5667.257482
542.913695,107,5667.439984
564.546982,109,5667.619098
449.680702,79,5667.749072
726.90123,139,5667.976074
858.093019,170,5668.262284
498.811748,104,5668.416673
731.520654,159,5668.684606
646.665503,134,5668.919941
668.664243,124,5672.432915
467.963873,89,5672.585717
476.641089,94,5672.729968
544.85324,101,5672.90345
572.127244,106,5673.073106
513.385206,103,5673.235475
591.19806,114,5673.429253
396.237102,78,5673.559111
549.653339,109,5673.74048
560.402673,107,5673.926931
572.851172,109,5674.114594
492.052777,94,5674.271698
687.122061,124,5674.477513
555.319714,102,5674.656732
450.722902,84,5674.794506
443.39944,83,5674.919083
475.006211,100,5675.047023
628.733364,123,5675.202267
516.796095,110,5675.34116
615.413003,124,5675.512294
712.882509,133,5678.915959
790.899107,149,5679.213464
147.229534,31,5679.27555
806.49026,162,5679.593765
526.433014,101,5679.792099
591.824725,116,5680.025308
499.747579,93,5680.203405
539.363546,118,5680.440594
595.431257,130,5680.69933
447.035322,87,5680.87236
561.118161,107,5681.086273
551.096039,104,5681.29158
435.425627,93,5681.475288
751.807496,141,5681.750931
527.063368,106,5681.958453
429.124134,91,5682.136814
596.892287,130,5682.395954
498.471515,91,5682.567279
487.064499,97,5685.956364
559.89279,105,5686.125969
639.366208,118,5686.321906
426.423184,83,5686.455765
550.507674,101,5686.618106
605.880032,118,5686.809458
493.421302,107,5686.981801
492.289504,94,5687.127841
593.988882,112,5687.305848
607.845041,129,5687.515583
650.140567,144,5687.751652
553.984521,100,5687.913545
634.011383,117,5688.101697
583.547015,114,5688.286678
782.34056,167,5688.534113
722.879092,135,5688.806221
590.036191,114,5689.028678
453.237234,96,5689.186705
585.017158,119,5692.72325
464.267537,90,5692.903036
411.758692,79,5693.059964
560.816027,107,5693.268835
491.246756,97,5693.445992
650.444574,131,5693.660119
824.305278,152,5693.91912
559.994189,108,5694.08952
571.997063,124,5694.30397
599.881592,113,5694.50361
641.27372,124,5694.722354
718.268061,134,5694.944828
471.658774,99,5695.117349
572.189752,107,5695.294116
558.897001,110,5695.479807
473.183554,86,5695.626278
531.177846,101,5695.80632
444.920779,85,5695.951155
647.782724,128,5696.171499
622.196999,115,5699.55711
667.046933,122,5699.742087
122.189172,26,5699.781106
581.661181,108,5699.943434
579.114518,110,5700.106709
581.268877,124,5700.292445
532.551467,102,5700.453331
523.534903,103,5700.64662
598.696172,123,5700.881369
606.966783,116,5701.104841
522.247547,102,5701.301427
595.387183,120,5701.533586
533.485353,99,5701.728155
499.846947,102,5701.92626
574.40488,113,5702.152828
417.555256,86,5702.318781
674.086616,133,5702.579717
575.125356,108,5702.78938
535.371796,105,5702.998775
702.134008,133,5706.561858
653.499997,127,5706.773657
615.251922,120,5706.973539
502.278233,92,5707.120783
511.879353,109,5707.301271
186.089057,36,5707.348064
672.389277,141,5707.552778
147.926747,29,5707.589897
548.012363,104,5707.751472
508.859764,98,5707.900161
578.744445,105,5708.065061
605.35962,113,5708.241742
553.521032,102,5708.40627
836.482267,170,5708.679944
575.883165,105,5708.851208
493.258688,94,5709.003738
433.766892,85,5709.139788
487.277335,97,5709.298916
561.858287,116,5709.490057
576.979008,120,5709.686489
761.662886,154,5713.35965
352.012021,68,5713.490857
479.144403,93,5713.677094
546.380632,102,5713.873649
424.413342,84,5714.03581
613.150117,116,5714.265279
599.377411,121,5714.498774
508.679944,112,5714.724787
438.449237,85,5714.889385
502.551893,94,5715.06875
545.185779,102,5715.265696
497.367493,94,5715.437184
744.860745,138,5715.681792
652.446062,133,5715.907493
736.407318,139,5716.148276
446.058246,87,5716.296572
594.36344,112,5716.484902
581.651927,123,5716.703507
582.422793,116,5720.293326
536.833043,117,5720.521308
549.921818,105,5720.729308
377.492944,80,5720.892213
623.921181,120,5721.138789
581.68932,111,5721.364883
544.339834,103,5721.573696
652.007243,133,5721.842344
531.50785,110,5722.066642
387.889286,75,5722.214601
640.03571,120,5722.437137
572.042031,103,5722.613622
657.978554,122,5722.821702
603.121347,119,5723.02813
810.330024,164,5723.323287
690.087937,133,5723.554018
716.98426,135,5723.782112
605.530975,118,5723.983208
529.672165,103,5727.509476
692.366706,130,5727.734164
606.708137,114,5727.929654
642.694665,124,5728.154939
669.28332,133,5728.401
615.028311,111,5728.619209
621.528167,118,5728.854107
530.583251,103,5729.063601
450.764942,82,5729.224818
165.54989,33,5729.290206
651.134041,122,5729.536442
590.12203,108,5729.757941
586.6217,112,5729.988184
703.839128,138,5730.263721
560.111176,116,5730.503505
618.196912,126,5730.75759
479.114856,101,5730.961125
536.528773,105,5731.169757
432.361239,83,5731.335363
672.115813,129,5735.076546
745.304357,142,5735.329409
721.277691,137,5735.572971
607.211545,106,5735.758931
475.361225,100,5735.930867
398.703247,79,5736.062756
612.012851,128,5736.288677
511.32287,99,5736.467968
644.055416,121,5736.679519
466.31774,99,5736.85793
586.886884,112,5737.050609
487.277912,103,5737.226383
582.587953,112,5737.426407
482.569572,86,5737.573411
477.216923,94,5737.734644
473.18519,101,5737.911173
517.072956,100,5738.090624
593.448664,112,5738.282329
661.129415,123,5738.49366
509.37211,109,5741.923295
602.416948,124,5742.118684
613.877452,129,5742.31812
409.241325,75,5742.429994
739.859645,144,5742.653012
460.457895,89,5742.786344
596.859537,118,5742.966229
416.742225,87,5743.09148
744.385248,138,5743.312938
549.060414,104,5743.484004
456.240914,91,5743.649322
477.630489,104,5743.858502
671.178075,140,5744.143479
462.008902,96,5744.335261
830.31972,171,5744.67525
432.520926,84,5744.840618
431.058414,92,5745.018652
587.229237,108,5745.22539
424.832434,85,5748.729422
480.087615,90,5748.887035
642.122734,119,5749.083279
639.230521,118,5749.280647
752.580245,148,5749.547683
575.777226,114,5749.739685
569.560065,102,5749.909659
580.085243,110,5750.110422
502.880896,97,5750.283866
563.093864,109,5750.476579
653.498952,122,5750.695849
1292.170796,262,5751.179115
353.080784,74,5751.324853
799.403255,154,5751.633136
542.127063,107,5751.848417
519.649375,105,5752.059851
479.728579,101,5752.263333
536.41297,100,5756.047503
542.40599,100,5756.216162
590.473852,119,5756.412517
487.591328,99,5756.574642
544.839526,108,5756.743796
515.013963,98,5756.905858
566.379038,116,5757.107899
558.571967,105,5757.278148
656.428414,123,5757.478713
436.339435,91,5757.645461
510.052715,108,5757.834318
536.43555,100,5758.002785
721.925426,135,5758.241492
644.49356,123,5758.460114
470.40374,92,5758.615033
428.567124,85,5758.762933
755.46296,145,5759.017159
573.131691,105,5759.194647
384.979236,75,5759.32113
641.582428,129,5762.855075
480.246378,98,5763.051236
422.765535,83,5763.215213
555.40295,102,5763.412156
623.65444,120,5763.598053
535.978481,97,5763.744406
685.843954,137,5763.956292
770.52857,149,5764.204726
631.081992,126,5764.42254
621.211263,114,5764.610048
573.731309,111,5764.799762
563.416502,108,5764.980674
559.929343,113,5765.174365
558.087562,103,5765.342943
576.379874,111,5765.527385
515.253473,97,5765.69049
569.504622,106,5765.866496
769.388264,171,5766.142396
832.395328,165,5769.69115
609.870873,115,5769.894048
471.005829,102,5770.073549
461.974683,100,5770.235646
521.269097,94,5770.393756
438.131222,85,5770.540345
484.969497,86,5770.694535
506.308276,93,5770.85886
670.090209,125,5771.068523
591.073196,106,5771.254668
430.274406,84,5771.39983
465.937932,101,5771.590509
1031.451799,191,5771.922394
409.849835,81,5772.069251
503.457791,99,5772.251255
469.018236,88,5772.40373
600.053919,126,5772.628938
667.21582,124,5772.844531
537.816474,114,5773.050368
464.066215,90,5776.280633
493.750681,98,5776.40492
446.030033,92,5776.520081
449.614493,94,5776.638428
774.889702,146,5776.821623
698.083453,133,5776.988804
538.733209,102,5777.11401
428.806772,88,5777.244374
616.897088,127,5777.441249
526.19557,105,5777.614938
558.614211,114,5777.806967
453.870244,93,5777.966985
641.524695,116,5778.172321
529.027945,99,5778.34191
470.17503,89,5778.492972
462.904582,99,5778.664793
613.899339,117,5778.864084
464.143549,97,5779.028876
516.012427,102,5779.211447
450.855733,86,5779.36457
480.361847,104,5782.91064
159.539391,32,5782.970948
588.588474,116,5783.194991
599.128161,116,5783.414766
722.062262,160,5783.7281
715.803105,131,5783.939566
450.176257,96,5784.090246
537.36343,104,5784.265857
453.938697,85,5784.407279
582.233813,111,5784.603095
741.405322,138,5784.83516
552.417443,110,5785.02416
800.696835,158,5785.283511
407.834924,79,5785.417307
440.157767,86,5785.560738
591.807974,110,5785.743741
626.024492,126,5785.958906
661.666606,120,5786.153565
653.833097,133,5789.815583
607.991153,118,5790.041098
572.728574,120,5790.242737
746.746102,139,5790.479017
600.194791,116,5790.678838
640.369405,137,5790.917498
555.957714,107,5791.092875
530.66775,115,5791.289217
519.230527,97,5791.454347
529.116766,98,5791.626149
421.95575,90,5791.787608
623.455138,113,5791.985413
667.913482,131,5792.210321
817.295067,159,5792.492089
655.762704,139,5792.73745
556.716562,113,5792.938007
568.976097,125,5793.169288
534.418889,108,5796.50669
448.382554,87,5796.678822
504.218769,93,5796.861417
108.535265,23,5796.90426
608.970154,116,5797.135496
444.81476,94,5797.316582
446.196467,86,5797.485111
515.34426,98,5797.677213
471.226453,97,5797.86978
513.734459,102,5798.071902
581.952873,109,5798.287265
717.641316,142,5798.572358
514.224967,100,5798.774667
444.229555,90,5798.953978
544.750862,103,5799.162008
604.92615,115,5799.391807
719.328537,140,5799.685797
607.808017,114,5799.911482
542.043386,112,5800.135001
496.357519,99,5800.314596
451.094098,94,5800.476708
496.743489,89,5803.846741
634.388839,126,5804.059867
726.913217,138,5804.258637
430.320516,77,5804.355511
490.806025,87,5804.502129
513.545611,98,5804.667049
569.619338,109,5804.843763
427.081078,80,5804.974143
449.798042,95,5805.122255
386.104609,75,5805.237077
517.622635,95,5805.382749
482.53255,90,5805.52118
291.980394,56,5805.612368
776.744832,157,5805.879787
612.034711,129,5806.102323
478.391641,93,5806.262099
436.473114,81,5806.39997
517.554799,102,5806.576642
520.91963,111,5806.758935
587.231412,113,5806.947592
559.626235,105,5810.729684
674.699768,127,5810.982098
550.995588,110,5811.188908
535.859986,105,5811.393398
791.181683,151,5811.63994
438.695142,79,5811.74275
516.037167,98,5811.9099
469.85102,97,5812.03943
610.179047,114,5812.21056
370.309642,69,5812.327757
424.821988,86,5812.464683
481.10874,93,5812.609367
640.73757,133,5812.834359
606.076126,127,5813.050491
670.104852,122,5813.263005
476.719627,86,5813.412941
546.590554,107,5813.607063
517.232685,111,5813.808413
636.061018,122,5814.014632
649.019654,130,5817.562152
617.688786,125,5817.721982
380.328852,71,5817.812845
567.147991,104,5817.942816
626.72207,114,5818.08427
668.130382,121,5818.234876
561.435895,105,5818.368163
545.029608,105,5818.501014
685.626582,128,5818.662542
716.417983,137,5818.842314
745.740679,146,5819.030201
649.490506,122,5819.186292
793.474488,148,5819.370528
525.375148,104,5819.50309
636.01994,119,5819.648912
514.559007,99,5819.783712
648.992791,128,5819.99884
556.453631,104,5820.166685
460.676473,96,5823.692562
665.903007,127,5823.898631
545.973008,106,5824.071298
716.746787,139,5824.304029
813.451282,154,5824.555909
486.85057,97,5824.71642
531.730347,106,5824.878917
590.690773,107,5825.035232
556.300445,112,5825.229852
543.431391,103,5825.40097
475.512322,100,5825.56153
528.88666,105,5825.725245
633.31181,125,5825.919538
540.11549,99,5826.072549
642.532432,118,5826.258246
754.69673,139,5826.481622
531.674685,98,5826.643003
633.168302,124,5830.332026
526.85011,96,5830.518922
620.564518,125,5830.771415
524.680052,107,5830.989375
890.048961,175,5831.341424
605.777207,113,5831.561376
634.804439,119,5831.796082
529.51341,110,5832.013697
457.19149,86,5832.177451
450.605611,88,5832.351885
509.496641,95,5832.538955
871.124203,164,5832.854039
419.499549,82,5833.008322
670.232128,130,5833.257957
502.994493,95,5833.43559
727.387815,141,5833.699597
465.048511,92,5833.875458
527.313368,99,5834.063637
527.531932,99,5834.232278
591.970564,110,5837.766903
775.801553,142,5837.998993
442.883057,95,5838.159249
514.369209,97,5838.32178
731.801133,145,5838.562623
500.881745,96,5838.729481
720.00231,139,5838.947344
523.188829,105,5839.119105
760.168655,140,5839.367202
497.144993,101,5839.546419
664.19699,133,5839.743279
606.670926,113,5839.890025
574.542627,105,5840.024731
480.918056,91,5840.142111
690.674986,126,5840.303171
446.359575,87,5840.410051
561.842908,103,5840.539408
474.365241,91,5840.649189
645.227451,124,5844.252272
505.598815,106,5844.436015
510.170581,99,5844.613806
492.911775,92,5844.765387
908.835038,177,5845.069025
518.590285,98,5845.243145
684.2537,132,5845.454511
581.531623,111,5845.64153
521.025749,96,5845.786722
650.829946,123,5845.996966
580.485671,111,5846.188663
419.945524,77,5846.3241
521.178412,98,5846.487257
476.131293,102,5846.656077
633.325108,128,5846.88149
582.592349,110,5847.052459
436.510263,89,5847.201676
483.857655,91,5847.340931
780.085803,147,5850.950165
532.819475,109,5851.135369
610.238676,119,5851.334109
552.578405,107,5851.518946
488.32608,108,5851.705322
668.797454,127,5851.911448
400.825972,82,5852.047222
763.130127,145,5852.324857
666.729044,125,5852.571114
724.28052,150,5852.878121
548.241847,100,5853.080131
572.636562,114,5853.308251
412.618692,83,5853.475254
596.948609,129,5853.739625
588.819316,116,5853.969263
632.891646,119,5854.207242
535.721815,104,5854.413424
460.297482,90,5854.591729
513.868512,106,5854.806639
545.786091,107,5858.390998
452.062121,85,5858.534399
609.431653,115,5858.74074
440.728075,85,5858.889194
632.112766,135,5859.11867
472.149802,95,5859.274796
680.235155,132,5859.502001
446.275048,81,5859.630079
511.370801,96,5859.794106
452.360738,93,5859.950549
343.248634,64,5860.056635
660.346591,119,5860.260705
469.646345,89,5860.40477
546.485369,101,5860.565168
448.757814,81,5860.695573
484.169411,90,5860.849172
462.40968,84,5860.996129
532.473028,100,5861.164861
470.068019,96,5861.348883
565.550987,107,5861.561064
693.282856,130,5865.43575
610.541215,118,5865.635359
616.839381,118,5865.833191
706.498566,141,5866.079068
587.567364,107,5866.26428
550.269729,105,5866.449635
406.080667,79,5866.587312
627.411943,118,5866.783132
600.009308,120,5866.978694
513.036473,101,5867.151798
462.852124,101,5867.327846
475.709974,86,5867.459333
448.058523,83,5867.599954
540.010311,108,5867.783792
531.332825,113,5867.984531
403.995084,73,5868.108548
591.68674,125,5868.329144
423.415333,78,5868.451911
516.909616,97,5868.615409
608.092246,112,5868.789921
502.601356,92,5872.222052
567.269321,107,5872.43664
497.336079,99,5872.639081
664.375735,122,5872.88687
534.383954,103,5873.101501
142.79528,29,5873.157995
644.118187,119,5873.399611
551.284734,99,5873.59637
466.627898,89,5873.775913
573.683555,106,5873.989495
502.810164,97,5874.181192
588.994955,103,5874.38277
601.117366,115,5874.607855
638.992737,131,5874.870927
568.377339,104,5875.080076
481.582146,98,5875.279841
455.05896,90,5875.45902
759.945014,145,5875.751802
524.600856,94,5875.935346
416.360657,78,5876.082762
426.398613,82,5879.659328
514.307568,98,5879.815029
629.529958,119,5880.037458
529.24745,113,5880.244513
492.675393,92,5880.408092
353.630341,67,5880.524278
490.906157,105,5880.719288
633.115195,120,5880.934268
413.188372,85,5881.084054
601.585664,122,5881.307157
499.125095,104,5881.498325
580.803447,109,5881.686083
505.056515,93,5881.850444
541.436638,113,5882.048969
487.249466,94,5882.208966
487.409116,101,5882.384816
620.590438,113,5882.580166
464.870838,88,5882.73595
451.358351,86,5882.882736
554.801342,103,5883.046632
475.880246,95,5883.208843
527.698107,114,5886.520107
682.44316,128,5886.773349
696.93392,131,5887.03734
475.93518,103,5887.240767
528.613084,95,5887.427052
435.048079,91,5887.6157
554.826776,110,5887.844421
169.093501,33,5887.910226
443.138374,86,5888.083162
456.593129,89,5888.257622
418.52644,80,5888.41185
483.830629,101,5888.612153
459.170268,95,5888.805139
551.995543,109,5889.018945
625.654263,121,5889.230539
629.47158,125,5889.451002
583.588625,114,5889.651773
439.548375,81,5889.782431
552.697207,102,5889.958265
545.866086,110,5890.151915
727.639484,142,5893.747198
403.982546,78,5893.882185
509.717456,108,5894.051386
408.673739,81,5894.176297
555.503169,106,5894.359867
434.946075,83,5894.510709
677.285774,134,5894.760875
651.262227,133,5895.000405
435.929465,81,5895.13837
510.387482,97,5895.312066
459.900926,90,5895.46238
859.566902,185,5895.770898
563.042357,112,5895.946833
567.660963,111,5896.118169
561.494874,104,5896.278355
507.988593,103,5896.441669
471.117656,91,5896.573628
411.954051,82,5896.699102
496.945467,94,5896.843297
393.021734,72,5896.953565
454.414298,91,5900.564742
519.563029,102,5900.734758
874.488684,183,5901.048085
418.31738,79,5901.177835
725.426486,139,5901.419422
430.918244,92,5901.570146
435.322245,81,5901.705548
571.006779,111,5901.894793
501.692584,99,5902.068401
600.560264,112,5902.269427
553.726203,107,5902.460813
752.608034,146,5902.709416
557.012511,110,5902.892048
499.979207,94,5903.050274
565.627414,105,5903.228231
626.593113,119,5903.429266
480.231155,88,5903.57763
477.708068,104,5903.755302
782.325568,161,5907.592314
689.431725,131,5907.859983
620.034225,112,5908.083952
439.656363,87,5908.256744
621.726222,119,5908.505921
578.490882,113,5908.732107
407.572064,73,5908.882162
472.565418,89,5909.065393
525.591833,97,5909.263509
566.142514,119,5909.50762
599.719865,110,5909.728728
601.113791,109,5909.9449
535.270067,101,5910.145536
427.170751,91,5910.326318
487.648524,97,5910.520045
539.811322,105,5910.723981
589.086468,113,5910.940088
439.35742,94,5911.120025
667.008401,135,5911.385092
495.944015,91,5914.752844
598.563003,106,5914.936372
616.20499,119,5915.144734
518.227839,107,5915.337299
735.018576,135,5915.602992
492.056364,105,5915.814407
629.793764,121,5916.053946
510.428822,105,5916.269837
596.149511,113,5916.496727
604.741544,115,5916.728299
970.777788,176,5917.078138
611.379778,124,5917.319885
556.957984,107,5917.532393
479.853329,88,5917.706497
613.477074,117,5917.945829
571.256409,110,5918.165021
441.681022,83,5918.332661
561.387645,107,5918.548435
505.272235,100,5922.184211
817.885581,160,5922.461381
483.352878,96,5922.640543
430.003608,93,5922.801818
506.328272,98,5922.970689
746.113358,157,5923.254293
625.35472,116,5923.457723
509.840776,108,5923.645906
611.426094,119,5923.859492
748.299006,145,5924.11233
585.181728,108,5924.292659
569.939159,112,5924.484899
592.369886,122,5924.701964
443.48167,89,5924.856617
510.004622,93,5925.019619
735.863268,162,5925.311371
559.74041,102,5925.491787
478.082636,92,5925.642778
574.749586,124,5929.262938
887.734634,177,5929.623459
668.575855,131,5929.889666
428.786759,90,5930.069938
484.837411,100,5930.277463
558.512612,106,5930.494981
410.735617,77,5930.648277
560.731185,102,5930.854839
512.343753,98,5931.057153
463.31654,94,5931.239721
755.976286,147,5931.534311
434.347048,92,5931.722215
452.777591,95,5931.880275
502.071904,97,5932.036973
217.407927,44,5932.106489
493.756636,92,5932.260749
436.649842,92,5932.411752
435.703921,91,5932.544056
354.925559,68,5932.645285
536.041333,109,5932.80649
591.635919,113,5936.26621
564.614882,120,5936.480917
579.448353,120,5936.690555
494.269391,86,5936.838713
555.078059,105,5937.026807
568.958254,105,5937.211887
397.854384,80,5937.352107
541.782451,100,5937.52833
469.253611,89,5937.686577
484.015545,91,5937.844002
531.765511,112,5938.055215
607.492272,115,5938.261713
589.059956,117,5938.460909
547.961763,107,5938.641919
569.138373,117,5938.844881
523.983714,95,5939.002211
490.263395,109,5939.169415
739.137502,140,5939.387801
392.530709,82,5939.518295
602.993678,130,5939.7199
474.345696,93,5943.418747
519.497286,105,5943.591425
123.361696,26,5943.634556
448.22059,91,5943.793583
546.681692,99,5943.966227
617.51421,121,5944.183177
665.286098,124,5944.399912
757.676267,146,5944.647566
688.315391,147,5944.904873
557.222758,118,5945.122353
660.196269,122,5945.330453
590.972535,116,5945.529723
592.166017,113,5945.727248
788.690205,160,5946.006543
436.582801,93,5946.165509
645.005277,123,5946.388306
468.667114,94,5946.544481
646.159223,123,5946.756815
706.608121,133,5950.356413
541.175937,114,5950.587629
627.965343,117,5950.822476
506.294065,97,5951.020061
482.507617,88,5951.193643
444.733733,90,5951.378491
567.480682,105,5951.585602
644.285197,117,5951.824577
520.676935,104,5952.033562
566.875413,117,5952.272329
451.346411,89,5952.447162
712.06405,134,5952.716976
560.206091,107,5952.931927
500.199912,93,5953.112047
503.158924,105,5953.323134
664.247377,123,5953.564034
648.491807,130,5953.822244
659.755193,124,5954.069796
398.708806,84,5954.236844
457.490437,93,5957.862278
492.317083,95,5958.032226
432.82655,84,5958.178962
432.558282,80,5958.317573
624.177378,123,5958.534378
1029.507456,216,5958.910092
558.33672,117,5959.114915
503.93988,110,5959.30425
793.387133,157,5959.570301
670.984894,130,5959.781999
423.145112,88,5959.952705
614.877273,113,5960.17392
571.698847,121,5960.416912
438.82553,87,5960.58634
601.902124,128,5960.850082
487.175597,101,5961.049224
600.05563,121,5961.288655
412.735293,78,5961.443723
670.310241,136,5965.133482
432.732148,80,5965.295398
466.233286,88,5965.470188
575.617776,109,5965.691484
586.9905,114,5965.920151
468.456212,91,5966.103887
532.037261,102,5966.304707
539.602956,117,5966.536721
663.911749,128,5966.783914
525.829083,96,5966.956055
565.312413,104,5967.122686
583.844482,113,5967.299145
499.807723,93,5967.445969
512.688037,96,5967.590065
817.960362,170,5967.874538
939.012392,180,5968.176565
488.607159,98,5968.349015
671.487661,126,5968.557178
476.450564,98,5972.093527
564.136148,106,5972.2974
701.268015,132,5972.570052
435.332796,83,5972.73576
699.177703,138,5973.01005
519.626234,96,5973.19455
644.347372,123,5973.441488
624.86208,123,5973.684255
525.405974,94,5973.867625
858.185465,169,5974.197039
477.353553,87,5974.362233
404.778564,75,5974.505504
581.79215,109,5974.713544
517.479404,97,5974.901424
609.016842,112,5975.121672
449.414619,93,5975.301547
550.547697,109,5975.520124
603.675681,123,5975.759745
737.911104,130,5979.372782
479.791525,95,5979.566011
651.642715,119,5979.801253
384.506347,82,5979.962271
541.323317,111,5980.188877
464.289746,98,5980.386869
591.245759,112,5980.607499
580.646693,112,5980.829103
396.897301,74,5980.975165
584.061355,112,5981.195554
432.986877,94,5981.381052
559.123233,113,5981.608217
498.761428,99,5981.800208
497.643616,99,5981.994226
532.303418,99,5982.18721
635.431031,129,5982.416162
709.702595,139,5982.633519
435.867529,87,5982.781094
381.57814,75,5982.905786
466.92011,97,5983.070792
963.278263,203,5986.937037
455.798417,95,5987.124624
614.283873,124,5987.36851
526.233151,109,5987.586419
477.436468,92,5987.770547
612.286335,114,5987.996194
607.315891,124,5988.235493
542.272617,101,5988.427372
730.609002,138,5988.696117
490.770289,93,5988.881047
380.366918,81,5989.043139
442.534769,84,5989.194996
582.727416,119,5989.407064
505.560709,105,5989.589381
435.849483,92,5989.731394
689.730985,125,5989.942511
460.812875,90,5990.094275
598.699019,128,5990.321189
442.377617,91,5990.478664
611.120014,116,5994.016324
409.814989,86,5994.184993
571.054861,110,5994.399065
475.230956,92,5994.583256
622.737115,119,5994.825374
509.117657,98,5995.012809
420.5346,78,5995.167298
602.937513,112,5995.391457
584.082797,126,5995.644492
579.330355,118,5995.883078
647.27562,120,5996.12341
682.173763,120,5996.353617
793.454714,159,5996.669963
580.970795,117,5996.904124
542.08794,109,5997.121884
556.883199,103,5997.292818
647.431494,123,5997.498593
464.10863,89,5997.648544
526.233218,104,6001.18663
597.576282,113,6001.378855
508.037358,98,6001.553472
769.238794,148,6001.808247
497.243371,94,6001.93853
649.394796,120,6002.150145
387.570144,79,6002.279706
518.174467,98,6002.415569
514.97663,99,6002.591525
469.621389,96,6002.728045
581.414813,108,6002.867696
523.32605,107,6003.038666
644.330888,120,6003.229404
610.007898,112,6003.417933
542.575017,99,6003.584205
458.749144,97,6003.758539
422.554805,79,6003.885737
658.019921,122,6004.061671
434.822673,85,6004.21272
360.85185,68,6004.317433
199.260331,39,6004.384705
744.079243,155,6008.051494
395.232321,79,6008.177332
776.094393,153,6008.416316
484.491819,103,6008.563943
523.819684,97,6008.716298
479.657454,89,6008.84813
537.145888,104,6009.007004
583.122596,120,6009.193308
577.502606,115,6009.367174
652.910322,120,6009.523149
600.809242,118,6009.737085
537.204361,106,6009.912021
1056.354486,203,6010.188673
521.968607,110,6010.3376
687.69361,122,6010.503626
475.081805,91,6010.662039
573.250179,104,6010.849626
538.723595,103,6014.33596
442.034862,81,6014.471519
458.695836,89,6014.624532
748.719297,143,6014.884718
524.636013,107,6015.063601
459.131,93,6015.240816
465.245895,91,6015.417111
633.671882,115,6015.63833
888.460864,179,6015.98613
502.825187,96,6016.176201
760.211152,145,6016.456994
397.821167,77,6016.607995
647.271319,124,6016.852585
437.541327,89,6017.030984
471.352107,86,6017.19734
539.831447,105,6017.402055
803.210811,150,6017.704859
819.174416,158,6018.027274
423.112486,95,6018.209255
667.821152,137,6021.959244
460.910761,94,6022.120351
612.442759,116,6022.317517
661.629655,125,6022.526456
530.622948,105,6022.693379
515.855461,99,6022.842536
583.143605,117,6023.04391
520.858713,96,6023.197717
554.627402,111,6023.373709
482.76405,88,6023.514191
585.192892,109,6023.702824
640.041402,125,6023.917814
912.310542,184,6024.220068
445.409078,85,6024.349766
559.321502,119,6024.534704
457.565384,87,6024.668307
533.243241,104,6024.834096
630.016261,118,6025.023961
652.840252,135,6028.668481
369.45103,69,6028.804443
420.228363,85,6028.972629
618.339772,117,6029.204308
611.311187,115,6029.43631
502.979286,97,6029.624409
741.863732,139,6029.897582
512.67277,95,6030.081622
508.37968,92,6030.260169
604.459363,111,6030.475424
495.679439,108,6030.691258
516.246342,105,6030.895954
566.072849,120,6031.13052
602.269472,113,6031.349524
462.942394,99,6031.539229
407.307571,82,6031.698446
550.934853,112,6031.923096
464.445332,87,6032.080382
396.428617,76,6032.194885
425.921851,84,6032.3231
488.693429,99,6035.799682
502.553686,107,6035.994271
677.064717,135,6036.212026
577.341898,105,6036.389351
408.988994,83,6036.534685
527.126293,106,6036.717242
527.657161,97,6036.875984
514.559457,96,6037.036741
406.552041,78,6037.179051
550.825504,101,6037.373484
647.42586,117,6037.603075
426.447873,85,6037.770872
359.61545,67,6037.901393
653.244889,129,6038.150131
407.969814,76,6038.295255
536.669101,111,6038.513133
427.172784,85,6038.681478
373.502628,80,6038.836416
605.192595,118,6039.072963
446.952598,84,6039.23832
574.493562,122,6039.4904
580.679172,110,6043.226794
575.926338,106,6043.392536
426.050947,83,6043.523025
604.61616,125,6043.725232
678.179703,126,6043.942438
689.682524,148,6044.185282
573.296274,117,6044.390241
555.186067,104,6044.574652
457.782979,89,6044.721976
688.169267,134,6044.943711
525.248607,96,6045.101833
617.946414,117,6045.295751
701.530527,140,6045.531991
487.787183,96,6045.705616
403.596581,78,6045.83565
552.684574,115,6046.025636
594.614957,108,6046.199378
520.134549,96,6046.361443
593.879707,111,6049.857962
603.87688,123,6050.111511
477.594701,91,6050.2945
528.231495,110,6050.517719
359.905436,73,6050.664381
638.081626,123,6050.916963
592.318787,110,6051.141791
447.883669,90,6051.323952
485.276244,89,6051.501194
695.319298,130,6051.773569
647.284282,125,6052.023915
617.093114,135,6052.300853
539.271442,106,6052.50182
491.708099,93,6052.64765
494.350558,96,6052.805915
431.170416,86,6052.950352
683.975425,128,6053.154697
561.116697,115,6053.35495
497.673313,94,6053.511979
394.039159,87,6053.66449
494.838443,92,6057.113596
521.805243,101,6057.286915
659.930869,138,6057.510817
741.175741,132,6057.734316
485.938334,90,6057.887465
591.807459,127,6058.110101
456.307679,86,6058.252214
435.87303,80,6058.382704
697.164031,132,6058.60343
545.024806,112,6058.792498
628.161074,115,6058.987245
716.776662,142,6059.231356
611.107033,115,6059.420007
536.236848,98,6059.590866
589.806233,107,6059.758654
635.829184,118,6059.985678
252.892301,47,6060.075912
672.671548,127,6060.330936
279.297157,54,6060.432676
488.803391,103,6063.919921
414.524812,82,6064.077543
490.215166,94,6064.259167
510.481405,109,6064.478041
345.110586,65,6064.605384
504.413301,93,6064.785091
530.489013,102,6064.987046
501.847166,105,6065.198177
612.14797,134,6065.451661
422.232455,86,6065.595285
494.025234,107,6065.778899
696.785368,135,6065.988335
829.619514,163,6066.266508
467.0023,100,6066.442053
563.779939,107,6066.6227
855.660047,165,6066.910275
624.544266,123,6067.121223
583.423942,113,6067.31717
503.272824,93,6067.479094
862.102129,170,6071.175744
819.286867,156,6071.44113
583.956853,117,6071.611821
823.56366,161,6071.861995
494.715789,106,6072.030508
560.492589,113,6072.206642
632.870125,124,6072.412342
448.400439,85,6072.550843
650.918162,133,6072.777773
599.616322,115,6072.963199
596.170234,115,6073.147492
557.88983,117,6073.317592
468.612887,100,6073.489188
571.089774,107,6073.657229
560.796731,107,6073.828084
496.836035,99,6073.989607
507.11418,104,6074.162269
641.411745,126,6077.876552
450.058858,90,6078.031854
581.935999,108,6078.213715
560.142334,106,6078.394713
476.247234,93,6078.54634
720.390099,140,6078.781793
499.975405,92,6078.944781
657.987273,129,6079.170117
607.146737,127,6079.379856
478.588876,88,6079.515584
571.168889,123,6079.719469
632.805117,130,6079.933123
758.937802,141,6080.169801
487.874994,92,6080.322431
523.868266,90,6080.457925
465.220713,84,6080.603929
511.216344,104,6080.779253
434.737502,82,6080.925422
832.233271,148,6084.59201
583.75716,112,6084.811463
909.108704,174,6085.155877
475.296705,89,6085.333027
495.528092,94,6085.520971
461.547436,86,6085.687229
676.335158,129,6085.944435
512.799802,102,6086.14848
623.949337,120,6086.384272
628.861098,137,6086.657175
381.194547,78,6086.809438
588.840888,121,6087.041534
467.346725,88,6087.205176
702.151065,135,6087.472408
641.528583,121,6087.710806
517.791305,106,6087.929729
538.468546,101,6088.120856
594.915117,109,6088.309255
567.899503,106,6088.492346
487.971144,95,6092.030893
611.715507,118,6092.236706
429.634737,80,6092.373874
551.879918,113,6092.562339
435.496887,78,6092.700402
521.245455,109,6092.884263
409.928609,79,6093.015743
558.354142,120,6093.220192
643.951945,127,6093.428058
640.31859,117,6093.631721
631.072827,119,6093.832039
569.207205,109,6093.998497
581.08351,110,6094.147498
474.286703,87,6094.275762
698.962612,141,6094.491813
666.092539,124,6094.687706
604.880919,118,6094.876456
801.338048,171,6095.154179
618.526663,116,6098.796924
562.915644,120,6099.000312
627.24183,120,6099.204769
562.013852,104,6099.370123
592.296241,113,6099.572133
541.001208,98,6099.733332
447.131368,95,6099.894572
731.37347,138,6100.13419
508.254748,99,6100.304768
521.614114,99,6100.45999
389.520631,75,6100.58498
589.818507,112,6100.77511
502.635141,106,6100.957635
816.622802,150,6101.174088
519.531542,93,6101.321079
601.54259,117,6101.517828
551.961117,102,6101.674257
560.353458,117,6101.873872
469.247584,88,6102.01414
516.683552,93,6105.578923
682.537576,131,6105.841299
490.890417,104,6106.044634
510.113764,101,6106.242431
541.7213,102,6106.44764
616.659351,122,6106.697298
536.818416,117,6106.936706
554.679192,103,6107.143772
489.399596,98,6107.339591
607.365398,113,6107.562726
645.674188,128,6107.813003
466.582241,85,6107.978008
471.61297,93,6108.151836
667.254472,123,6108.385829
422.892073,88,6108.555976
619.834971,134,6108.823213
576.141819,120,6109.06667
88.243658,19,6109.101789
719.393982,139,6109.345323
450.482241,86,6109.481271
577.298139,119,6113.048168
445.504626,82,6113.209648
711.637324,144,6113.499176
570.259751,126,6113.751738
549.297053,99,6113.949746
601.230055,117,6114.174983
509.048608,96,6114.361657
435.514519,79,6114.514183
462.200939,88,6114.680644
665.161193,124,6114.925288
578.318879,114,6115.151556
509.450323,96,6115.337609
702.344147,133,6115.604673
905.362026,176,6115.908199
591.959523,119,6116.092832
466.227901,89,6116.234736
473.990012,97,6116.395556
616.87087,120,6116.585807
473.235166,96,6120.144638
504.478607,93,6120.304324
467.615274,90,6120.464088
439.465267,83,6120.614501
742.938841,135,6120.838476
699.115082,137,6121.071398
785.001998,162,6121.346789
153.201493,31,6121.397896
548.588468,113,6121.587276
551.900058,104,6121.765392
442.331043,87,6121.913802
907.353759,164,6122.164111
728.510915,138,6122.348834
557.432351,105,6122.496632
593.569116,124,6122.703895
547.49562,105,6122.875955
599.725889,117,6123.060398
417.305849,87,6123.213084
533.303917,97,6123.365884
845.573243,160,6127.05876
657.871804,124,6127.307583
459.836917,88,6127.48525
561.49258,114,6127.718625
676.184812,127,6127.970666
600.40911,128,6128.227904
593.198261,112,6128.45506
515.104586,104,6128.661469
858.821577,157,6128.974605
462.121084,98,6129.169463
636.93561,120,6129.401728
515.192283,96,6129.592303
472.014399,98,6129.784932
511.51103,110,6130.001417
476.156622,92,6130.184871
447.254728,94,6130.366309
691.075313,124,6130.614195
507.538747,107,6130.824208
713.554891,137,6134.432343
687.346086,133,6134.660933
595.107825,109,6134.841971
559.61693,117,6135.053518
548.897604,104,6135.219375
526.373075,96,6135.377341
792.949808,150,6135.634041
589.459467,108,6135.817955
433.285337,91,6135.982759
367.111318,77,6136.112937
403.024786,78,6136.250531
496.1857,100,6136.422533
495.135602,105,6136.596333
578.417343,106,6136.776232
460.527233,97,6136.970641
600.266971,110,6137.182306
645.290843,130,6137.440027
676.035739,123,6137.680629
528.743563,114,6141.299883
504.909982,113,6141.499582
511.00019,108,6141.675315
656.664413,123,6141.856182
665.748833,140,6142.089006
522.212635,94,6142.244205
615.012965,122,6142.46109
548.01969,101,6142.629719
547.04749,105,6142.810511
649.705188,130,6143.031637
530.606903,116,6143.224507
539.836114,98,6143.381384
507.341462,107,6143.567006
624.332612,117,6143.769502
615.808178,131,6144.007181
548.908608,100,6144.16234
665.839653,143,6144.405099
495.932876,100,6144.557814
514.40975,96,6148.056957
441.529516,92,6148.217669
537.649491,95,6148.386169
452.520119,85,6148.527639
712.943364,131,6148.7591
533.47363,111,6148.938031
387.343041,75,6149.052198
557.826334,105,6149.222541
518.902117,107,6149.394953
487.105098,97,6149.557333
613.005752,113,6149.737039
716.020662,131,6149.955502
719.50197,138,6150.189482
500.769648,105,6150.358878
479.208257,103,6150.527943
560.683753,116,6150.707522
781.657344,167,6150.985729
502.754783,90,6151.143628
579.757343,128,6151.403572
547.38481,109,6155.135333
428.65585,90,6155.3022
127.098695,27,6155.344938
634.127938,120,6155.548558
685.421421,132,6155.77108
503.955898,89,6155.921853
593.402213,109,6156.100525
583.308292,111,6156.306845
624.259829,124,6156.523479
639.163703,116,6156.729556
582.761939,121,6156.939119
401.328347,80,6157.070117
751.064823,150,6157.337351
450.43416,87,6157.492152
917.392693,176,6157.802144
629.612537,123,6158.011985
580.228565,112,6158.202396
705.671197,138,6158.431843
160.272845,32,6158.480088
562.035236,124,6162.119629
553.303957,119,6162.326425
441.785649,82,6162.486351
574.168515,106,6162.69766
530.785677,96,6162.888959
526.200468,113,6163.118193
381.857901,82,6163.277982
630.939879,117,6163.513213
460.179889,97,6163.711279
506.065299,110,6163.93151
592.271523,108,6164.144722
479.456541,91,6164.326139
594.210869,117,6164.560171
507.823363,94,6164.742388
623.168488,116,6164.977203
620.653302,124,6165.222723
462.203946,94,6165.398823
541.245685,105,6165.577766
496.074148,110,6165.766216
734.30627,146,6169.237092
574.836422,125,6169.447674
675.021513,133,6169.680831
633.784068,123,6169.921109
753.748639,143,6170.208844
495.583637,95,6170.395902
837.796545,164,6170.720492
450.307338,92,6170.902853
601.022862,120,6171.139807
721.803221,132,6171.405445
633.0883,116,6171.638456
438.861478,84,6171.80537
391.462523,74,6171.951907
464.858773,88,6172.124885
463.184626,90,6172.30462
150.025701,30,6172.363124
574.961923,116,6172.599732
622.417431,121,6172.837505
672.394489,124,6173.085073
498.129841,92,6176.471091
604.613099,110,6176.6794
660.586198,128,6176.918057
611.95333,122,6177.157797
504.683752,96,6177.342569
624.488183,122,6177.579161
507.381321,96,6177.764395
558.513046,106,6177.968177
488.468313,92,6178.145233
393.297919,77,6178.293453
559.154858,116,6178.523574
833.289108,170,6178.861223
431.169724,91,6179.044418
429.109624,88,6179.206198
573.938527,110,6179.396814
545.738157,110,6179.590615
523.745091,101,6179.7684
719.762115,148,6180.022803
551.69681,109,6183.475521
604.169089,110,6183.640649
457.955066,94,6183.777472
576.890389,114,6183.960955
607.65887,130,6184.191763
483.186852,98,6184.383164
534.273615,98,6184.581766
486.080498,101,6184.782306
786.748461,146,6185.077244
641.467374,135,6185.353436
697.485721,130,6185.615818
564.541597,110,6185.83006
355.468048,75,6185.977155
489.627272,94,6186.16208
381.892831,73,6186.309191
671.486448,123,6186.553951
1034.320174,205,6186.966979
454.190853,99,6187.170884
350.64854,68,6187.301955
592.637613,108,6190.733923
428.13702,88,6190.874088
388.975394,77,6191.001929
479.302713,99,6191.176047
623.368747,117,6191.376356
588.815954,109,6191.548546
708.550309,131,6191.764849
490.984099,102,6191.929688
713.498121,134,6192.139681
475.039807,95,6192.28445
601.577747,112,6192.482773
479.181986,104,6192.660449
529.007755,106,6192.848466
573.811459,111,6193.043023
410.961996,84,6193.188981
678.264448,124,6193.396318
481.816348,97,6193.563119
638.19791,117,6193.760681
549.670913,101,6193.933204
580.517389,106,6197.719391
674.525993,140,6197.998796
437.919404,89,6198.171429
500.838588,91,6198.350317
374.245027,74,6198.489693
597.355485,114,6198.710632
539.291954,111,6198.926642
198.884888,38,6198.999124
532.36021,114,6199.226061
538.947895,110,6199.440571
436.104785,86,6199.610454
547.046012,102,6199.810688
509.597126,110,6200.028577
424.225628,94,6200.221348
725.449822,145,6200.514638
597.821652,114,6200.738955
562.068753,107,6200.928544
500.335254,104,6201.113263
515.078733,97,6201.285192
711.507362,144,6201.536443
487.013299,87,6205.054085
518.787545,109,6205.274982
685.239057,134,6205.545038
549.401977,102,6205.754104
614.178372,113,6205.975707
382.01789,72,6206.116342
538.893511,104,6206.32452
389.655697,85,6206.489491
632.169779,121,6206.735085
458.976708,90,6206.917391
457.248476,98,6207.112776
594.849751,113,6207.337593
421.514418,77,6207.487982
497.389357,93,6207.676661
1036.265431,197,6208.061874
429.056452,84,6208.226747
565.63255,109,6208.446353
613.522203,117,6208.686706
817.058334,155,6208.946585
589.227272,124,6212.525681
498.114817,95,6212.708792
424.255111,82,6212.869564
630.016479,115,6213.093867
477.318209,90,6213.267578
422.488972,87,6213.439474
485.786689,101,6213.62558
499.496457,98,6213.795379
524.41255,106,6213.973089
556.546232,114,6214.175111
404.103045,86,6214.333311
568.086447,124,6214.55219
706.591784,145,6214.788617
485.906351,101,6214.952277
687.281754,134,6215.169099
534.624723,107,6215.356359
511.213593,107,6215.528095
490.063868,88,6215.670194
561.927692,112,6215.853297
504.974388,102,6219.550928
691.199876,129,6219.767378
458.6744,88,6219.918174
639.982558,121,6220.130325
464.900089,102,6220.307489
450.933364,85,6220.452806
852.25296,159,6220.722182
767.061481,153,6221.004213
454.676217,87,6221.170453
541.494711,110,6221.383617
575.741902,123,6221.63325
431.924828,86,6221.802832
672.082379,136,6222.075657
647.541139,119,6222.30645
481.770479,97,6222.49087
674.889998,131,6222.747464
584.332062,113,6222.970984
608.826955,117,6223.193738
503.575774,95,6226.721058
544.845185,105,6226.936038
532.958906,97,6227.129916
513.461421,100,6227.323049
449.158186,95,6227.521419
491.682441,91,6227.708975
442.102519,87,6227.879823
557.678308,115,6228.101803
928.265519,186,6228.479501
432.454828,85,6228.645951
514.538057,110,6228.870649
414.059404,83,6229.039886
568.593612,106,6229.249321
830.665702,158,6229.574045
479.523812,95,6229.764635
429.654568,86,6229.931023
436.495711,89,6230.110266
518.741337,105,6230.324882
385.621727,79,6230.483464
417.924449,81,6230.639957
524.7324,110,6234.150545
529.33475,102,6234.354714
476.601468,91,6234.533577
480.776041,103,6234.728477
580.496726,118,6234.959393
528.331564,111,6235.178706
414.946814,84,6235.325129
431.514668,85,6235.462237
599.42183,116,6235.635068
623.523612,130,6235.846484
473.441714,97,6236.001277
721.297834,136,6236.224644
759.525768,140,6236.451786
441.743754,89,6236.593575
372.638027,70,6236.705325
494.752465,101,6236.875743
709.171935,138,6237.100109
513.175124,100,6237.263501
654.728548,120,6237.446445
574.640135,103,6241.011013
553.94301,120,6241.194441
617.106931,114,6241.369954
533.686603,101,6241.525916
512.188734,96,6241.669757
458.063791,91,6241.820034
423.002608,82,6241.950593
619.013142,122,6242.16746
631.803086,122,6242.367112
388.724729,73,6242.48935
441.222087,82,6242.618307
515.351598,98,6242.781667
386.104804,77,6242.906704
469.475445,94,6243.065089
530.077212,101,6243.23721
661.888733,133,6243.462268
636.399221,140,6243.710712
906.075673,186,6244.021631
516.144534,96,6244.18812
532.048715,100,6247.683493
545.598423,109,6247.880617
574.379057,107,6248.063246
544.924026,117,6248.252815
641.300088,120,6248.460993
636.977828,131,6248.674383
511.841019,97,6248.822591
479.629841,97,6248.979303
450.591888,89,6249.114245
618.054318,134,6249.312207
551.575223,113,6249.453525
598.637095,121,6249.601744
588.666041,110,6249.737331
782.738918,140,6249.931076
535.917725,103,6250.098318
433.714308,87,6250.238414
768.434929,143,6250.472314
397.422841,80,6250.596713
462.924177,98,6254.049275
509.786882,96,6254.212672
517.231997,109,6254.402303
699.034654,135,6254.633759
626.708711,119,6254.849192
600.151341,115,6255.051684
700.153403,133,6255.281761
621.56378,113,6255.479865
420.102001,88,6255.617242
497.454936,91,6255.762773
673.176141,124,6255.967319
420.817546,82,6256.118322
920.292971,176,6256.426876
387.71787,77,6256.545928
539.497172,102,6256.727077
575.969712,108,6256.90493
666.47763,122,6257.120685
482.510502,94,6257.275621
339.153783,67,6257.393476
462.810386,88,6257.532276
673.879759,127,6261.258965
534.588674,106,6261.474602
457.008484,85,6261.645725
456.236835,95,6261.83604
596.743917,111,6262.06637
575.950418,108,6262.283345
471.689045,97,6262.483505
607.939817,110,6262.695921
447.490254,88,6262.869279
517.524727,109,6263.084568
576.90007,115,6263.309928
450.495735,84,6263.473634
640.177276,121,6263.713546
647.585307,120,6263.929118
859.763935,168,6264.199962
540.157153,102,6264.368763
574.761176,122,6264.566644
518.92185,100,6264.732681
676.095316,150,6268.28099
649.542152,122,6268.489742
682.902153,134,6268.729903
638.207852,133,6268.953087
568.734462,120,6269.174283
670.661161,142,6269.41597
477.100742,89,6269.551359
605.783433,114,6269.749411
481.501839,92,6269.902815
694.103382,131,6270.109128
487.400276,94,6270.247247
627.31712,136,6270.458256
476.023101,93,6270.600977
453.614172,87,6270.735326
610.18015,118,6270.940283
557.801728,113,6271.115578
593.483449,107,6271.253438
405.611378,82,6271.363621
556.633597,103,6274.958778
622.48035,117,6275.18551
601.588168,113,6275.413768
503.564185,110,6275.631028
493.646786,91,6275.803012
609.876051,124,6276.056687
489.219426,102,6276.266557
486.738559,98,6276.432519
440.629475,92,6276.592011
457.465883,97,6276.763968
497.789068,100,6276.931495
613.925795,114,6277.118514
784.957447,157,6277.388171
483.688187,95,6277.558874
533.329519,100,6277.717543
585.72171,111,6277.899954
521.979638,104,6278.066921
432.574707,88,6278.224085
514.980758,110,6278.412425
455.351372,92,6278.567064
636.389045,119,6282.089068
459.096649,94,6282.234694
536.749204,100,6282.387449
535.511548,102,6282.549185
450.508708,94,6282.697941
614.456765,132,6282.913839
508.438739,94,6283.059019
866.758507,164,6283.325938
531.52868,101,6283.481127
589.728737,109,6283.644432
436.383487,80,6283.745772
523.028976,106,6283.878152
501.061837,96,6283.994879
756.167805,146,6284.215702
482.429917,97,6284.371662
449.101386,81,6284.494654
634.574411,119,6284.67527
436.543666,83,6284.800667
420.183596,75,6284.913096
536.891663,100,6288.377911
472.828146,101,6288.56023
423.13109,86,6288.711902
440.287043,93,6288.88543
546.371148,115,6289.080361
751.561277,146,6289.338494
880.609398,167,6289.629861
726.184373,144,6289.874975
438.10193,92,6290.036876
543.748252,101,6290.205845
469.387455,96,6290.373348
638.962055,130,6290.601485
580.829358,109,6290.787475
523.503047,99,6290.946143
613.000111,114,6291.128589
571.49069,109,6291.302924
550.341947,99,6291.461267
526.982987,112,6291.646983
620.831807,116,6295.077545
482.988577,96,6295.24267
503.866495,96,6295.405347
490.002035,104,6295.583181
324.716352,64,6295.684747
590.121493,114,6295.858596
468.71374,93,6295.99802
696.885043,143,6296.236846
568.828463,117,6296.433117
456.039564,88,6296.561275
763.62003,160,6296.830559
499.723456,106,6296.992353
629.168987,117,6297.182209
812.419129,165,6297.440295
644.773518,126,6297.638301
600.414359,110,6297.823438
709.04932,138,6298.052616
643.283927,123,6298.234924
599.209237,111,6301.700746
474.873486,93,6301.86684
200.296064,39,6301.935645
454.896994,95,6302.104277
450.657672,80,6302.248081
555.569052,104,6302.435793
556.341609,105,6302.624772
605.138455,112,6302.811699
590.341088,117,6303.018682
771.830703,162,6303.297842
521.513177,103,6303.506544
714.932548,156,6303.820137
601.121167,116,6304.058697
660.993554,120,6304.29566
621.578135,124,6304.5491
464.259688,90,6304.73357
525.120533,104,6304.939451
426.163107,87,6305.112113
724.056279,141,6305.390927
521.879024,96,6309.087645
503.015398,102,6309.273705
523.549264,98,6309.447805
781.002204,147,6309.713685
668.402058,140,6309.965503
543.973397,109,6310.150337
564.750846,106,6310.307248
559.980734,104,6310.483174
173.36229,35,6310.542571
497.978996,99,6310.708417
630.358132,118,6310.900851
598.673598,118,6311.096409
519.813725,94,6311.246392
603.254831,115,6311.431803
475.209334,90,6311.59048
491.43616,99,6311.757271
477.807874,90,6311.913038
687.216278,142,6312.12358
552.427899,99,6312.280535
516.298811,102,6312.444136
488.853373,90,6316.133904
736.99007,146,6316.442036
470.578385,91,6316.629509
524.325013,105,6316.845722
592.703551,126,6317.105167
602.250576,111,6317.329152
437.716971,85,6317.500993
417.596071,82,6317.662492
550.44033,106,6317.877121
580.260797,112,6318.099508
803.727932,148,6318.356117
450.540998,82,6318.489101
600.480302,120,6318.666651
563.36892,107,6318.838201
595.460866,115,6319.018878
415.146522,82,6319.151537
681.495485,143,6319.380242
596.562062,113,6319.574465
684.92231,127,6323.143065
672.072754,130,6323.374269
449.885158,81,6323.509683
568.723411,112,6323.706664
555.000777,104,6323.894345
511.049145,102,6324.079145
578.806582,106,6324.262317
563.774306,111,6324.457763
604.613261,113,6324.653554
508.128976,96,6324.817828
897.461819,177,6325.088632
419.827862,79,6325.203439
449.36573,82,6325.303196
563.115739,105,6325.450006
654.687034,121,6325.611317
440.91357,82,6325.744264
673.339398,127,6325.997324
497.655561,108,6326.223656
394.336689,84,6326.389431
934.967802,183,6330.282398
501.623432,98,6330.448411
693.692736,130,6330.672418
394.028099,74,6330.804648
480.121742,89,6330.959483
501.544479,96,6331.128756
580.304334,110,6331.327698
502.688813,95,6331.497288
599.944185,115,6331.691652
666.131151,122,6331.900956
520.994929,99,6332.069508
736.906641,140,6332.314978
614.366507,115,6332.498953
586.294405,101,6332.666408
539.044285,96,6332.852567
765.890072,153,6333.15253
383.769162,73,6333.289012
550.588171,105,6333.496916
502.438295,104,6333.706366
605.820954,115,6337.234479
593.52208,113,6337.468846
686.071739,123,6337.713794
755.168109,141,6337.999788
506.967966,106,6338.217289
534.981965,114,6338.451581
873.724928,182,6338.824636
713.671835,138,6339.102581
999.052017,189,6339.471679
514.425383,101,6339.670896
780.791576,138,6339.935421
686.206453,132,6340.196901
422.428635,81,6340.356092
610.925395,112,6340.584089
507.480258,94,6340.742392
545.044462,115,6340.903409
416.866298,79,6341.024317
436.391382,81,6344.477727
746.683721,143,6344.730493
536.645294,102,6344.909311
531.928347,99,6345.081638
534.293672,102,6345.260946
732.982507,134,6345.489482
573.426971,114,6345.69379
450.32894,86,6345.845626
694.997027,135,6346.083748
725.514821,139,6346.316218
510.900237,104,6346.492945
418.579432,82,6346.655981
845.04541,173,6346.976688
554.89903,100,6347.167788
500.441696,98,6347.361469
494.441157,94,6347.542813
553.888704,107,6347.749665
586.591464,111,6347.964634
523.455959,98,6351.64963
497.089268,95,6351.811845
661.616737,123,6352.014991
491.514773,104,6352.195957
752.259511,141,6352.425408
490.3701,103,6352.60058
541.216135,102,6352.778051
649.236377,125,6352.979652
649.912723,138,6353.221977
381.662894,70,6353.337828
569.497431,107,6353.51593
561.76867,102,6353.654301
680.915174,125,6353.873406
561.885116,108,6354.03351
427.717776,89,6354.145249
515.223642,92,6354.26177
497.224283,107,6354.424879
754.997692,144,6354.659424
447.012264,90,6354.789014
688.454327,131,6358.074272
494.41565,95,6358.224886
756.075475,150,6358.465946
475.410808,92,6358.609626
482.767565,91,6358.753668
463.964808,90,6358.888448
531.302184,106,6359.028496
537.13614,98,6359.184926
448.421578,84,6359.342983
444.031834,79,6359.490551
644.184954,116,6359.722266
434.470099,82,6359.879632
694.543574,130,6360.132547
607.7948,111,6360.348738
768.751819,151,6360.644099
724.166223,143,6360.90794
610.854202,112,6361.122701
594.056884,112,6361.328981
580.056418,109,6361.533772
381.705572,75,6364.857003
667.534966,135,6365.092242
600.606345,110,6365.285958
440.539658,80,6365.414978
818.673085,160,6365.683421
565.0208,109,6365.877788
531.711977,103,6366.031977
526.169715,103,6366.195226
692.077406,137,6366.429168
417.501295,80,6366.527745
769.75084,144,6366.707686
489.058305,87,6366.808093
908.849079,175,6367.014888
593.850002,117,6367.158992
698.943716,129,6367.316355
492.192688,102,6367.438666
674.373102,126,6367.597469
635.703468,136,6370.851123
504.066464,107,6371.010113
726.892518,137,6371.215828
754.986631,149,6371.442194
673.078246,148,6371.670912
432.195598,79,6371.791124
607.553901,112,6371.979205
480.72405,87,6372.117614
590.12796,112,6372.304057
435.194455,82,6372.438772
550.27792,107,6372.618899
569.43173,115,6372.810719
641.565627,118,6373.014722
582.607681,110,6373.197403
575.327671,115,6373.333127
653.027418,122,6373.477294
465.730939,86,6373.578512
489.076282,103,6373.7019
540.52137,99,6373.847609
524.381029,98,6376.947028
544.945582,100,6377.097977
648.585471,119,6377.272327
518.241964,101,6377.398098
538.791901,113,6377.572966
426.519203,84,6377.683939
540.614726,101,6377.803679
515.582704,101,6377.923083
637.482847,121,6378.064316
678.140157,126,6378.212566
528.57264,99,6378.328126
467.869155,88,6378.428585
638.710714,135,6378.591685
402.358798,75,6378.675844
202.208613,38,6378.718865
500.13461,91,6378.826859
1130.484048,231,6379.106812
418.827184,76,6379.195308
563.376093,114,6379.334429
654.536155,123,6382.480425
632.154105,136,6382.648305
584.39141,127,6382.820196
607.736906,119,6382.972397
592.424267,126,6383.13316
557.445268,112,6383.272088
576.476683,118,6383.418464
483.799568,95,6383.534265
564.391703,101,6383.653083
690.399413,138,6383.828755
700.733251,133,6383.993108
683.89225,129,6384.145129
803.085865,150,6384.322299
679.35009,124,6384.466746
566.418017,106,6384.591704
544.837401,98,6384.706652
506.743076,94,6384.815401
445.273364,84,6387.673232
472.193873,96,6387.795871
695.630169,133,6387.963191
536.928251,110,6388.099497
383.582108,82,6388.203287
413.151956,87,6388.310295
545.243813,108,6388.443924
519.697646,103,6388.568512
519.211382,100,6388.686715
433.740567,82,6388.781903
428.924122,78,6388.872145
439.22899,91,6388.980126
573.981508,106,6389.102614
511.476633,99,6389.220391
496.507538,92,6389.32797
465.059321,90,6389.436391
599.999711,119,6389.577411
499.028711,106,6389.701845
490.599257,93,6389.810819
417.486183,76,6389.89938
610.861297,112,6390.029835
457.169497,91,6392.932703
737.907528,143,6393.163095
633.952593,135,6393.377065
702.230914,133,6393.595949
360.345361,71,6393.70657
480.886389,92,6393.867094
573.976151,107,6394.026858
935.135183,181,6394.253567
549.254581,112,6394.387511
499.052649,100,6394.504285
485.395638,91,6394.615903
484.057007,96,6394.727288
745.910904,135,6394.886053
621.384068,113,6395.02035
614.093512,119,6395.159666
431.309366,87,6395.262962
510.953484,100,6395.378219
568.380116,115,6395.512505
658.485283,121,6398.530077
595.699283,111,6398.703426
577.956909,103,6398.863188
455.022712,92,6398.99187
755.322927,155,6399.188077
658.020082,136,6399.356743
493.699296,102,6399.477712
553.745292,115,6399.61488
180.46685,35,6399.654631
486.617968,97,6399.77037
539.725229,101,6399.885457
562.978538,114,6400.016438
219.797332,42,6400.064496
466.698095,95,6400.173319
282.528784,53,6400.234278
577.350494,110,6400.360357
604.784442,115,6400.499188
518.890268,99,6400.613828
272.560664,51,6400.671437
489.587216,99,6400.786507
500.447256,99,6400.904373
469.91865,92,6401.008924
627.843617,118,6403.97247
478.917055,90,6404.074464
486.240752,95,6404.182258
907.375184,174,6404.380614
472.481521,100,6404.49834
610.874269,130,6404.653703
417.215068,79,6404.740893
718.511481,147,6404.908254
685.573719,133,6405.055215
720.176699,139,6405.21214
594.702731,112,6405.338655
612.941349,112,6405.463973
577.578485,118,6405.597756
632.389499,118,6405.731145
685.690402,127,6405.874375
650.374814,117,6406.007048
154.373533,31,6406.041248
638.239486,127,6408.654749
619.992365,116,6408.789824
544.361032,111,6408.919724
505.33912,93,6409.030548
545.727697,107,6409.157966
582.84134,108,6409.285239
214.513534,41,6409.332265
513.891162,108,6409.45922
712.189464,133,6409.615531
548.480359,114,6409.75095
599.06554,118,6409.892033
592.491683,111,6410.019804
411.089478,74,6410.101944
650.5451,117,6410.237659
624.280927,114,6410.365725
566.427645,110,6410.490473
572.722883,119,6410.628806
636.318718,121,6410.763315
512.705005,100,6410.874805
454.220865,87,6410.97136
568.887502,114,6413.544191
523.203118,97,6413.656407
661.215043,125,6413.805468
535.015443,115,6413.944881
498.55704,96,6414.055531
390.935702,77,6414.147669
201.810196,39,6414.193053
158.028233,31,6414.228712
643.344126,120,6414.368687
579.825049,120,6414.513155
493.129215,92,6414.624858
439.141325,82,6414.721475
588.534193,111,6414.857625
615.090804,113,6414.992122
478.792505,97,6415.110137
569.288523,108,6415.235206
451.777117,92,6415.340174
438.78989,80,6415.430967
676.362762,135,6415.582917
568.956678,111,6415.709888
584.878085,109,6415.833776
751.470353,136,6418.479931
424.751511,77,6418.566324
473.683928,84,6418.661222
558.971507,106,6418.785471
592.891309,109,6418.910259
650.876609,123,6419.05667
580.858992,116,6419.190975
475.022313,99,6419.30445
453.086202,85,6419.399652
570.211961,114,6419.53383
527.795665,99,6419.646488
539.995479,97,6419.756967
510.885909,101,6419.873156
639.168981,120,6420.01282
470.900573,102,6420.127663
455.818896,92,6420.231904
589.327764,113,6420.357273
550.048974,108,6420.477151
537.115767,103,6420.590435
479.405496,95,6422.869322
396.120662,78,6422.957138
528.128891,107,6423.082393
349.22874,71,6423.16627
770.594144,154,6423.366862
339.423152,65,6423.489053
646.562387,137,6423.763142
546.185462,101,6423.954838
692.62809,133,6424.205559
739.036845,149,6424.471917
609.083487,110,6424.649792
752.510603,141,6424.90309
738.345394,151,6425.231918
492.932007,94,6425.45233
691.74629,133,6425.729867
623.245446,126,6426.024086
631.553564,125,6426.303247
458.305361,93,6426.506205
446.838029,90,6430.307466
563.647666,109,6430.529635
655.001413,126,6430.785719
584.564983,106,6431.001179
481.828708,93,6431.189649
530.050441,99,6431.386701
433.213161,87,6431.555989
745.221999,146,6431.846362
446.516451,82,6432.011923
458.080284,85,6432.18282
796.167619,156,6432.465974
505.118668,97,6432.627417
494.430565,101,6432.803368
579.249391,111,6432.99419
638.204574,122,6433.207293
693.593175,136,6433.452923
497.635751,92,6433.601214
500.838517,94,6433.760087
467.408241,91,6433.908959
430.721538,84,6434.049444
592.723467,120,6437.563476
510.859081,96,6437.723543
569.401534,107,6437.917145
471.715502,90,6438.090018
547.84287,112,6438.309839
702.69197,141,6438.592649
562.431651,103,6438.801538
609.251343,121,6439.052602
407.522952,77,6439.21018
452.800402,87,6439.386545
555.438062,104,6439.599582
607.253605,113,6439.831919
487.122485,89,6440.014004
658.204552,127,6440.278998
650.556317,120,6440.524807
560.098924,104,6440.741738
562.923158,121,6440.98734
732.68475,142,6441.276169
664.060767,129,6444.704884
586.686655,121,6444.914981
527.187378,104,6445.097779
492.395421,102,6445.276884
439.776327,81,6445.417448
572.274818,108,6445.597814
671.377299,126,6445.821835
516.56047,96,6445.982403
631.070087,115,6446.175001
465.254089,86,6446.320707
576.536489,117,6446.530696
496.119718,94,6446.698494
609.89075,113,6446.901104
611.494478,116,6447.104519
655.707734,124,6447.317534
516.664142,97,6447.479808
555.722197,101,6447.651278
412.498199,85,6447.79915
582.436845,112,6447.987093
680.528713,133,6451.692903
540.270514,105,6451.911153
433.817188,86,6452.084379
473.961341,90,6452.263965
538.761622,98,6452.463643
853.945411,159,6452.792541
609.195417,114,6453.034373
664.591922,126,6453.290072
538.01669,101,6453.498742
581.339732,118,6453.738636
525.912346,101,6453.949988
597.977455,124,6454.201642
497.240491,107,6454.423763
473.792454,95,6454.60074
658.859125,133,6454.826088
599.319811,112,6455.021847
698.465906,126,6455.237794
438.271214,90,6455.392589
563.029926,118,6455.601238
449.396234,79,6459.052522
611.924652,115,6459.255149
512.855518,100,6459.423417
604.03174,119,6459.627502
491.853785,90,6459.776223
788.366208,148,6460.054843
453.250605,86,6460.217303
435.836076,81,6460.377919
416.713007,75,6460.531373
528.745651,102,6460.740825
447.035861,84,6460.909787
530.037008,113,6461.152261
528.735312,94,6461.342457
541.033864,103,6461.55401
767.067332,144,6461.852066
671.422019,123,6462.095526
603.173313,123,6462.348956
542.685712,101,6462.560415
514.899736,104,6462.769765
588.971233,108,6466.553124
601.030927,111,6466.734073
487.449517,100,6466.901616
414.699268,80,6467.043209
446.728869,95,6467.223418
696.429506,132,6467.483572
544.365703,100,6467.670846
568.341572,105,6467.877095
182.156182,36,6467.943954
532.246736,103,6468.15088
610.498548,116,6468.3859
608.352656,114,6468.612702
447.080722,86,6468.778614
447.929855,82,6468.938193
267.621987,52,6469.039264
527.411204,98,6469.225652
525.021134,111,6469.444085
556.405991,104,6469.645529
670.39814,123,6469.885641
621.536072,127,6470.144277
428.271991,82,6470.30336
636.160657,117,6474.211035
870.276283,167,6474.558667
510.358313,101,6474.771867
774.449823,142,6475.067748
574.225528,104,6475.278419
608.065734,114,6475.517806
753.410989,147,6475.822745
532.466785,98,6476.020204
883.679,181,6476.382057
381.455144,74,6476.527044
530.871162,107,6476.74106
545.223984,103,6476.918394
568.897808,120,6477.128937
810.368254,151,6477.387348
548.993339,102,6477.56204
733.570095,141,6477.820504
785.547823,150,6481.398352
519.537546,111,6481.597507
662.683364,123,6481.831039
772.129434,159,6482.133522
534.870222,100,6482.336311
417.653913,76,6482.488036
523.216421,99,6482.691047
473.213357,87,6482.86594
496.393233,101,6483.078787
443.673142,87,6483.251363
525.455387,101,6483.456756
568.49441,122,6483.7111
439.372436,97,6483.917088
460.296581,88,6484.098929
476.20551,92,6484.284515
487.715425,93,6484.471945
589.066695,114,6484.703796
703.979293,131,6484.975302
675.142394,132,6485.242666
491.779617,93,6485.427777
331.601812,68,6489.07438
678.605571,133,6489.302912
486.276719,101,6489.485421
626.321767,117,6489.720288
636.83038,120,6489.959717
542.223671,103,6490.160372
512.745109,92,6490.339273
496.701938,95,6490.530224
552.079993,104,6490.736022
636.253591,119,6490.970213
422.249517,82,6491.130934
638.933785,123,6491.376508
542.343871,104,6491.582228
509.070203,99,6491.772916
435.488247,78,6491.922515
186.676396,36,6491.99098
853.927645,165,6492.314819
383.235869,79,6492.466183
487.661175,91,6492.640962
585.074575,109,6492.856359
312.095075,62,6492.974947
585.571,110,6496.890455
613.510639,115,6497.1236
177.293798,36,6497.197065
640.066552,127,6497.451546
518.066089,98,6497.643881
562.745859,106,6497.851373
656.15575,145,6498.146721
553.338258,101,6498.346944
480.913376,99,6498.511087
1228.38301,246,6498.92676
577.739837,107,6499.106525
574.632804,118,6499.312966
543.827641,106,6499.485731
514.544583,96,6499.649366
517.483834,113,6499.84724
628.011448,119,6500.0527
490.790245,94,6500.21376
662.811929,128,6503.732499
822.550118,159,6504.054364
458.733461,85,6504.22134
580.514851,114,6504.456543
542.526143,100,6504.656499
560.485893,110,6504.882032
552.851592,98,6505.071955
546.597121,102,6505.269692
487.24027,92,6505.453981
641.799959,128,6505.719558
516.390386,102,6505.930791
629.842812,124,6506.184665
663.151887,128,6506.441057
681.680459,129,6506.670675
609.557153,119,6506.859526
675.545505,129,6507.100805
482.665356,100,6507.304972
515.076116,111,6507.529358
612.996741,130,6511.148184
499.284161,100,6511.320898
569.819079,106,6511.51014
405.093933,79,6511.641246
474.185156,89,6511.800189
621.455811,116,6512.007978
583.434264,107,6512.198459
442.841267,86,6512.341293
555.841634,110,6512.544596
512.685108,95,6512.729116
494.666467,106,6512.941304
404.666917,80,6513.10117
629.332536,123,6513.340534
618.473503,124,6513.593798
757.81379,146,6513.887352
603.321723,118,6514.118325
471.267718,84,6514.28247
631.194762,125,6514.527068
491.684869,87,6514.695285
616.610077,127,6514.94734
532.002003,99,6518.740155
584.540621,112,6518.924893
429.22747,87,6519.06638
533.599669,99,6519.233238
610.342616,116,6519.426048
496.724234,99,6519.587682
753.546756,137,6519.822855
696.202595,134,6520.050899
567.431316,121,6520.262608
679.332877,127,6520.470501
514.065924,107,6520.65913
590.417991,113,6520.843268
680.451313,140,6521.072139
614.564254,126,6521.293417
550.151942,114,6521.48775
564.096799,112,6521.665527
941.403888,172,6521.93521
530.385474,107,6525.451349
596.570458,119,6525.663101
600.061686,122,6525.868272
667.231981,137,6526.11444
537.737755,106,6526.296176
666.427235,128,6526.508849
572.415813,107,6526.689963
558.342743,109,6526.867397
518.483496,105,6527.042428
158.3405,31,6527.093201
461.724041,94,6527.245381
676.511122,125,6527.450985
580.812674,119,6527.641957
736.399584,137,6527.872214
412.29903,85,6528.007993
598.040784,117,6528.185129
471.769498,95,6528.331244
747.713722,155,6528.578312
588.703878,111,6532.336868
595.937102,114,6532.548779
483.303753,89,6532.709401
590.602995,119,6532.926723
550.303615,101,6533.099168
458.854818,84,6533.241663
493.314484,89,6533.396321
683.523281,124,6533.615702
387.664181,72,6533.73934
667.827566,122,6533.957661
550.503087,103,6534.138393
464.897095,95,6534.308835
525.684103,96,6534.477648
578.531508,125,6534.703478
503.953416,106,6534.891061
620.338807,116,6535.104485
412.074612,80,6535.245782
509.896712,105,6535.431216
592.060107,113,6535.624157
621.35806,126,6535.842961
483.083361,91,6539.579242
670.726168,137,6539.85596
687.02197,128,6540.122893
403.033211,75,6540.27359
643.276773,128,6540.53726
478.521218,94,6540.730653
529.74302,112,6540.962819
466.781058,105,6541.174281
673.91919,140,6541.467149
671.400573,128,6541.693994
551.506649,112,6541.872552
465.21479,90,6542.024855
651.709398,124,6542.235792
493.446177,94,6542.388931
495.79038,93,6542.541373
477.97864,88,6542.694658
447.918462,86,6542.841185
368.269828,68,6542.951518
685.998664,142,6543.204947
476.029122,100,6546.693177
605.091969,124,6546.904513
571.287524,103,6547.089015
585.167925,124,6547.312632
643.46464,121,6547.531817
604.728674,114,6547.732445
562.980449,118,6547.938331
514.709855,98,6548.112775
493.89319,96,6548.301963
535.205977,102,6548.508314
561.24595,107,6548.722953
539.246883,110,6548.948006
603.072409,114,6549.182081
515.602015,99,6549.383788
513.441096,99,6549.583445
512.166961,106,6549.799353
643.474466,131,6550.068708
621.176951,117,6550.300855
144.861162,29,6550.357377
571.12602,126,6554.143357
527.344811,98,6554.312565
726.507027,148,6554.593696
583.608158,109,6554.788387
505.100732,92,6554.95394
749.577696,148,6555.213135
512.930487,105,6555.403546
505.170831,109,6555.599703
506.531062,97,6555.77766
498.201504,94,6555.943647
328.287824,65,6556.057056
527.877143,97,6556.230205
629.278195,135,6556.474925
616.819079,139,6556.734426
669.634459,126,6556.990753
139.438628,28,6557.044485
769.750484,143,6557.326899
185.83971,36,6557.39637
546.437915,113,6557.621484
469.133753,88,6557.795438
509.494172,96,6561.564828
503.67315,100,6561.764033
512.045953,98,6561.963182
559.694489,110,6562.187772
442.930147,86,6562.360127
359.312962,68,6562.492514
594.748767,111,6562.713849
509.309309,97,6562.90941
659.022238,128,6563.177396
516.592438,98,6563.37511
757.700668,155,6563.643265
481.473667,89,6563.795674
564.097865,106,6563.969399
457.518774,84,6564.106615
644.09704,120,6564.307688
540.771166,111,6564.49528
675.313751,129,6564.720837
658.833162,126,6564.940126
566.06214,104,6565.116119
564.523963,108,6568.554264
557.648059,110,6568.750826
482.533653,104,6568.928852
374.99409,73,6569.054594
528.584602,100,6569.223657
566.848507,112,6569.425435
514.821937,95,6569.587324
519.165801,104,6569.76729
424.761742,84,6569.920161
763.746098,148,6570.190436
578.000311,113,6570.3939
473.047604,90,6570.557913
542.413834,114,6570.764744
577.990049,109,6570.977642
611.364893,112,6571.201731
565.749093,118,6571.443197
707.188418,147,6571.747502
542.962197,105,6571.95983
636.101418,118,6572.198078
600.207704,109,6575.967867
644.267359,119,6576.18217
626.229449,115,6576.386257
506.191458,92,6576.550071
726.994528,144,6576.821926
476.106239,100,6577.006951
600.288246,119,6577.222004
622.766691,124,6577.447534
504.254437,102,6577.633995
794.30946,163,6577.94148
677.370277,148,6578.206743
569.090051,103,6578.392123
629.536139,117,6578.592697
513.905715,100,6578.768505
586.929815,114,6578.960445
555.527393,103,6579.146116
722.1365,135,6579.385803
562.745807,121,6582.596216
472.480038,91,6582.737386
574.576823,104,6582.901404
782.93221,147,6583.145032
593.274619,107,6583.331621
871.789768,161,6583.607699
565.820743,107,6583.794339
712.62703,140,6584.035203
608.07102,115,6584.241791
406.207292,77,6584.374322
976.468374,180,6584.687467
589.224645,110,6584.886185
674.606825,144,6585.146708
861.700509,161,6585.42952
582.622508,108,6585.601767
474.409367,91,6585.747746
527.23609,108,6585.930222
431.352282,94,6589.305128
712.20255,145,6589.563237
532.717105,106,6589.74375
518.259468,109,6589.933624
416.054623,83,6590.083541
422.100984,91,6590.238774
580.537819,112,6590.454533
412.461882,77,6590.604218
611.250946,121,6590.851572
486.2202,103,6591.069118
472.490471,89,6591.242469
653.996464,139,6591.502687
545.790824,111,6591.701135
535.428973,109,6591.888174
662.676872,130,6592.12328
517.811654,98,6592.298133
482.734375,106,6592.487191
565.243613,123,6592.688584
538.516395,112,6592.861196
525.486265,105,6596.615819
515.323444,99,6596.813493
413.152393,83,6596.956384
515.034741,99,6597.123528
514.730373,97,6597.29095
473.155578,94,6597.458429
534.353792,104,6597.652382
513.199155,103,6597.838586
635.5657,124,6598.062539
561.012588,120,6598.290633
431.986255,84,6598.447889
367.651143,77,6598.591389
528.534773,102,6598.783825
537.022067,117,6599.0053
585.770399,109,6599.198991
461.118877,96,6599.371658
629.457803,129,6599.615538
546.503234,105,6599.808076
461.3583,98,6599.984971
447.443914,89,6600.137886
688.381588,127,6603.903547
194.282489,38,6603.965574
644.388339,124,6604.172512
555.391805,106,6604.353972
514.536374,101,6604.526944
405.560398,81,6604.662998
592.405144,114,6604.869462
602.118419,110,6605.052903
521.80812,100,6605.222789
461.40597,93,6605.388582
618.544128,118,6605.593024
681.483224,132,6605.827381
404.61906,81,6605.973994
539.204653,98,6606.143154
503.436105,96,6606.304814
625.114938,120,6606.50574
537.599104,107,6606.697106
457.67355,90,6606.859559
645.453356,124,6607.074051
485.830331,98,6607.239061
598.662076,112,6610.800963
512.064966,109,6610.981826
606.614642,120,6611.183811
472.683225,91,6611.353829
867.226725,166,6611.664113
515.24526,106,6611.864755
687.473666,130,6612.103542
676.176707,131,6612.341164
477.942551,90,6612.504988
746.08629,139,6612.754109
769.32722,158,6613.059332
437.567266,87,6613.223106
594.474672,118,6613.441699
443.880122,86,6613.604507
637.586386,124,6613.837895
717.060082,143,6614.099799
586.472476,110,6614.290245
531.329575,107,6614.50107
545.318719,110,6618.455398
635.112176,124,6618.675014
733.742105,137,6618.917909
656.496999,134,6619.173909
484.521205,105,6619.369722
734.28571,145,6619.648421
522.230065,112,6619.859799
426.425714,90,6620.028865
564.770635,107,6620.224012
617.845621,131,6620.467703
583.794595,107,6620.66763
580.650042,120,6620.8706
562.540319,107,6621.055349
601.77772,111,6621.239011
497.651501,105,6621.420952
648.935659,119,6621.632498
568.508284,106,6621.815911
484.435799,92,6625.194817
480.427012,92,6625.380212
745.955838,145,6625.67508
553.315677,108,6625.897838
516.982635,110,6626.118657
787.561233,147,6626.421947
549.023577,112,6626.653924
549.89358,109,6626.874102
600.352064,123,6627.133348
470.281158,102,6627.349272
576.219393,107,6627.569032
436.492964,88,6627.752123
457.120559,85,6627.925257
599.1906,112,6628.156024
771.757139,164,6628.493893
400.255449,78,6628.650594
448.988064,99,6628.853641
477.762353,102,6629.066799
784.384032,154,6632.727025
474.938435,88,6632.873806
787.732817,157,6633.150816
524.512533,101,6633.329309
885.694876,167,6633.63984
625.573725,130,6633.880591
401.613808,77,6634.018961
633.251545,129,6634.255906
425.737363,80,6634.398813
497.286405,93,6634.565712
467.073065,97,6634.74713
550.589459,104,6634.929513
584.946667,117,6635.141542
481.005168,90,6635.320068
692.682728,124,6635.566823
590.273128,110,6635.78792
750.170811,150,6636.097981
667.145951,122,6636.343382
626.323521,123,6640.272174
537.19854,120,6640.507098
883.836383,158,6640.781906
433.629132,91,6640.945732
522.59134,104,6641.136102
657.196767,125,6641.371772
656.552579,130,6641.611808
522.538052,104,6641.798875
455.64983,95,6641.967831
459.054528,95,6642.132536
573.693153,111,6642.3258
572.105296,106,6642.510986
597.035145,109,6642.704189
871.740877,159,6642.981677
539.768093,112,6643.181909
539.215083,102,6643.35332
437.093215,92,6643.501717
588.411545,116,6643.694588
452.358361,91,6643.847333
562.007789,116,6647.268698
595.418637,117,6647.513573
665.726167,137,6647.810992
436.370991,84,6647.984958
553.181728,113,6648.223384
626.093189,130,6648.501789
640.709171,119,6648.744999
402.110879,73,6648.890902
454.079192,92,6649.084477
595.680182,110,6649.315607
504.768181,101,6649.526736
547.640037,104,6649.737529
575.815111,111,6649.967651
610.979745,126,6650.221292
587.871185,125,6650.480886
668.401075,130,6650.694902
668.649354,123,6650.846736
490.926542,95,6650.966723
487.711056,95,6654.338993
532.729224,104,6654.525092
704.270214,128,6654.743845
589.219332,111,6654.950085
529.057353,100,6655.132557
553.557054,120,6655.349396
473.410914,103,6655.540911
533.569608,115,6655.755279
582.046882,109,6655.953626
731.220922,135,6656.199588
536.181273,112,6656.39204
410.066427,79,6656.533178
488.012294,104,6656.710606
632.524134,121,6656.919772
764.473295,143,6657.175671
614.230363,120,6657.406184
476.915267,91,6657.589635
581.565367,109,6657.75996
691.981996,125,6661.573199
595.742742,113,6661.773587
490.034507,94,6661.935502
638.411774,138,6662.184118
703.378946,149,6662.455662
534.429234,98,6662.626878
703.226124,132,6662.867407
717.686735,133,6663.108348
494.050419,92,6663.265799
631.943762,126,6663.503347
615.440633,120,6663.738473
453.893464,87,6663.908777
567.5496,107,6664.097423
504.616572,102,6664.268862
633.680994,119,6664.476733
576.891192,124,6664.676349
584.388667,115,6664.848292
508.504582,98,6665.019592
491.605329,92,6668.350858
646.953555,117,6668.555187
488.232719,104,6668.742353
422.612238,82,6668.889416
518.699253,105,6669.073698
499.484295,92,6669.235666
628.048963,127,6669.467704
695.425571,127,6669.690279
399.188428,75,6669.816121
575.791934,109,6670.010575
737.787216,143,6670.257246
576.055711,118,6670.464215
617.206589,112,6670.654196
688.738001,129,6670.863507
619.145367,122,6671.058518
630.030173,120,6671.242834
513.495311,97,6671.391279
601.873825,114,6671.561882
521.648611,98,6671.68872
465.087759,99,6675.003984
542.060844,100,6675.175103
664.906091,130,6675.401139
623.370309,120,6675.593679
359.691913,70,6675.711758
619.763037,116,6675.91429
713.133888,142,6676.166897
668.191479,123,6676.386521
694.083803,129,6676.613266
831.639169,161,6676.908477
552.124088,106,6677.101712
631.063284,123,6677.329222
561.416753,107,6677.522991
495.078859,97,6677.697268
538.988721,109,6677.899112
521.569586,108,6678.092607
450.795945,98,6678.268464
508.881338,96,6678.427039
531.217304,100,6681.388315
545.341453,101,6681.525283
553.929161,104,6681.659809
494.255782,95,6681.782266
535.382282,100,6681.906776
596.316862,112,6682.046789
502.535507,104,6682.178004
650.448447,120,6682.345731
642.379249,119,6682.536673
456.207988,84,6682.66179
526.523173,105,6682.825052
500.781437,93,6682.967002
702.685085,127,6683.18052
486.046018,89,6683.337423
572.653556,119,6683.558072
543.56409,112,6683.761567
618.041839,111,6683.95713
550.229277,109,6684.151778
663.698295,128,6684.384956
493.371044,98,6687.791396
397.937237,79,6687.929009
636.391283,133,6688.163086
445.76664,93,6688.315945
424.12788,79,6688.425707
550.072533,113,6688.606725
569.116504,104,6688.788862
543.183208,107,6688.966497
716.542363,138,6689.199174
465.823331,91,6689.342432
455.591075,95,6689.497082
703.658493,138,6689.72101
762.143634,140,6689.963004
495.511932,96,6690.122921
617.854052,113,6690.317354
521.551427,111,6690.509061
523.170193,106,6690.692178
638.44494,118,6690.914863
373.820957,73,6691.062476
414.148032,81,6691.231022
613.692392,112,6695.022271
627.839587,132,6695.289714
618.595076,119,6695.503382
484.072519,100,6695.667956
517.479034,97,6695.821515
584.390504,120,6696.040734
443.495833,89,6696.184663
806.609715,160,6696.447461
519.975689,110,6696.626674
598.243929,120,6696.838408
710.902334,136,6697.057492
416.543625,85,6697.203115
798.212306,163,6697.470468
456.552877,99,6697.648373
549.744946,99,6697.808344
462.962505,93,6697.975886
766.298389,149,6698.24858
612.12525,115,6701.684624
685.669714,131,6701.914005
508.703671,96,6702.099297
519.600824,98,6702.293076
635.313365,132,6702.568306
732.42659,142,6702.853614
691.602758,130,6703.1115
627.721196,129,6703.369458
340.540241,70,6703.510893
595.615189,115,6703.735846
528.981321,102,6703.935675
746.666118,138,6704.206992
593.639847,114,6704.438193
525.793168,97,6704.628289
415.322487,79,6704.781263
445.827728,82,6704.94328
616.381781,117,6705.177387
444.511278,85,6705.346115
770.94974,151,6705.652627
657.374526,127,6709.295429
441.762581,81,6709.422185
499.669325,105,6709.603404
686.751584,129,6709.785001
690.350409,130,6709.994942
567.053018,109,6710.173092
592.043557,107,6710.350797
809.271893,157,6710.609118
452.120036,86,6710.744259
704.243335,140,6710.982168
555.806132,110,6711.170395
644.907746,136,6711.408527
478.23158,92,6711.553414
697.490867,135,6711.778583
700.572192,128,6712.017999
585.28532,110,6712.234871
634.367836,125,6712.492584
619.149795,128,6716.459844
464.118265,93,6716.648416
505.836008,95,6716.834127
623.272155,118,6717.068788
604.949265,118,6717.306065
498.199873,110,6717.530367
441.048923,90,6717.709102
387.941191,77,6717.859762
759.299677,143,6718.139878
785.330213,152,6718.398382
471.285827,90,6718.56004
158.463668,31,6718.611294
622.158872,116,6718.801656
523.823146,115,6719.001742
699.77157,123,6719.215376
669.596509,127,6719.444311
563.879546,110,6719.641667
541.065538,116,6719.858989
643.045261,121,6720.075856
499.348361,100,6723.542241
568.040223,109,6723.728218
602.107565,116,6723.910548
536.748034,103,6724.06978
645.140056,119,6724.250266
572.261331,110,6724.41556
647.638018,132,6724.621055
425.622763,86,6724.754219
519.268802,102,6724.917027
576.974463,118,6725.104503
650.373018,129,6725.306776
574.654867,119,6725.496938
623.754838,119,6725.682688
699.809574,127,6725.87869
874.244289,169,6726.143529
456.215414,90,6726.290277
554.354983,114,6726.478323
553.658068,105,6726.63455
722.896331,140,6730.233325
553.278897,103,6730.411466
189.834895,37,6730.469968
573.904121,121,6730.686161
560.622437,110,6730.843786
437.346052,85,6730.989391
602.072607,116,6731.194704
737.085092,158,6731.471999
781.612224,149,6731.721888
671.961735,137,6731.944442
630.146526,128,6732.157184
893.479937,171,6732.431659
529.896242,99,6732.594798
517.043471,111,6732.786204
657.001084,124,6732.999753
629.81456,119,6733.206896
521.487833,99,6733.371589
473.02043,92,6737.041518
403.012328,79,6737.196156
530.921996,116,6737.423381
622.861331,125,6737.663434
575.850201,114,6737.875516
472.982491,95,6738.057046
225.525151,45,6738.138974
630.576452,124,6738.374992
502.841187,111,6738.588818
558.569125,120,6738.816958
485.321961,90,6738.986686
533.661615,105,6739.18316
496.800471,88,6739.349092
596.958332,122,6739.566435
647.133037,134,6739.762506
536.014843,101,6739.91707
479.532515,104,6740.088823
684.216602,129,6740.281142
161.422735,32,6740.334016
499.6447,99,6740.500631
461.407288,97,6743.751099
681.254637,135,6744.008073
574.837685,118,6744.238163
485.016531,91,6744.412307
596.181853,120,6744.643104
567.336376,121,6744.877742
469.118512,94,6745.010155
411.902512,77,6745.103254
517.267492,106,6745.295611
677.869894,138,6745.576482
671.768217,125,6745.823647
647.575339,123,6746.064451
423.78493,88,6746.235131
453.130618,97,6746.429521
648.246894,131,6746.691033
458.324675,84,6746.852425
494.491829,98,6747.042739
765.819206,139,6747.316085
601.486995,119,6747.554444
