#{"t_start": 1533110277.4856622, "env_id": "Humanoid-v2"}
r,l,t
77.664994,17,0.029589
80.77862,17,0.046821
74.324026,16,0.064842
92.510399,19,0.085507
75.337523,16,0.102495
76.00338,16,0.119879
112.824231,23,0.148419
81.358458,17,0.164455
159.449198,34,0.199863
117.201598,24,0.225955
82.389007,17,0.242972
135.910876,29,0.273032
81.135737,17,0.289976
112.72659,24,0.315433
100.62145,21,0.338047
158.464004,35,0.377017
112.805368,24,0.40297
91.886012,19,0.423913
121.826443,25,0.451919
98.347604,20,0.473195
74.757626,16,0.490475
174.162621,41,0.536593
173.502425,36,0.577033
76.076998,16,0.5941
158.456332,34,0.632209
76.213259,16,0.649354
75.663711,16,0.666542
83.975359,18,0.685588
113.473499,26,0.715234
131.885551,31,0.749935
83.603696,18,0.770129
101.293137,24,0.796988
141.399289,30,0.830557
86.667353,18,0.849866
88.012585,19,0.870685
85.454337,19,0.891286
80.313675,17,0.909835
95.29776,20,0.931385
125.907543,28,0.962397
93.8395,20,0.983967
132.637586,28,1.014594
81.809767,17,1.033109
115.250865,25,1.06035
83.902778,18,1.079687
93.937661,20,1.101627
112.579177,24,1.128043
74.897791,16,1.145019
74.888706,16,1.162251
144.930745,32,1.197482
76.567577,16,1.214706
76.367475,16,1.231756
84.292432,18,1.251227
130.00422,27,1.280834
75.856064,16,1.29809
139.604632,29,1.3304
84.899774,18,1.350018
108.409097,23,1.375003
98.999659,24,1.401623
71.244978,15,1.417998
135.764122,30,1.451925
75.945703,16,1.469482
107.937296,25,1.496742
82.284425,17,1.515088
76.378962,17,1.533293
86.017704,18,1.55272
111.432938,24,1.579653
94.24661,20,1.601157
99.948496,21,1.624268
162.971707,35,1.663327
149.820359,31,1.698416
257.943108,54,1.760794
90.046634,19,1.781199
72.859819,16,1.79858
71.420472,15,1.814705
96.575499,20,1.836712
80.840304,17,1.854428
97.40922,21,1.878065
72.982516,16,1.895453
75.966035,16,1.912459
141.470926,31,1.947152
137.598627,30,1.980507
83.393387,18,1.999998
91.586485,19,2.020547
84.926011,18,2.040164
75.237977,16,2.057499
80.797991,17,2.075626
79.619978,17,2.093591
80.092278,17,2.111852
80.405713,17,2.130268
150.407543,32,2.166233
81.179373,17,2.184121
88.922055,19,2.205273
150.453095,31,2.240025
73.495437,16,5.56805
149.106785,33,5.627813
74.555482,16,5.656656
256.507344,53,5.741035
90.986244,19,5.772796
90.233895,19,5.802408
169.008542,36,5.856201
86.022649,18,5.887205
123.911404,25,5.934956
80.246008,17,5.966704
148.682533,30,6.023881
80.915638,17,6.054978
71.662913,16,6.082935
109.649648,23,6.125541
81.181096,17,6.153187
79.972332,17,6.176409
97.217515,20,6.207892
78.581006,17,6.231922
167.131831,36,6.2839
121.315538,25,6.321494
80.275742,18,6.346444
128.721666,28,6.38792
81.018117,17,6.412299
76.607681,16,6.434086
83.189266,17,6.456381
179.72189,41,6.51388
129.01581,28,6.552007
73.611719,16,6.574176
80.746108,17,6.597962
74.793426,16,6.621156
85.266043,18,6.647173
93.152667,20,6.677474
107.956964,23,6.710346
75.906061,16,6.732869
69.701071,16,6.755633
89.74373,19,6.783259
81.340277,17,6.805707
149.25189,32,6.848414
137.564928,31,6.891138
129.882802,27,6.927832
76.257928,16,6.94949
74.785304,16,6.971335
135.156838,31,7.014575
90.618761,19,7.04012
105.6351,22,7.070588
81.172339,17,7.089168
153.839131,33,7.126563
161.09865,36,7.167428
210.395989,45,7.219522
81.209551,17,7.237436
93.873436,20,7.259495
90.326934,19,7.281178
86.295916,18,7.300547
133.368661,27,7.330872
84.87965,18,7.350558
80.02615,17,7.368966
78.59828,17,7.387743
124.611622,25,7.416096
263.586837,56,7.48054
76.296608,16,7.497843
75.624121,16,7.515498
85.715416,18,7.534921
144.623012,30,7.569224
81.838275,17,7.587899
80.849312,17,7.606429
81.110407,17,7.625052
153.893608,34,7.664455
81.003242,17,7.682633
84.626108,18,7.702017
140.419262,29,7.733987
78.054737,17,7.753201
79.74095,17,7.771641
76.262082,16,7.788738
85.324533,18,7.80863
101.81738,21,7.83198
79.077817,17,7.850502
154.791605,34,7.88963
80.57316,17,7.907889
114.277046,25,7.935714
112.395477,25,7.962926
83.236608,18,7.98297
90.148456,20,8.005837
171.592862,38,8.049394
86.24102,18,8.069082
115.16111,24,8.096035
133.990257,29,8.128078
116.380121,25,8.155756
80.922583,17,8.17377
80.207092,17,8.191981
94.437542,20,8.213156
149.719286,33,11.534764
99.484594,21,11.576048
81.149036,17,11.60847
84.537808,18,11.638408
80.194805,17,11.664249
128.605108,29,11.711155
74.545631,16,11.737698
195.333011,46,11.819179
101.539992,21,11.854225
81.281488,17,11.882033
110.372786,24,11.922448
129.33485,29,11.972623
119.094717,26,12.015957
113.347048,24,12.056235
130.271899,28,12.10616
100.766293,22,12.144059
137.666265,31,12.197313
88.692906,21,12.233095
88.607246,20,12.26786
144.232962,31,12.321825
110.957564,23,12.358734
96.686393,21,12.391637
100.648665,21,12.426351
84.745206,18,12.45488
74.90237,16,12.479397
96.353956,20,12.509191
162.506984,35,12.561476
95.27548,20,12.590993
95.356941,20,12.61994
96.230979,20,12.651358
76.028256,16,12.674844
81.483389,17,12.699591
133.086566,31,12.746554
80.910606,17,12.77201
117.193214,25,12.810434
124.664852,28,12.852571
81.014249,17,12.877409
98.736776,21,12.907901
81.031728,17,12.933207
103.079482,21,12.963977
129.233572,28,13.00638
98.058228,22,13.038897
114.455762,27,13.07834
129.752696,28,13.121499
80.06585,17,13.145994
98.009737,23,13.180786
81.524986,17,13.205645
89.247651,20,13.237061
80.653907,17,13.262039
157.662439,34,13.314297
80.871221,17,13.339101
88.520152,20,13.367882
416.870644,87,13.509391
112.257538,25,13.546468
117.260618,24,13.58283
75.432578,16,13.605989
133.51695,29,13.650382
86.153252,18,13.677323
73.91382,16,13.700473
75.523064,16,13.723912
88.623051,19,13.752146
112.371445,23,13.787169
86.531728,19,13.815459
80.913699,17,13.840268
141.841419,31,13.887957
80.161846,17,13.912585
85.934511,18,13.938548
83.615582,18,13.966057
76.545687,16,13.988558
81.266243,17,14.016345
117.233659,24,14.060276
79.225335,17,14.08989
152.524158,34,14.152159
149.992792,33,14.213079
85.804853,19,14.248533
173.217522,36,14.316864
80.28871,17,14.348025
141.727548,29,14.404433
76.540661,16,14.433923
105.566904,22,14.474624
81.206181,17,14.504986
86.000138,18,14.53861
81.304222,17,14.569265
96.934017,22,14.611519
115.298462,26,14.66071
92.148657,20,14.697333
80.70386,17,14.728851
86.957226,18,14.761968
117.318535,26,14.810628
121.179896,25,14.85902
81.091846,17,17.986117
128.40369,28,18.031224
137.901677,31,18.083114
76.28775,16,18.110454
204.447567,44,18.16496
99.5118,21,18.189028
81.249943,17,18.208251
80.796403,17,18.227191
75.151754,16,18.245792
94.373699,21,18.269475
105.891505,24,18.296597
91.395414,20,18.319981
108.481942,25,18.348496
73.152503,16,18.366317
151.008178,30,18.402004
81.158072,17,18.421303
89.864245,19,18.442337
132.953438,28,18.474246
90.933203,19,18.495708
74.05615,16,18.513561
92.037517,20,18.53672
82.767497,18,18.55723
89.846832,19,18.578429
211.127856,47,18.635013
139.714705,31,18.671512
85.711921,18,18.691443
165.948641,36,18.737836
98.363094,22,18.768411
85.657271,18,18.793437
78.140721,17,18.816324
122.028716,29,18.854941
87.760141,18,18.878561
75.641253,16,18.900099
121.915316,26,18.936215
80.537333,17,18.958697
101.773693,21,18.988504
134.912176,30,19.029168
216.758572,43,19.092741
126.557646,27,19.12907
98.408365,22,19.160415
75.721888,16,19.18205
79.497165,17,19.20496
84.429842,18,19.229105
106.670716,23,19.259851
100.521295,21,19.288455
73.152026,16,19.310336
92.710966,20,19.336314
126.741831,29,19.377013
91.557692,19,19.402605
87.537073,18,19.4265
115.920141,24,19.460827
164.384821,38,19.513339
102.933392,22,19.543349
121.655551,26,19.579545
80.536331,17,19.602888
83.534168,18,19.628504
130.112168,31,19.671467
112.835364,25,19.706223
185.497474,38,19.75931
163.7703,37,19.811419
81.447113,17,19.833942
74.282426,16,19.855382
81.24134,17,19.877641
90.348647,19,19.903138
91.74604,19,19.928691
85.255989,18,19.952805
94.338291,20,19.980232
133.979832,29,20.019439
155.245609,35,20.067798
111.380155,24,20.100736
147.181147,30,20.142524
192.747345,41,20.198604
137.944644,30,20.238506
87.005553,18,20.26252
174.768076,40,20.3193
95.530836,20,20.347173
75.108403,16,20.368802
81.617304,17,20.391097
76.615921,16,20.411656
111.563411,23,20.443521
85.005102,18,20.467748
176.334412,39,20.523401
127.460185,27,20.565903
83.866737,18,20.591799
111.041016,23,20.628688
135.086043,28,20.676386
72.465279,16,20.705003
95.505261,20,24.052443
80.912048,17,24.082554
163.679434,35,24.147601
289.165148,54,24.254348
86.295802,18,24.286195
85.341812,18,24.317623
75.125132,16,24.345587
104.357537,23,24.386984
74.655322,16,24.415721
127.868891,27,24.466287
85.382408,18,24.497115
132.954143,27,24.547191
73.542069,16,24.5756
81.377069,17,24.604949
120.722811,25,24.650566
81.395069,17,24.679894
74.001103,16,24.708136
79.109742,17,24.737815
92.688568,20,24.773481
106.899452,22,24.813178
250.88259,54,24.915586
85.501758,18,24.94797
76.033867,16,24.976522
74.770163,16,25.005046
76.207724,16,25.033172
92.04115,19,25.06688
132.452855,33,25.128747
91.83672,19,25.162146
127.952399,27,25.206365
174.612457,39,25.265833
101.759748,22,25.299607
85.258876,18,25.326378
98.307036,20,25.355809
97.427507,20,25.386329
142.860842,32,25.436607
172.249276,39,25.496812
85.85538,18,25.524182
88.734378,19,25.551629
81.096137,17,25.576686
123.355487,25,25.615872
108.739207,26,25.654302
97.82987,21,25.686685
195.561822,43,25.75315
79.775928,17,25.777864
80.250197,17,25.802274
85.575152,18,25.829323
217.278722,45,25.900172
151.800537,35,25.952638
83.82393,18,25.980306
183.777521,39,26.0394
344.628979,74,26.153051
166.213383,35,26.207994
85.406917,18,26.23722
95.435004,20,26.270602
97.854336,21,26.305231
75.462831,16,26.332461
81.246791,17,26.360151
187.362869,38,26.42962
193.55749,39,26.501017
86.020105,18,26.533313
173.389083,36,26.607237
80.579892,17,26.638864
168.344716,37,26.70909
159.354203,33,26.772486
97.566852,20,26.809727
67.908556,16,26.83835
223.272427,47,26.927522
76.397591,16,26.954525
76.350087,16,26.981619
161.065485,34,27.044822
235.246398,50,27.134224
133.478476,29,27.184088
77.432181,17,27.218566
80.220634,17,27.253116
110.418016,23,27.295491
99.296346,21,27.333842
212.245316,45,27.419441
91.803742,19,27.454474
331.646205,70,30.928008
151.259486,34,30.988294
141.938159,31,31.045589
84.524898,18,31.077195
147.430534,32,31.135891
78.013462,17,31.165338
124.133078,27,31.215025
93.220702,20,31.250365
90.419062,19,31.283601
80.222665,17,31.31373
74.42116,16,31.342119
88.70343,20,31.378134
93.311902,20,31.412617
90.088232,20,31.449204
89.97312,19,31.483052
173.91186,40,31.558218
125.806019,26,31.604281
81.223483,17,31.633164
148.990188,30,31.687646
235.630675,53,31.790297
105.806119,22,31.830042
138.105954,31,31.887041
222.915605,45,31.972904
215.015025,47,32.063728
75.961338,16,32.090493
130.244062,27,32.134196
76.443221,16,32.158043
100.62005,21,32.190197
80.194199,17,32.217142
105.78661,24,32.254369
76.59565,16,32.277942
204.807658,42,32.347295
89.543189,19,32.377834
104.867976,22,32.412728
179.98189,40,32.480072
151.505546,32,32.532629
75.695051,16,32.55966
92.363727,19,32.590273
80.489824,17,32.613844
197.861379,44,32.680922
80.886593,17,32.704171
72.037462,16,32.728653
208.755448,43,32.802055
77.05098,17,32.832176
157.49474,33,32.894366
99.277226,24,32.938034
190.081627,40,33.018698
143.889012,31,33.07551
116.398459,24,33.116132
84.092937,18,33.147039
139.023022,28,33.196059
142.514907,34,33.255074
83.935284,18,33.286704
129.319843,27,33.336195
157.923118,33,33.396652
98.941836,21,33.434965
180.541292,36,33.502465
181.650473,40,33.576342
90.962417,19,33.612594
159.178304,38,33.682808
194.67753,42,33.767853
232.726873,49,33.869008
151.295539,32,33.931533
167.231486,38,34.002188
149.894746,33,34.060908
182.026968,38,34.131457
75.525407,16,34.160592
78.274217,17,34.190982
90.83383,19,34.225724
90.943188,19,34.257189
279.149638,61,34.370632
113.015311,24,34.415726
75.99263,16,34.445803
141.68397,30,34.502205
95.848501,20,34.533832
76.349245,16,34.55826
106.714946,23,38.096676
131.744449,27,38.140735
129.133156,29,38.185737
192.146059,41,38.251341
261.893267,57,38.345959
96.247842,20,38.377608
253.965025,58,38.470459
185.918493,42,38.539667
90.828988,19,38.567223
160.602225,35,38.626175
271.857069,55,38.713316
99.637023,21,38.743655
92.228534,19,38.771178
175.702594,41,38.840601
183.319471,37,38.917365
83.74933,18,38.951881
127.094354,27,38.996956
123.887647,28,39.047507
81.169888,17,39.076536
83.927666,18,39.105461
86.025321,18,39.137834
188.823151,40,39.206177
78.705402,17,39.239674
104.195036,22,39.276128
169.371142,35,39.339591
154.997673,34,39.404953
168.988375,36,39.471709
163.854334,39,39.548556
123.709205,26,39.594386
75.333295,16,39.62287
187.939972,39,39.68817
221.424274,45,39.775636
225.883051,47,39.859548
75.017249,16,39.890611
104.787575,23,39.933236
101.353883,21,39.972776
311.619882,66,40.097419
101.237172,21,40.137638
121.673323,25,40.183516
200.534568,44,40.260869
171.018745,37,40.317632
268.309492,60,40.429062
103.970807,24,40.466848
102.390585,22,40.499665
78.988741,17,40.523932
104.744465,23,40.556547
179.752698,36,40.605912
96.19254,21,40.639467
136.219274,28,40.686948
87.007725,18,40.717451
95.165984,20,40.749973
83.907177,18,40.780159
98.687568,21,40.814015
185.035077,39,40.880559
81.132235,18,40.9096
86.67076,18,40.938391
152.522894,32,40.992636
170.615211,38,41.058313
85.476053,18,41.086762
74.382963,16,41.110128
121.48883,26,41.1476
111.309283,26,41.188144
146.690816,31,41.238181
222.782019,46,41.305271
159.841515,34,41.354728
84.458698,18,41.381051
200.717447,43,41.44201
107.967361,23,41.473589
107.05934,22,41.506107
81.163328,17,44.715701
99.21489,21,44.753837
146.800153,31,44.81475
149.663239,34,44.877198
132.211466,30,44.932242
137.104053,30,44.990618
81.45122,17,45.02112
98.251105,21,45.059418
81.530585,17,45.086779
80.102291,17,45.116834
201.608058,42,45.197239
79.316603,17,45.230339
129.233795,26,45.276107
81.617603,17,45.305671
101.593428,21,45.344186
199.680287,44,45.424475
200.809992,41,45.501742
275.057608,57,45.610972
149.528932,31,45.664955
158.301571,32,45.725122
120.4661,26,45.773792
101.958279,24,45.823195
76.327024,16,45.849945
261.153943,56,45.957376
99.578464,21,45.997931
97.263396,21,46.035194
169.02618,36,46.101223
133.136654,27,46.154562
139.763455,29,46.206337
113.206921,24,46.249558
81.263389,17,46.276941
108.828711,22,46.314796
134.314357,31,46.367544
197.880016,42,46.437843
133.241281,29,46.486158
97.166694,22,46.527699
104.268191,23,46.567196
76.000968,16,46.59466
76.049077,16,46.62345
95.441783,20,46.656996
150.809162,34,46.716615
134.268316,30,46.766953
156.355148,33,46.818476
209.830675,43,46.893787
96.807505,20,46.928917
113.805271,25,46.970036
121.587979,25,47.010148
186.419053,39,47.071829
96.194851,20,47.102313
104.003299,23,47.137756
254.548943,54,47.228413
230.967572,48,47.310211
158.920494,35,47.366832
114.77107,24,47.407215
193.063672,40,47.470793
226.977056,46,47.545477
94.468762,22,47.576966
81.130809,17,47.601946
121.066604,26,47.644238
112.124986,25,47.683704
106.610053,22,47.7174
188.972604,43,47.785547
80.352191,17,47.809798
130.180016,29,47.859967
143.970785,32,47.917951
146.735861,30,47.973473
100.825756,21,48.0116
127.402653,27,48.060365
88.992904,19,48.093857
153.37021,32,48.15222
131.344164,27,48.200642
97.81473,21,48.238903
86.142864,18,48.270288
242.667859,55,51.836933
91.881468,19,51.874875
122.550906,27,51.926005
86.023589,18,51.955901
101.24473,21,51.993407
139.078723,29,52.043299
180.810269,39,52.114218
232.915648,52,52.210876
268.384118,56,52.312755
117.958509,25,52.359193
215.290785,47,52.449548
124.626905,25,52.493503
74.63978,16,52.518675
137.525937,30,52.564928
156.387951,32,52.614336
92.919017,19,52.64466
149.052938,31,52.696887
287.239383,56,52.78507
163.839338,38,52.845898
125.766756,27,52.887338
252.746471,51,52.97026
145.508267,32,53.020724
200.460469,43,53.085145
134.831121,28,53.125907
195.238304,40,53.189015
202.018009,49,53.263792
145.522023,30,53.309968
116.534785,27,53.351471
85.775961,18,53.379005
228.439491,49,53.439879
206.399131,45,53.494923
194.74199,40,53.543007
96.159053,22,53.568038
100.650501,21,53.592552
134.117615,27,53.623941
137.856989,28,53.656454
133.279544,27,53.687293
160.35984,32,53.724697
124.791875,29,53.759014
98.963995,21,53.782964
86.100104,18,53.803773
84.771846,18,53.823963
146.446032,31,53.860487
109.640901,25,53.889786
130.434452,28,53.921667
80.2761,17,53.940691
176.725529,38,53.98468
142.353499,29,54.017762
180.340801,40,54.065256
85.908524,18,54.085235
207.563303,43,54.136345
116.066682,26,54.167337
121.041425,28,54.200336
92.240506,21,54.223896
114.253527,24,54.251994
140.864379,29,54.285866
404.194655,93,54.399302
159.12326,34,54.439693
162.718699,35,54.482394
87.898506,19,54.50398
84.904792,18,54.524544
212.096654,44,54.575841
81.11,17,54.5951
115.636198,24,54.622137
196.921879,42,57.791687
133.867002,28,57.835287
157.570516,36,57.895288
108.373114,23,57.931614
176.696444,36,57.988536
134.879661,30,58.036644
207.945407,44,58.108364
144.244242,30,58.154127
158.335981,36,58.207343
105.141346,23,58.242212
159.701706,34,58.293141
116.940873,25,58.332874
216.022184,47,58.408691
257.772931,54,58.49512
139.655111,31,58.546887
206.454418,45,58.618883
133.689021,29,58.666008
140.235314,31,58.716706
121.547448,26,58.760552
90.997757,21,58.793463
105.673299,22,58.829166
173.616816,37,58.894644
95.018071,20,58.926191
126.535217,26,58.968689
168.016383,35,59.02334
207.263793,47,59.093225
142.932299,31,59.142357
199.09699,42,59.209217
157.450297,35,59.266352
126.815126,26,59.307029
127.141008,27,59.348636
154.645163,32,59.399851
89.547558,19,59.426007
221.362929,48,59.498996
148.802315,31,59.545399
153.163442,32,59.592013
117.250066,26,59.630998
75.583696,16,59.653212
86.404771,18,59.679399
217.249207,46,59.74708
129.137727,28,59.788947
119.950502,26,59.827044
240.608371,49,59.889747
273.833986,55,59.956897
84.953392,18,59.977356
244.304495,49,60.03591
184.435779,39,60.081532
149.636692,31,60.117448
213.343918,46,60.173931
276.537975,56,60.244548
162.388593,37,60.28928
124.238185,26,60.319282
304.5884,63,60.397555
148.460012,31,60.433883
363.435863,76,60.528249
159.146839,37,60.571017
285.950608,58,60.644617
208.629153,43,60.695206
219.13796,47,63.352949
153.776563,35,63.403822
362.522746,78,63.527817
82.278181,18,63.556077
175.161183,37,63.620486
86.534848,18,63.650173
197.215708,42,63.71415
103.845804,22,63.747684
213.942889,44,63.812846
132.453703,28,63.853163
243.056059,53,63.941308
85.262658,18,63.970286
110.227569,23,64.01147
158.189892,35,64.075714
258.79425,52,64.179502
105.513978,24,64.221846
162.841563,38,64.292336
106.193133,22,64.332361
268.344633,59,64.445522
230.104911,48,64.538631
143.193384,29,64.590484
209.515937,46,64.679635
85.993301,18,64.714188
232.012492,48,64.80852
151.156344,33,64.861519
156.464568,34,64.920773
198.394531,45,64.998382
107.497126,22,65.034689
165.969496,37,65.099831
209.511003,43,65.152176
81.161343,17,65.171971
103.781845,23,65.199658
207.882824,43,65.252833
86.330053,18,65.274006
216.094055,44,65.329427
95.421644,20,65.352547
196.233597,40,65.400112
155.175552,33,65.440967
114.663814,24,65.469706
155.84404,35,65.512162
173.430017,38,65.559417
167.238976,36,65.603646
131.707372,28,65.636946
100.333574,21,65.661773
99.318494,21,65.68611
273.299682,58,65.75819
73.501001,16,65.776722
177.025683,39,65.822929
85.717872,18,65.844057
91.223123,19,65.866164
277.111137,53,65.934253
128.533178,29,65.968638
85.184696,18,65.989753
212.443481,49,66.04952
221.518806,46,66.10523
145.294558,29,66.140048
157.205601,34,66.18156
131.676747,30,66.217424
146.728506,32,66.25526
115.26582,26,66.287409
311.621189,64,69.568099
130.561961,27,69.611184
174.464352,38,69.672508
76.213672,16,69.695983
254.226877,54,69.782951
232.564234,46,69.855447
81.550211,17,69.880187
122.438084,29,69.927879
256.678028,54,70.012559
97.152767,20,70.044574
178.01117,38,70.106738
166.416832,34,70.157774
179.653217,40,70.221245
217.834555,50,70.301397
128.172908,28,70.346414
93.364027,19,70.374594
136.216289,31,70.421469
160.280113,36,70.47487
144.745323,32,70.530278
148.844828,37,70.603682
108.988251,23,70.643157
92.35208,19,70.678007
279.512142,58,70.793638
79.659111,19,70.824498
318.939841,67,70.933586
76.076384,16,70.954978
85.734276,18,70.981869
80.042233,17,71.005321
156.892137,35,71.060416
138.716915,28,71.10579
252.856461,56,71.187785
277.617766,59,71.280848
201.491387,39,71.340266
120.077788,27,71.37834
87.145734,19,71.405129
166.370994,38,71.461306
133.659909,28,71.502164
84.647493,18,71.529355
262.944237,55,71.618597
146.875986,32,71.67092
96.255365,20,71.701817
192.773338,43,71.774062
236.916063,52,71.857608
182.829985,40,71.922762
133.918802,33,71.974657
111.858373,24,72.010853
91.8499,19,72.04
219.754639,45,72.111263
116.66338,25,72.147143
86.997832,19,72.175107
224.800157,45,72.243507
76.334518,16,72.265124
98.438532,21,72.295581
238.346252,50,72.371247
190.959084,40,72.433104
88.232651,19,72.462199
274.321097,57,72.546453
154.416609,34,72.596157
177.539635,40,72.655839
259.827037,59,76.014384
158.537135,33,76.053994
106.485739,22,76.081171
280.903945,60,76.153562
269.445846,52,76.218723
168.440509,37,76.272686
154.699866,32,76.318484
187.723247,39,76.3733
157.663341,33,76.421555
125.391632,28,76.472082
168.172979,37,76.542742
167.806384,34,76.608824
177.22286,40,76.685068
123.885505,27,76.732986
162.764007,35,76.7956
159.790678,35,76.859906
118.419798,24,76.907512
176.803739,37,76.975408
210.260774,43,77.054156
244.961981,54,77.146101
131.805309,30,77.198462
167.71443,38,77.26101
96.077289,20,77.291382
501.959922,98,77.455779
144.33095,29,77.500428
208.063792,47,77.575405
299.578264,59,77.673555
272.794107,54,77.761001
212.839638,44,77.830966
152.037206,31,77.880191
165.723088,34,77.933688
161.656577,33,77.986925
251.243456,51,78.06601
261.671387,57,78.155634
108.333841,23,78.191821
102.224485,21,78.223323
209.892335,48,78.29919
149.369532,35,78.354666
229.689384,47,78.430274
176.140097,38,78.488618
202.42933,40,78.552907
101.791868,21,78.579329
179.350161,37,78.62471
125.259585,26,78.656874
238.363756,54,78.725116
315.867805,64,78.807544
178.157626,37,78.853681
153.997628,33,78.894603
154.686568,32,78.933222
260.312404,52,78.999397
187.042312,39,79.047992
214.498323,50,79.110867
152.973933,32,82.266726
195.540973,42,82.317789
114.48094,23,82.344192
202.424682,43,82.39456
162.751821,34,82.43508
390.610703,78,82.538713
81.163165,17,82.561308
292.407142,63,82.655384
280.842259,59,82.744447
114.949016,26,82.790415
278.074075,55,82.897862
260.177826,56,83.005273
263.98353,57,83.115941
147.226342,34,83.18193
179.121883,38,83.256276
230.231355,47,83.347663
232.920778,48,83.430157
100.74825,21,83.463532
238.14829,49,83.543365
166.281364,34,83.596917
170.624616,37,83.658315
303.868263,62,83.76805
154.700026,31,83.822102
187.870203,38,83.8864
164.953983,37,83.950663
168.961733,36,84.013243
152.904088,33,84.067482
247.066486,52,84.143229
161.995999,32,84.189077
294.536538,58,84.280635
138.948514,31,84.328064
130.111178,27,84.366932
157.341049,34,84.416688
316.256339,68,84.521032
85.912927,18,84.546476
124.426254,26,84.584096
239.680036,51,84.661966
124.801497,27,84.700946
101.769544,21,84.733318
137.088385,28,84.77477
192.000503,42,84.839907
168.190595,36,84.891743
85.316439,18,84.917405
174.956439,38,84.974384
164.753695,37,85.026799
170.306378,37,85.078855
191.709771,41,85.138238
350.64911,75,85.247384
235.899768,49,85.319413
129.428379,27,85.361013
214.656433,45,85.423907
156.101821,36,88.27551
105.213138,22,88.30186
269.33627,60,88.380938
167.993779,34,88.423207
250.756036,56,88.493062
268.237192,53,88.559711
167.751989,35,88.604548
153.972871,33,88.645492
200.061469,42,88.697742
217.931411,45,88.752842
155.087025,38,88.800596
147.899911,33,88.840682
130.019803,28,88.874221
208.373082,45,88.929826
205.692906,51,88.991982
223.925185,47,89.050431
94.998854,20,89.074277
212.209204,48,89.134113
138.01639,28,89.168369
137.485305,31,89.20638
275.36778,56,89.279326
239.383957,50,89.341655
248.34012,51,89.40897
279.615897,56,89.492561
228.058432,48,89.577912
427.948162,91,89.730418
175.8636,37,89.787741
136.836785,29,89.835179
149.563497,36,89.894975
81.279262,19,89.925338
217.134484,43,89.994771
139.599616,29,90.042994
248.643705,57,90.141393
207.937412,43,90.213169
211.018007,43,90.2813
145.650078,30,90.329505
227.669675,52,90.416232
158.872528,34,90.470125
137.354554,29,90.51801
96.443396,20,90.551177
234.138331,47,90.626837
122.133207,25,90.668589
164.226362,35,90.724503
261.116638,55,90.816269
135.885853,28,90.862834
178.98484,37,90.92131
216.750102,47,90.996467
173.722426,36,91.055557
170.220776,34,91.109668
190.520753,38,91.171206
154.229777,35,91.22706
118.564153,28,94.318549
233.897032,49,94.390257
317.610941,70,94.494893
127.157458,28,94.535687
99.857631,21,94.565888
169.4644,34,94.617973
183.717516,38,94.670498
156.479901,34,94.71805
293.786901,59,94.804085
167.638074,36,94.853353
181.625941,39,94.907173
214.595558,49,94.979066
103.019064,21,95.008125
187.876618,39,95.061894
212.252987,46,95.130582
280.041813,66,95.228133
179.323174,37,95.283541
240.919414,49,95.358929
219.24529,47,95.43222
271.34029,59,95.524381
124.574024,26,95.560882
134.293491,30,95.604623
183.102225,42,95.667331
226.527354,44,95.7413
213.588677,47,95.817244
248.174818,49,95.901199
231.13468,46,95.976446
197.912353,43,96.046067
314.963057,64,96.151013
189.850794,41,96.216551
78.643619,17,96.242269
198.559715,40,96.307193
184.927393,39,96.369275
235.579689,55,96.449908
184.678376,37,96.508062
290.765782,59,96.596599
217.678766,43,96.657542
244.364401,51,96.71945
202.141217,43,96.771799
339.557001,70,96.864266
291.12964,54,96.947954
235.682828,50,97.026044
209.782675,51,97.099653
370.869759,74,97.210102
236.378215,52,97.273226
193.399386,42,100.532606
201.083154,42,100.614255
209.409404,45,100.701949
219.174545,48,100.800514
204.795698,42,100.882988
178.880359,40,100.958772
353.435787,70,101.096962
80.925279,17,101.127191
225.180739,49,101.22681
317.193988,65,101.361231
219.550492,45,101.455643
106.230201,22,101.499346
226.70624,45,101.590578
320.158018,69,101.734298
204.717675,45,101.825965
270.666033,55,101.936501
235.618196,48,102.039968
81.078913,17,102.072327
198.666278,45,102.165407
183.128844,41,102.248984
83.819246,18,102.283393
270.698413,52,102.391141
105.156712,26,102.441145
353.203625,69,102.57799
142.448553,32,102.629771
123.220954,26,102.670726
199.945304,43,102.742502
205.981319,43,102.811545
163.227748,34,102.866758
162.274509,35,102.922323
174.072042,37,102.981649
382.451919,69,103.087367
219.733055,46,103.153814
208.834831,46,103.220798
185.436301,37,103.280586
172.748673,39,103.346569
210.412797,44,103.416409
199.276828,44,103.489846
163.047323,36,103.54765
264.600775,57,103.641846
291.142024,60,103.740341
83.067351,18,103.768266
348.205893,70,103.892187
396.542708,82,104.017697
161.597143,35,104.061572
234.501597,50,104.124954
261.545462,53,106.980345
242.486568,50,107.040003
92.047667,19,107.061713
186.679739,38,107.105876
160.129709,34,107.145571
178.862155,38,107.190001
239.105842,50,107.250432
246.191301,54,107.319332
76.160823,16,107.338171
297.556027,65,107.420104
358.308514,75,107.516902
161.257168,32,107.556757
433.856909,88,107.67147
245.999398,48,107.737292
133.678189,28,107.775742
148.593849,33,107.814962
259.972078,54,107.882089
263.929368,58,107.95402
303.047651,63,108.032822
98.721532,22,108.059438
221.081537,53,108.123506
226.72256,47,108.181454
258.177761,50,108.241545
207.899118,47,108.29895
97.440463,20,108.321974
171.604661,37,108.370451
167.34761,34,108.427063
283.513882,61,108.527929
174.635239,39,108.590871
170.798288,40,108.654322
109.051521,22,108.689355
248.645819,49,108.769125
171.393183,36,108.825133
174.950576,36,108.890663
196.070854,43,108.971136
280.308178,59,109.076371
203.472699,42,109.143552
240.689507,52,109.228198
241.389822,52,109.311566
193.760133,43,109.383541
265.140224,53,109.473929
195.217228,42,109.546473
272.755574,63,109.658308
265.839811,54,109.74917
255.489823,51,109.834001
175.106046,37,109.893114
210.016982,43,113.170725
327.677373,66,113.284245
196.480628,44,113.357281
211.875125,45,113.430638
192.215624,40,113.49519
153.781879,35,113.55116
296.075705,65,113.660091
186.170655,39,113.727167
111.593649,25,113.766031
138.822713,33,113.820121
142.329649,32,113.871466
305.024216,65,113.978723
253.664274,53,114.064999
235.287167,50,114.148531
254.714083,53,114.236949
212.511014,43,114.306441
164.557043,35,114.363787
210.490577,47,114.442113
175.72272,36,114.501173
81.104887,17,114.526931
238.314149,51,114.609981
177.056648,40,114.674329
126.213071,27,114.717532
191.109333,42,114.784323
263.8908,54,114.868419
268.425119,56,114.960795
214.14296,42,115.02865
295.658297,64,115.136196
216.252092,49,115.210555
203.814155,43,115.277297
267.144226,54,115.385719
283.752666,56,115.497074
367.010553,75,115.644873
158.658937,35,115.717918
230.213072,47,115.799509
288.445942,55,115.872806
210.758066,45,115.948644
258.648899,54,116.037483
208.329339,43,116.108743
324.110738,63,116.213419
249.479989,52,116.299498
147.845152,33,116.353676
214.20703,49,116.43258
388.050241,77,119.706059
213.569092,44,119.768082
287.497787,59,119.863845
183.51925,41,119.927202
247.423082,54,120.011516
245.618756,49,120.088068
89.845705,19,120.117007
157.662442,37,120.174424
315.415538,67,120.280636
414.605872,81,120.414398
219.799605,54,120.500964
227.465188,50,120.581744
243.14818,49,120.662463
281.073178,57,120.751085
155.301506,32,120.800689
246.439091,50,120.879508
242.917406,52,120.958622
344.137469,71,121.069222
132.750944,28,121.111604
224.232567,46,121.186125
201.753972,44,121.252523
151.655642,32,121.304611
157.03277,33,121.369439
86.128903,18,121.399816
207.274053,45,121.478869
196.028909,39,121.545841
185.023123,38,121.617308
200.00802,41,121.692427
252.307267,50,121.786611
255.564615,51,121.874288
300.117813,59,121.972634
171.488852,36,122.030908
167.868177,37,122.0912
139.507474,28,122.134067
177.985799,38,122.195648
263.244321,53,122.279921
176.934549,38,122.338276
238.111939,49,122.420207
201.118168,44,122.479608
418.279969,79,122.609193
230.735209,46,122.683316
178.07964,38,122.741488
275.540354,56,122.829098
199.63869,43,122.894791
248.600361,59,122.986319
217.433491,47,125.773208
239.211489,53,125.854441
258.85501,54,125.93881
204.508129,42,126.001742
253.748127,56,126.084579
259.355556,55,126.170257
230.102669,51,126.247291
152.561717,33,126.296622
308.097162,79,126.417161
308.474563,62,126.513327
157.976372,36,126.568605
203.938705,43,126.633593
168.375375,38,126.690106
268.438601,57,126.780353
157.41502,32,126.828919
146.710893,31,126.874332
156.560672,33,126.922468
142.447907,34,126.973715
143.415795,30,127.018214
187.302134,43,127.082017
281.65804,58,127.172955
310.082898,64,127.280084
173.56358,37,127.338711
212.001958,48,127.415114
198.097313,44,127.484487
165.300145,36,127.539207
271.736172,58,127.627188
239.305544,52,127.703995
106.694338,22,127.73897
228.626008,47,127.813412
314.797889,63,127.914075
284.996885,57,128.002678
486.69387,95,128.146742
315.407725,67,128.260992
237.79722,49,128.344318
250.376015,50,128.423882
161.550851,35,128.476809
155.389805,36,128.530416
351.534825,67,128.631241
214.562006,43,128.694172
156.679931,37,128.749793
230.431268,52,128.82929
213.255961,46,131.904563
151.856582,32,131.943654
231.374542,53,132.012002
169.228398,34,132.056674
214.540327,46,132.115115
322.336366,79,132.217277
272.160574,55,132.288261
165.35542,34,132.331684
256.08326,51,132.402529
250.054874,50,132.476575
263.099091,55,132.56194
307.664011,65,132.665742
375.955732,82,132.79485
322.427802,66,132.899077
281.745398,57,132.983113
778.559497,169,133.250531
221.070033,50,133.322727
513.929383,103,133.48893
261.007168,58,133.579388
146.856672,31,133.629491
244.174213,48,133.712673
214.727042,45,133.787286
244.506466,48,133.874533
121.692449,25,133.921317
234.191658,50,134.021492
200.075711,44,134.098038
167.297258,37,134.162032
408.2237,83,134.299951
271.948767,55,134.389365
169.142507,35,134.445667
275.716121,57,134.537278
211.635844,46,134.612679
228.723926,49,134.691818
304.665313,61,134.780648
186.498855,39,134.830513
212.529444,47,134.890287
295.38019,62,134.969637
212.524226,46,137.463366
114.191592,24,137.490113
284.909026,58,137.562516
251.089274,50,137.627277
242.296572,48,137.684543
294.773269,57,137.754348
159.22567,35,137.795751
220.594995,48,137.853778
153.085093,35,137.893656
291.732378,57,137.97347
158.409749,34,138.022788
197.130296,38,138.081521
344.302111,75,138.201186
275.752851,56,138.286569
434.684702,92,138.426154
334.514526,66,138.52918
198.306815,41,138.592371
238.84758,51,138.672447
316.71489,68,138.774933
225.683937,51,138.843738
329.317558,66,138.926045
115.927092,24,138.954556
242.937368,50,139.01645
275.782848,58,139.089188
173.594252,39,139.134371
203.676082,46,139.190026
280.474584,59,139.279824
239.736351,49,139.352459
253.796365,49,139.428617
243.199399,55,139.517338
431.669073,106,139.693149
193.380012,42,139.762267
244.808575,51,139.839005
302.506253,68,139.947514
188.864656,39,140.006098
261.975294,60,140.102178
155.828018,34,140.155647
267.64037,54,140.260296
216.843687,47,140.349634
211.507032,51,143.709694
88.452901,19,143.731514
206.619286,45,143.784248
264.47362,57,143.85652
232.660505,47,143.91228
96.088179,20,143.935482
302.765126,64,144.012697
156.512123,32,144.050362
403.847159,80,144.148456
261.105133,57,144.21868
259.013614,53,144.283358
298.284502,62,144.356939
199.475588,44,144.410394
267.540182,54,144.476215
221.596996,45,144.529202
238.75954,47,144.587683
249.095321,52,144.650781
203.396969,44,144.705173
221.956846,51,144.771429
166.897372,35,144.812946
220.627775,47,144.870146
366.794091,80,144.968927
303.062837,63,145.047894
168.61364,36,145.089422
382.61965,88,145.200927
330.519742,70,145.289466
116.411387,26,145.318978
185.816765,38,145.367452
230.199018,51,145.454829
408.090766,87,145.611704
302.827292,63,145.72109
199.569366,45,145.798845
143.812487,30,145.849297
236.595314,49,145.936866
188.16809,42,146.008155
355.536536,77,146.145217
309.004978,64,146.250914
140.731349,29,146.292935
279.929826,57,146.389518
178.156846,37,146.453385
344.448206,72,150.120255
224.179577,47,150.2069
177.040754,38,150.279462
205.946728,43,150.364756
304.243003,66,150.498497
261.682708,56,150.605503
262.254922,58,150.701595
108.196053,24,150.74069
178.175793,37,150.797863
258.956944,52,150.875279
183.963291,38,150.921953
149.681026,31,150.959993
194.594092,42,151.011339
221.688774,47,151.072778
257.226786,55,151.163018
301.312628,70,151.279568
241.816124,55,151.367097
385.596849,76,151.486396
277.672557,57,151.581935
360.217551,71,151.692589
198.395033,45,151.769523
254.70374,53,151.856794
179.804728,39,151.921887
275.543916,53,152.010487
196.328233,41,152.078418
244.308144,52,152.164235
171.214977,40,152.225818
387.389008,80,152.352244
236.691985,49,152.427143
306.748724,63,152.544033
238.746325,50,152.639473
174.432145,36,152.707053
250.07696,50,152.806324
171.856782,35,152.867472
140.148796,29,152.922897
294.860138,58,153.03398
268.79603,52,153.131312
414.05931,88,153.292357
178.338895,38,153.353073
326.121619,64,153.460149
208.201868,41,153.528451
282.24008,61,157.236688
262.700807,63,157.331795
287.528379,60,157.417727
202.773401,43,157.49241
466.080633,96,157.659157
199.95396,41,157.729859
321.199923,63,157.838777
326.44491,66,157.949356
291.356269,57,158.051416
244.681513,51,158.14608
297.657073,61,158.264081
330.239846,68,158.394447
355.008365,71,158.530427
217.786532,47,158.61864
394.035193,77,158.766474
284.050499,56,158.862498
198.349917,44,158.93101
335.435367,68,159.039296
240.687229,51,159.116219
259.660575,54,159.199425
173.841718,35,159.251598
197.790931,47,159.328051
429.875144,93,159.486995
269.16603,59,159.5913
239.132547,51,159.679117
168.95061,37,159.743811
172.927878,37,159.809028
101.221,21,159.84499
356.210418,72,159.975172
193.742297,43,160.053215
172.147491,35,160.112985
320.982621,75,160.24489
181.369395,40,160.316283
297.803249,62,160.421903
232.814613,52,160.508512
350.105706,68,160.62092
161.864078,32,160.671014
451.898468,96,164.306107
234.136341,49,164.402062
214.330846,46,164.48775
322.406722,68,164.618869
212.284668,42,164.70133
191.493599,39,164.771693
434.438471,89,164.931691
94.433143,20,164.965412
195.037124,42,165.039628
297.828934,60,165.145704
255.433668,52,165.240258
295.850586,66,165.354958
223.91979,45,165.433809
239.780648,54,165.53337
311.852985,65,165.650597
302.214672,64,165.763291
246.219857,50,165.850223
256.841268,57,165.95529
373.839876,74,166.087008
260.016587,53,166.178541
204.687335,43,166.254059
405.939211,83,166.395697
210.124167,44,166.465162
250.529702,51,166.544271
215.453827,46,166.617866
191.066944,43,166.68594
119.438219,26,166.725508
322.579241,67,166.830944
232.170161,45,166.903815
166.836847,36,166.959634
278.821139,55,167.047963
227.286631,48,167.123841
371.000165,75,167.241681
284.821677,59,167.335831
361.709764,81,167.467454
182.313549,39,167.530116
261.694796,54,167.614882
307.582672,61,170.589447
279.367559,63,170.698886
98.500524,21,170.734231
249.507883,58,170.832231
151.368066,32,170.883475
132.267853,28,170.926333
296.163333,67,171.030484
243.788835,54,171.115121
222.95705,50,171.191347
97.074408,22,171.22261
140.326325,29,171.266821
304.926841,75,171.383712
305.042966,60,171.477108
184.299074,41,171.541426
366.802823,74,171.67687
160.837266,33,171.734549
232.959613,49,171.82007
248.283503,51,171.906013
303.408236,66,172.015998
286.158496,56,172.107521
198.530114,41,172.174379
219.017472,44,172.247558
207.098611,42,172.314605
240.221662,52,172.416524
267.043851,54,172.526569
419.467261,84,172.695119
314.331689,64,172.822686
297.216654,67,172.957065
178.357016,39,173.033058
285.07227,56,173.131968
356.470629,79,173.244066
286.860669,59,173.328436
196.127659,43,173.391118
291.62591,61,173.477376
265.572023,62,173.567693
82.093419,18,173.591034
388.313633,85,173.704794
206.927793,45,173.757525
212.851794,44,173.811767
446.772959,92,177.163043
262.812775,53,177.241126
249.140796,51,177.31692
238.753761,52,177.395921
413.465788,93,177.545021
303.788352,60,177.637013
358.574927,71,177.749322
387.182387,88,177.893441
226.069602,48,177.951493
225.228734,46,178.007918
302.505266,70,178.096076
351.736226,67,178.198031
219.814316,46,178.270279
300.217232,60,178.363821
276.682105,57,178.451898
246.792951,49,178.528034
390.057274,79,178.654313
239.149626,50,178.731172
205.908634,45,178.803963
326.805456,64,178.902877
248.445766,57,178.986948
232.49943,50,179.060822
242.206251,48,179.131837
542.931004,112,179.302164
304.19218,62,179.391244
291.858632,69,179.492016
345.759997,78,179.604294
290.978091,63,179.693295
296.534388,61,179.785177
240.548093,53,179.863207
293.30284,65,179.95894
261.413226,55,180.038013
234.392476,51,180.108744
312.078087,63,183.311533
270.694275,56,183.433902
221.784831,47,183.523259
301.218114,63,183.599964
289.902795,62,183.67521
184.631384,38,183.722099
349.175129,67,183.805286
199.390503,42,183.854377
213.176641,52,183.91867
189.588958,40,183.966176
369.550524,80,184.064754
228.281311,47,184.121947
305.228487,61,184.19637
236.145366,52,184.258473
326.262057,74,184.350935
249.83638,54,184.415241
203.399141,42,184.469519
235.458238,52,184.551714
182.070213,38,184.610454
210.222531,49,184.684266
342.751523,70,184.791458
328.223903,74,184.907743
299.045722,65,185.008636
134.301453,27,185.048706
95.677108,23,185.082814
229.054139,53,185.165239
395.704368,80,185.288497
167.128824,34,185.341519
258.161826,54,185.423986
285.546491,60,185.51356
139.846381,28,185.555882
211.519221,45,185.614242
232.645162,50,185.676495
270.016923,61,185.751909
286.860595,63,185.830963
342.737877,68,185.917924
282.387524,55,185.983576
305.881201,59,186.059244
235.078183,48,188.775912
212.802244,47,188.833504
158.589922,35,188.875767
278.902187,55,188.952953
374.35875,76,189.065998
300.112615,57,189.148417
252.446213,49,189.229758
188.357552,40,189.291408
210.979063,45,189.359493
313.343587,67,189.46265
173.930811,40,189.524831
409.657752,78,189.641828
180.178745,38,189.699173
158.955524,35,189.750457
312.001275,61,189.841767
206.319099,45,189.908578
495.757084,94,190.053018
241.053744,49,190.127395
368.181438,74,190.239129
176.108946,37,190.29365
322.378171,64,190.388643
442.777497,89,190.527436
323.537397,78,190.654992
160.763132,34,190.710953
288.656923,61,190.811424
282.819416,59,190.910517
133.432953,28,190.953138
210.315609,46,191.030727
312.35613,59,191.129888
260.975794,51,191.216333
212.894638,44,191.288585
207.089388,47,191.366695
423.788087,96,191.532009
376.457327,75,191.661844
257.523864,55,191.752741
215.022958,44,191.823174
166.579686,35,191.879687
287.214387,59,194.901879
295.333546,62,194.997976
239.154374,51,195.074831
229.314242,45,195.142466
388.813328,77,195.259664
270.300965,55,195.342348
296.807688,60,195.415654
330.253846,72,195.504308
174.189559,37,195.547201
382.628023,74,195.639385
260.805774,54,195.707259
374.97865,79,195.806998
186.806612,39,195.85593
343.584639,74,195.951591
184.033724,41,196.002801
223.045245,47,196.063679
329.287298,64,196.147635
198.728515,42,196.201556
307.977124,60,196.296554
425.593308,87,196.441654
301.025081,69,196.551928
357.631723,73,196.674702
258.687058,57,196.769899
195.782131,41,196.829312
246.199129,52,196.893404
340.101608,66,196.974995
171.200669,36,197.019514
262.698608,59,197.1085
312.090471,68,197.218493
278.063042,60,197.309056
295.51204,63,197.403695
174.27995,40,197.465214
189.817592,41,197.527552
290.238924,58,197.618182
132.883061,29,197.66209
322.182338,66,197.765036
227.880289,47,201.00014
234.992735,55,201.090985
346.421916,70,201.206343
265.90624,54,201.291817
329.691653,68,201.405986
416.521269,90,201.556256
195.296463,44,201.625441
325.826773,69,201.731336
312.210854,62,201.829539
262.769488,57,201.919991
179.721562,41,201.980893
228.155915,56,202.068274
231.142189,49,202.143481
458.910048,90,202.284737
212.699004,47,202.357238
247.030698,52,202.440915
247.783069,54,202.529167
369.923845,73,202.646112
295.165488,65,202.758053
319.994574,69,202.879535
296.077723,59,202.975531
236.644383,52,203.059974
268.719955,53,203.146773
480.650505,93,203.29055
273.23194,65,203.392956
124.719951,28,203.434644
274.179787,55,203.520853
250.62166,51,203.597325
210.841923,44,203.664977
417.289082,82,203.797978
251.441721,53,203.881095
175.573059,37,203.93763
234.19637,49,204.014032
285.899644,58,204.103579
132.265579,29,204.147547
279.859843,56,204.234117
161.20576,35,207.32485
313.688082,70,207.462976
506.967168,103,207.624144
257.630456,55,207.710216
370.722085,86,207.845392
260.194142,65,207.947938
320.841248,70,208.06084
246.054214,48,208.135642
340.71357,77,208.260362
233.140486,47,208.332902
254.554996,61,208.429233
309.036636,62,208.508634
207.737578,44,208.563738
344.287883,79,208.666846
320.056608,67,208.751916
259.416451,56,208.830575
385.901276,85,208.973548
366.148326,80,209.11115
280.821965,65,209.223601
181.176345,36,209.281105
275.934469,56,209.358793
260.720668,55,209.426041
239.828257,49,209.4878
303.362694,62,209.563925
272.291531,57,209.644225
183.631528,41,209.706649
279.185196,55,209.795259
287.72976,67,209.905834
317.296159,63,210.011807
267.24867,55,210.098437
336.67844,68,210.200586
166.668905,36,210.252863
171.011899,37,210.310556
287.467996,63,213.503463
340.763142,66,213.59654
277.757329,56,213.676767
277.126317,59,213.758886
264.325241,55,213.842037
313.72292,71,213.946232
360.398939,75,214.056645
278.590191,57,214.138357
146.843451,29,214.177157
364.906806,74,214.283521
279.969515,55,214.365583
375.158201,73,214.472992
236.891496,51,214.54897
319.204798,67,214.636946
345.97346,69,214.723414
418.194014,87,214.865411
233.929837,48,214.938889
219.755119,45,215.013775
281.789151,62,215.112499
218.738147,44,215.178918
234.924076,48,215.258139
187.632728,45,215.328315
245.110553,51,215.405032
395.700709,83,215.541528
323.267285,62,215.637617
326.307513,66,215.750201
232.781315,48,215.831059
327.503877,66,215.950097
203.591952,43,216.018201
276.784377,57,216.11285
244.159688,49,216.195327
407.603754,78,216.330543
627.167999,135,216.569453
305.665228,69,216.688664
284.831266,56,219.544113
315.556559,66,219.623617
277.135518,55,219.687206
280.208287,57,219.755785
333.204554,67,219.837352
127.779876,27,219.867962
295.968585,58,219.93767
450.316453,98,220.056344
393.447038,79,220.151407
276.286998,54,220.218862
278.819746,58,220.287295
367.183858,89,220.395449
334.846199,66,220.475777
179.660192,36,220.519068
251.468823,60,220.594016
337.926547,67,220.674965
409.229451,86,220.795555
286.499909,64,220.895412
287.984143,60,220.987048
289.392294,60,221.075503
274.531784,53,221.146601
340.833042,68,221.237966
271.303444,56,221.311714
253.288062,53,221.37537
237.070297,50,221.438822
344.86429,69,221.52507
224.768343,47,221.585954
221.227554,46,221.643055
289.043846,58,221.718048
294.681063,58,221.791894
108.347738,22,221.819052
416.503842,84,221.926862
272.299435,62,222.016766
398.005493,80,225.2386
258.039269,62,225.316053
220.193671,51,225.379987
326.477939,64,225.457437
284.60871,67,225.536467
318.154249,67,225.618653
281.853715,55,225.683216
356.770047,73,225.770222
263.758656,59,225.837717
289.62287,63,225.914864
277.074585,56,225.98393
214.175784,48,226.040746
393.158861,81,226.141874
344.036439,67,226.226722
305.597817,60,226.301111
394.686457,85,226.410262
338.279851,85,226.516144
294.779572,62,226.592378
344.910599,71,226.681999
280.561043,57,226.750648
301.6004,59,226.819874
229.805632,46,226.875723
231.43371,47,226.934959
209.36387,50,226.996496
276.019478,59,227.070271
307.750768,63,227.146845
191.835887,42,227.197446
273.49668,53,227.264558
320.374495,71,227.369823
365.192175,73,227.489731
249.905446,51,227.57062
328.934842,73,227.683411
369.74763,79,227.812238
287.554119,63,231.103789
261.16375,54,231.191551
220.873252,47,231.26694
210.913552,52,231.348841
368.269431,79,231.472618
252.408166,53,231.556571
291.884921,58,231.650357
163.868682,37,231.708776
348.544135,77,231.8283
304.523058,69,231.937729
224.154289,49,232.014293
307.518472,62,232.113241
301.290072,59,232.212206
303.531898,61,232.313247
361.970008,71,232.434767
339.097815,70,232.519128
372.70783,75,232.611606
409.493149,88,232.716899
220.042366,47,232.774281
306.840849,64,232.852081
409.630507,89,232.959964
402.846816,78,233.054789
359.283372,70,233.139723
366.79894,77,233.234651
335.711442,69,233.320659
325.314218,65,233.399287
441.440521,97,233.518646
193.696072,41,233.5694
209.923419,45,233.630018
183.852037,39,233.67914
367.144119,70,233.77457
282.358163,57,233.847626
298.99656,58,237.263452
456.142963,96,237.376684
318.961801,64,237.454032
475.240556,99,237.576601
272.586912,63,237.654539
299.611755,67,237.736663
280.346951,55,237.803954
235.383753,48,237.863028
227.017888,53,237.928219
240.070122,50,237.991494
241.464413,48,238.05149
468.802418,91,238.162974
469.805412,94,238.281976
330.809824,65,238.361005
225.294323,51,238.431965
245.967228,51,238.509502
282.179829,58,238.585158
282.998171,55,238.655643
367.559769,69,238.745625
195.779398,42,238.798301
227.003483,46,238.858905
240.192619,48,238.921516
418.392981,84,239.031418
291.555771,59,239.107936
369.241063,74,239.20294
262.968671,52,239.268284
242.76229,48,239.329443
237.436288,48,239.388259
201.308401,43,239.439693
256.542883,56,239.507187
229.254362,49,239.567132
225.456069,47,239.623142
326.974775,72,239.716123
338.171854,69,239.808834
231.251116,51,242.769033
288.608209,56,242.834057
342.710733,77,242.925412
607.535576,124,243.079435
286.240767,57,243.153692
346.326861,70,243.24598
314.78,64,243.326559
372.793719,75,243.427281
398.900623,80,243.532566
213.048613,46,243.589715
363.940838,74,243.683317
310.602219,62,243.76283
282.114014,55,243.835926
253.538347,52,243.905531
247.143848,54,243.975702
372.898277,84,244.08208
358.333172,73,244.172988
216.48715,45,244.226575
352.458208,68,244.31534
226.053249,46,244.374104
401.518694,80,244.478137
213.578092,45,244.535473
400.105125,79,244.637831
297.108159,60,244.71621
246.621666,55,244.790034
449.626099,101,244.922791
252.583441,50,244.986853
334.85712,65,245.070825
382.984632,77,245.169907
390.483144,80,245.270894
247.286766,51,245.33828
342.995945,71,248.015459
373.337464,76,248.116039
247.099072,53,248.184739
204.840964,46,248.244249
248.891448,59,248.318759
277.680861,55,248.389276
297.644612,59,248.471103
210.031415,44,248.527349
245.283401,50,248.593712
210.822682,46,248.651166
253.76891,51,248.724528
383.429819,75,248.844606
315.622675,61,248.930828
175.731892,38,248.994082
313.170851,69,249.108105
312.368321,60,249.204076
281.055218,59,249.301968
513.590659,116,249.503512
296.054437,67,249.613417
367.651899,74,249.708106
201.154241,44,249.773692
229.413702,46,249.841888
319.909638,64,249.935374
244.530581,48,250.005177
275.269355,62,250.100293
206.048674,41,250.161191
266.173148,54,250.244183
439.458008,89,250.381663
300.536895,58,250.467242
312.943653,62,250.56724
306.27795,74,250.685058
236.569646,50,250.768366
214.399868,44,250.837995
240.119918,48,250.917374
254.982673,53,253.887052
240.493362,51,253.965878
401.881418,81,254.087903
386.846156,77,254.187084
277.036971,55,254.253515
202.304021,42,254.318035
302.855502,61,254.416377
256.962524,54,254.500717
276.548204,53,254.584819
362.252327,72,254.699727
381.713236,73,254.817101
276.997262,56,254.903861
304.579271,61,255.000955
245.029931,50,255.08033
311.010091,61,255.178011
280.722386,58,255.267308
128.554962,26,255.312307
356.946408,79,255.44559
284.738938,59,255.541699
260.427778,51,255.615219
345.53317,69,255.718488
487.224772,105,255.878463
290.58435,57,255.953041
291.787312,56,256.02354
174.044071,39,256.074005
295.045081,60,256.163987
272.029916,61,256.241293
308.106903,62,256.318412
570.364398,119,256.466923
187.038875,38,256.51281
204.802906,44,256.56583
295.932082,57,256.638577
248.609288,49,256.70804
268.969855,54,256.794083
178.970961,40,256.857514
254.089824,51,260.199867
413.022919,85,260.335375
298.017373,58,260.429319
268.42452,52,260.51149
356.259255,69,260.620783
248.399358,50,260.701354
312.011056,61,260.804787
341.615202,65,260.917447
406.914669,84,261.061931
262.625988,55,261.156911
297.838002,59,261.260372
318.583541,61,261.360257
254.612021,57,261.450806
302.052234,59,261.549265
277.051485,60,261.656475
286.740429,57,261.75346
261.29811,55,261.838141
278.583422,55,261.908312
308.492321,63,261.987256
336.617021,67,262.072417
266.911203,54,262.137266
331.739105,64,262.218271
505.214858,102,262.347308
275.323434,56,262.420063
263.882476,54,262.491606
240.466342,49,262.556686
239.96442,53,262.622984
267.968606,52,262.689736
218.770416,47,262.748485
357.082281,69,262.836618
362.20163,69,262.930448
268.531257,53,263.015364
339.31245,70,263.120587
271.140578,55,266.385582
334.962109,68,266.484903
244.326886,54,266.566169
178.008852,43,266.62983
282.227622,56,266.722918
306.436144,60,266.798666
286.183206,56,266.871
255.665324,57,266.941655
263.324826,52,267.024814
344.210537,80,267.124021
255.621423,53,267.190096
335.925703,67,267.272299
240.738763,51,267.345959
289.789229,58,267.434792
247.812059,50,267.514627
373.474397,84,267.660589
257.737185,58,267.741918
244.155139,50,267.823416
243.738452,52,267.908496
230.861123,46,267.983438
139.237408,30,268.032114
290.654043,55,268.122089
315.61239,65,268.232793
314.573191,62,268.333162
418.343285,83,268.474019
337.842417,66,268.586435
302.798022,59,268.682978
248.261895,51,268.76182
405.289537,80,268.887981
346.633639,77,269.008252
361.624414,68,269.115506
211.524455,42,269.177585
309.367686,64,269.279315
257.998222,50,269.353076
197.773055,41,269.418034
293.512113,58,272.472661
410.073095,79,272.597673
419.722372,82,272.724611
256.536556,57,272.814346
321.144411,74,272.928555
431.413661,95,273.073798
511.600612,104,273.235314
232.07042,48,273.304495
407.181101,81,273.427167
211.773368,45,273.485678
223.104741,47,273.544184
246.976775,52,273.608115
216.221895,45,273.681611
249.527479,51,273.765239
214.371944,47,273.84002
259.328031,52,273.92686
385.435193,73,274.042073
215.951755,45,274.114115
277.255002,59,274.212362
285.940623,56,274.312364
253.938034,49,274.398811
193.118437,40,274.468621
180.995646,39,274.535957
237.950745,51,274.628113
243.793696,50,274.718419
319.017797,69,274.838388
316.554748,68,274.944182
376.582405,83,275.053542
214.886083,45,275.112446
631.155022,122,275.26904
345.036855,70,275.362316
231.206302,49,275.424015
279.057136,60,275.502042
245.493474,52,275.572369
316.668585,65,279.136482
311.35878,62,279.261597
271.227273,67,279.399096
320.608956,73,279.553137
348.08876,75,279.675514
247.839914,58,279.764346
299.716823,58,279.839477
474.545009,95,279.964542
244.873107,53,280.033617
404.891356,82,280.14248
302.731902,59,280.21867
309.784088,66,280.307602
338.608164,70,280.395172
243.278395,53,280.463479
231.270005,47,280.523732
440.700723,96,280.649232
243.685483,47,280.707645
255.02029,53,280.769559
354.899322,70,280.856264
332.958941,63,280.938413
237.421357,47,280.993882
361.692509,76,281.089043
307.951983,60,281.169612
306.217797,60,281.259764
331.867818,66,281.36322
400.875769,88,281.495871
318.294454,64,281.596009
237.414332,48,281.670189
423.056228,88,281.792516
300.147836,61,281.875364
383.786846,81,285.021418
332.011542,69,285.133965
205.534188,43,285.205112
484.565233,98,285.375117
232.536563,47,285.453017
248.067765,55,285.547005
337.874287,68,285.662107
266.232564,58,285.769937
314.752012,74,285.893433
342.754202,78,285.990413
337.289693,66,286.092261
348.254539,67,286.206299
348.82864,77,286.333182
310.066277,66,286.442466
188.46734,40,286.509685
197.856478,41,286.578289
342.089266,67,286.693418
334.517557,65,286.794523
216.138027,45,286.863323
225.893836,46,286.932485
433.560756,86,287.074311
200.014398,44,287.141543
278.179825,56,287.230487
177.710771,39,287.291561
264.084665,53,287.379364
355.444936,77,287.486934
311.576199,61,287.56587
212.19365,44,287.622338
392.060562,76,287.745776
248.355096,48,287.822457
364.364673,73,287.939635
219.185894,51,288.008473
293.048182,58,288.081619
219.909185,46,288.140399
299.446448,58,288.216879
230.212778,48,291.200385
281.89276,58,291.275913
514.322,107,291.4191
249.770335,50,291.482803
287.124816,57,291.557373
315.531921,63,291.640026
268.717253,60,291.712557
253.254718,51,291.778517
380.771094,76,291.872841
328.214355,62,291.949556
323.870051,64,292.030312
203.313974,44,292.083517
327.587221,69,292.16967
347.361204,68,292.252256
281.040953,56,292.321439
411.342626,82,292.424665
321.288828,68,292.510179
280.177306,57,292.581906
200.441179,44,292.636063
246.089839,52,292.704063
221.158447,48,292.772261
262.358987,52,292.850936
359.006696,71,292.960274
413.493924,80,293.084533
413.844193,80,293.20191
318.883121,74,293.3123
331.913108,75,293.420454
306.236898,62,293.512134
332.985861,67,293.613019
232.294064,48,293.681457
420.148535,83,293.803333
240.590595,47,293.872243
277.828139,56,297.059914
354.733813,76,297.195004
347.073781,68,297.303367
318.393789,62,297.398307
321.989824,74,297.493834
271.832263,62,297.572983
238.143739,54,297.641086
313.912494,61,297.717898
166.658992,37,297.763088
228.152298,53,297.827049
198.364575,44,297.878335
261.877175,58,297.946229
258.411276,52,298.010458
301.131631,58,298.08299
248.441649,53,298.147865
386.19553,74,298.237814
297.385426,72,298.326348
501.359259,105,298.456824
253.972671,50,298.517594
241.911544,48,298.576752
230.281304,51,298.637708
318.83195,61,298.713185
367.829985,69,298.801667
476.314686,102,298.945654
331.716376,63,299.039762
377.57281,73,299.155888
341.957818,73,299.266288
420.234943,99,299.418324
399.339879,80,299.519301
264.004741,52,299.583398
370.215424,72,299.676923
251.315243,50,299.738369
289.038787,57,302.816747
319.288493,64,302.921969
293.209547,56,303.020194
424.625886,83,303.163384
540.877538,107,303.345537
391.170646,77,303.477974
291.284572,56,303.573335
260.423019,56,303.66712
310.35892,59,303.769024
268.645371,58,303.866825
505.198851,100,304.037107
339.973208,78,304.170906
186.857765,42,304.240864
284.437817,58,304.342607
284.526471,58,304.439815
229.357583,46,304.529103
202.348882,45,304.619861
280.87742,58,304.748319
267.359927,54,304.855098
182.851921,38,304.927412
468.970727,91,305.069194
454.819061,88,305.20553
215.785987,42,305.269873
323.814315,64,305.37264
288.270728,63,305.467588
294.812499,61,305.552281
288.760754,60,305.630729
239.039655,48,305.691606
215.559856,45,305.747664
262.991728,53,305.812557
283.889531,55,305.886449
244.954115,48,305.94879
426.420346,93,306.069879
266.476498,52,309.094364
246.107791,48,309.171692
309.378132,62,309.249985
318.37058,64,309.332987
264.093682,55,309.406767
252.154882,55,309.480698
320.468052,65,309.561645
242.993123,56,309.638646
218.52584,48,309.717602
269.265157,54,309.805539
301.27845,58,309.90586
267.177812,53,309.994853
201.773977,44,310.067898
342.691024,68,310.187545
307.735897,60,310.286839
303.44025,60,310.38652
420.289246,85,310.53087
214.489296,49,310.609283
237.07699,48,310.690299
265.273615,54,310.777303
235.145906,48,310.854717
194.369587,45,310.921345
227.59701,46,310.996731
279.060518,56,311.089163
120.86816,25,311.127639
181.280789,37,311.185943
313.500314,66,311.311542
202.042143,42,311.392072
374.105861,77,311.549124
196.353573,47,311.629714
262.652293,56,311.723095
258.323026,51,311.808518
331.698667,63,311.923691
259.958572,53,312.015589
255.196729,50,312.099433
336.66095,73,312.221976
130.83808,27,312.265219
266.866448,51,312.350611
234.06818,48,315.70207
291.989245,56,315.793809
350.772281,76,315.896989
345.810197,73,315.990458
306.528141,60,316.06701
305.016303,58,316.141653
204.937764,45,316.199071
353.731322,69,316.290298
259.3131,53,316.357795
247.375977,49,316.420761
315.9645,63,316.500642
328.928685,65,316.581286
629.508745,127,316.739174
493.190664,101,316.866157
264.020457,53,316.930159
283.16034,60,317.026718
355.871067,70,317.143386
225.882842,47,317.218065
307.279319,62,317.334103
282.799028,54,317.439633
394.172855,83,317.600513
294.435485,62,317.715898
218.12997,46,317.795593
387.638673,77,317.927542
315.921352,63,318.037382
320.123363,62,318.139683
276.535792,55,318.227334
218.63661,45,318.297151
289.154956,58,318.391486
414.21937,83,318.524056
309.033074,61,318.620139
298.722694,59,318.714561
219.133024,45,322.212223
327.215587,64,322.307426
302.87014,58,322.382733
351.104028,73,322.476774
344.110098,66,322.56329
256.318812,54,322.644009
292.372685,58,322.732512
399.348926,83,322.863458
355.092326,79,322.992857
395.738769,77,323.116217
274.410871,53,323.201599
274.158232,55,323.29185
472.009493,93,323.444702
518.686546,109,323.619642
452.326165,91,323.770455
449.329296,88,323.926988
283.784056,57,324.020641
251.710098,54,324.110325
262.885664,52,324.19337
389.166011,86,324.340661
369.86916,73,324.467971
259.554871,50,324.555515
291.131638,69,324.676525
313.453216,74,324.798208
463.576344,99,324.964635
271.596207,54,325.054526
457.090316,91,325.206474
341.043441,64,325.307603
604.88489,119,328.760474
225.600499,44,328.827672
440.849392,85,328.975214
380.250899,74,329.105012
481.987306,103,329.277312
262.862771,62,329.378574
253.27658,51,329.464228
298.358159,59,329.560683
313.700071,60,329.661829
310.121573,64,329.765347
374.899694,74,329.896773
365.00033,72,330.02209
285.05061,55,330.117747
311.36173,62,330.23496
384.403579,83,330.388859
370.695667,72,330.521223
334.273929,79,330.663422
302.495992,67,330.772292
241.624605,48,330.851212
302.593569,60,330.947707
321.338078,63,331.054898
302.330403,59,331.149757
314.456864,62,331.255474
214.111988,44,331.330647
563.903032,114,331.515236
422.956438,83,331.636634
290.627358,56,331.712306
283.910602,62,331.791653
383.103843,77,331.89503
333.521372,65,331.979687
275.089542,55,332.050135
304.224431,57,335.479538
168.428881,35,335.538401
287.369832,58,335.643794
276.752688,65,335.743948
271.791247,60,335.850774
247.538598,49,335.941185
402.430229,80,336.086687
363.36527,70,336.207662
274.576337,58,336.307232
292.549976,57,336.394014
204.366767,49,336.470144
263.65097,59,336.562142
302.540857,59,336.662192
281.974607,55,336.76015
338.155151,65,336.867833
352.993164,81,336.999416
320.928819,60,337.101122
319.629212,64,337.216491
275.830856,54,337.314461
358.695321,87,337.469039
338.275843,65,337.590352
282.902725,54,337.683614
326.728466,62,337.794326
345.323517,69,337.904492
355.105878,69,338.014637
329.223962,62,338.111036
227.195576,47,338.183566
256.029805,51,338.260885
233.359084,49,338.33574
325.191999,69,338.436226
360.994063,70,338.540278
410.291179,81,338.662835
326.017822,64,338.754435
406.705234,76,342.164331
299.107497,59,342.266382
295.020828,59,342.367337
184.044527,39,342.435544
319.610634,66,342.55557
295.902385,57,342.677146
216.136268,42,342.76549
310.389501,72,342.918366
399.751941,78,343.087284
278.552181,61,343.201878
428.030654,84,343.348417
367.190573,74,343.468503
318.35615,61,343.563485
321.726496,62,343.662414
361.562337,69,343.765021
356.822443,75,343.888311
321.230741,62,344.014378
392.958494,90,344.197029
394.66579,75,344.346175
323.103221,62,344.473192
287.76439,56,344.587193
346.110819,68,344.725959
308.583026,60,344.849399
272.751413,55,344.956697
374.250609,76,345.049968
345.304185,69,345.135045
397.907063,80,345.231225
248.800546,51,345.292039
325.918254,68,345.376102
343.270153,72,345.466016
306.052545,63,345.543755
433.807859,84,348.980595
291.265663,64,349.081073
305.911168,63,349.186101
281.790454,58,349.279069
340.458631,68,349.394961
262.596911,54,349.487561
322.304989,63,349.573286
361.434625,75,349.669633
345.076381,70,349.757255
268.419991,53,349.824503
404.08959,95,349.977386
347.124239,68,350.076437
411.154638,78,350.191287
518.917255,121,350.373126
320.105683,73,350.481091
114.088886,23,350.507865
327.04172,65,350.588348
422.121558,81,350.68826
278.34705,55,350.758338
240.62698,48,350.816355
320.278132,60,350.890202
208.147948,46,350.951964
230.777072,47,351.018854
263.876796,54,351.100446
297.028455,57,351.184347
438.345917,86,351.309935
383.59918,77,351.422111
211.905653,47,351.490766
299.916175,59,351.577893
181.65969,39,351.632726
299.549098,63,351.722916
304.665622,60,351.808107
294.246377,66,355.050644
338.897656,67,355.165505
287.740116,66,355.274123
340.031435,67,355.389884
278.79639,56,355.501233
199.661446,43,355.587276
433.763796,103,355.792227
291.362843,61,355.917439
312.128949,72,356.067878
256.148257,50,356.169734
278.850851,55,356.284271
362.731288,72,356.438587
272.683178,52,356.545871
457.066902,89,356.732128
418.743981,86,356.906466
290.777457,57,357.026008
332.016353,67,357.163764
403.689023,81,357.323682
374.300111,72,357.469573
183.32459,40,357.548099
305.74873,59,357.670388
442.571115,88,357.851575
309.810404,60,357.980302
239.821216,50,358.083266
437.047557,82,358.256627
330.615184,70,358.395797
361.904261,78,358.53771
280.816943,55,358.603315
446.579008,90,358.732082
225.596045,51,358.815089
203.493865,42,358.880241
252.050594,50,362.119342
269.964279,67,362.220934
276.281768,60,362.309916
259.632229,52,362.390884
481.845729,102,362.552647
282.349221,56,362.627806
265.731091,54,362.696983
314.427874,62,362.774408
307.55213,65,362.854829
293.631099,58,362.928856
253.766373,53,362.993689
214.373903,50,363.054385
292.111245,58,363.125573
259.209758,52,363.191252
425.123056,84,363.293599
367.024081,72,363.381749
278.785537,56,363.451759
348.088122,73,363.541576
303.763708,60,363.6181
281.086855,59,363.690396
319.759937,68,363.771994
320.383934,63,363.851589
389.729815,76,363.946097
310.021872,61,364.023296
327.795131,63,364.102398
336.091321,68,364.190886
314.264001,61,364.281657
321.797695,75,364.398409
303.186226,60,364.489099
277.523729,56,364.57763
348.935217,69,364.666198
352.763435,70,364.754586
192.613502,43,368.04388
339.922179,66,368.154411
323.786033,65,368.264005
299.8651,57,368.362082
322.028897,73,368.48323
301.123271,58,368.581014
237.900294,51,368.665392
328.380025,66,368.776299
282.556614,55,368.867233
384.701988,74,368.98225
341.339822,69,369.090436
292.582131,61,369.17321
281.54026,57,369.257508
297.791972,61,369.353304
304.688921,60,369.446995
470.766034,97,369.593886
307.24768,60,369.681886
360.698133,70,369.789509
258.429535,57,369.870704
503.973683,100,370.021215
508.04104,97,370.16764
404.000783,81,370.296041
330.36933,67,370.399966
224.24931,51,370.475914
206.733201,46,370.546134
236.755255,47,370.617616
336.486998,71,370.728604
436.298918,87,370.863537
287.501904,57,370.957175
306.789969,60,371.057952
329.250428,63,371.166784
458.298686,91,374.582009
325.109211,62,374.661145
292.02119,58,374.733523
244.544595,50,374.796136
253.730003,50,374.857958
281.562193,61,374.932302
310.92694,70,375.033302
396.153036,79,375.137731
406.839731,81,375.242322
295.234211,59,375.320246
239.165053,48,375.383662
317.46411,63,375.466
347.819593,70,375.559023
440.651392,86,375.669752
311.78976,64,375.750636
358.559991,70,375.843873
310.129458,63,375.922998
342.40328,73,376.034108
372.365468,75,376.155349
167.075686,36,376.211774
328.271368,74,376.331907
253.500136,51,376.414493
227.512606,46,376.49013
365.375679,77,376.619911
322.091759,66,376.724954
488.19532,98,376.880635
237.040576,48,376.958734
360.58932,80,377.093606
363.588518,82,377.22844
352.319125,66,377.346949
335.644797,68,377.463488
241.622682,48,380.818044
356.228583,68,380.947453
310.942025,60,381.049998
309.997833,61,381.152752
259.307613,51,381.239617
299.678598,60,381.342125
355.420493,72,381.463626
261.494356,51,381.547686
301.81634,60,381.64634
263.00131,56,381.745306
242.11353,51,381.831
418.537497,86,381.974525
346.915892,75,382.111265
497.054753,112,382.310724
401.290977,96,382.482025
280.264331,54,382.579608
465.782633,96,382.725721
512.802904,112,382.902185
258.103951,51,382.983315
339.695968,65,383.091722
255.746038,55,383.187362
306.007037,68,383.306506
277.324803,58,383.406267
352.289799,68,383.52405
308.941596,59,383.626799
398.197429,82,383.773759
290.041914,58,383.874323
358.245969,69,383.996475
392.185655,76,384.131164
385.585012,77,384.256572
252.9143,50,387.907026
501.486718,103,388.073717
250.501226,51,388.154442
284.108922,63,388.259216
271.394254,54,388.348827
294.744832,58,388.445426
305.796049,63,388.544304
398.171963,79,388.671033
458.726826,98,388.868558
299.637246,59,388.977803
360.000136,80,389.123694
366.83665,72,389.261162
270.338481,54,389.349727
346.51155,66,389.456704
278.063652,56,389.550437
325.459458,74,389.677814
273.074862,62,389.782755
267.325507,58,389.877327
323.029266,74,390.002241
151.553475,31,390.053181
285.393529,56,390.151256
307.776685,58,390.249359
300.50761,59,390.350266
354.571487,72,390.476882
263.318819,53,390.566752
438.914083,90,390.72373
385.957397,78,390.856822
295.802896,61,390.958238
274.701772,53,391.049598
415.823116,80,391.185488
299.295806,58,391.283562
332.034282,63,394.340044
251.358637,50,394.419566
342.555058,69,394.542345
329.059047,63,394.6451
248.624991,52,394.725829
366.895287,73,394.841296
450.457672,89,394.990406
321.654998,79,395.138469
314.47412,61,395.243567
336.148844,66,395.35514
280.2348,57,395.441882
300.975794,59,395.53488
316.191807,65,395.640864
440.110696,85,395.77998
325.338672,65,395.881806
294.915573,57,395.975552
345.751093,65,396.084702
281.762572,57,396.178538
298.716217,59,396.278192
253.979771,51,396.37453
301.619735,61,396.465857
306.406642,60,396.538556
243.273031,49,396.599203
320.042844,75,396.710864
241.229088,47,396.78392
263.61859,53,396.8653
251.142753,53,396.946876
343.046681,68,397.048269
268.125316,55,397.13588
370.793231,74,397.24952
283.304068,57,397.340116
281.796695,54,397.420997
271.774485,53,397.501609
262.624906,52,397.577096
435.756906,89,400.986758
320.348147,64,401.091067
541.836682,109,401.256807
301.115549,72,401.372781
229.400141,46,401.448861
330.837652,66,401.564039
292.566028,61,401.664314
305.1781,59,401.75449
158.723567,33,401.80178
354.279262,70,401.910334
274.303826,58,402.005031
258.223988,54,402.092917
279.277548,55,402.183876
309.069385,59,402.274791
260.886598,53,402.36112
494.266401,99,402.532703
320.660394,61,402.638946
306.664229,61,402.742063
337.956461,76,402.870571
368.451416,73,402.997963
290.759701,56,403.094171
295.070172,58,403.191245
297.737063,60,403.29241
339.387614,65,403.406973
316.451295,63,403.514794
254.685347,50,403.597566
279.628595,59,403.692725
375.06626,72,403.813194
304.333851,63,403.919207
249.046507,49,403.996561
138.249357,28,404.03986
269.152479,52,404.121435
443.479197,87,407.2201
329.039102,69,407.34263
270.316157,53,407.434613
351.385127,73,407.557433
355.12235,73,407.682368
269.197427,56,407.774106
279.795404,55,407.856611
248.997988,50,407.930586
321.68989,75,408.045966
314.269964,60,408.137448
199.36833,41,408.201484
273.942734,57,408.287521
242.773986,50,408.368464
328.226996,63,408.467585
326.973331,62,408.567354
307.266792,60,408.663366
338.464955,68,408.773161
228.206249,46,408.851165
278.303272,55,408.94345
467.516871,99,409.108541
396.079529,79,409.240778
217.194701,45,409.317644
549.225568,109,409.505584
291.759119,57,409.601476
310.666489,64,409.70901
284.918415,57,409.806111
314.703493,62,409.909602
360.286276,68,410.041212
395.755881,78,410.207669
280.159634,55,410.319363
334.998389,63,410.449476
255.326704,58,410.561378
185.147895,37,410.633837
296.272521,58,413.593717
355.920432,68,413.715963
344.502357,73,413.844307
389.001191,76,413.983164
311.255875,71,414.115176
308.860395,60,414.231095
322.24502,63,414.356703
314.758778,64,414.460486
318.529098,65,414.562058
371.735731,75,414.674864
162.935537,34,414.722614
307.53016,60,414.812366
205.538981,43,414.877767
378.410179,74,414.993868
306.23725,69,415.101756
370.509679,78,415.223166
369.774331,71,415.335913
516.31007,99,415.488658
309.93243,59,415.579159
219.555587,45,415.648006
279.168838,62,415.742011
492.660233,98,415.899441
337.864872,67,416.002136
370.336224,78,416.118332
284.573868,54,416.197861
235.714311,51,416.270611
294.91241,59,416.360031
345.721279,66,416.458414
361.39824,73,416.571243
323.091245,63,416.666811
356.32756,69,416.769322
317.498593,62,420.226601
290.925909,63,420.331884
327.949226,67,420.446805
432.805528,89,420.59461
356.965954,71,420.706358
290.953536,57,420.791732
351.763576,69,420.893876
319.98912,62,420.9887
336.831488,64,421.085568
300.342386,59,421.177472
342.53243,66,421.281333
275.472435,54,421.364714
401.547405,75,421.486737
312.313659,61,421.581639
380.027715,73,421.697434
330.859883,67,421.800734
413.466464,80,421.9253
270.791579,56,422.013138
277.957325,56,422.102252
305.4218,62,422.187885
282.908844,57,422.257267
293.286724,58,422.329865
262.553504,54,422.394119
393.806328,74,422.488522
324.019529,65,422.587662
409.975397,84,422.727652
321.001583,65,422.833384
290.573334,58,422.92733
316.589947,61,423.025267
377.192944,76,423.147987
237.887256,47,423.223851
288.319683,57,423.316175
398.246747,78,426.640961
298.307904,58,426.740193
355.96353,68,426.8548
374.770812,73,426.974757
474.072044,93,427.130114
279.731365,55,427.218223
294.113744,56,427.313748
286.608753,57,427.406988
453.201742,99,427.565259
327.91188,64,427.66635
305.084153,59,427.76283
429.493088,82,427.894834
298.887499,58,427.991983
265.920417,53,428.076995
288.115967,60,428.177883
229.902546,47,428.256036
165.290687,39,428.319011
311.42017,61,428.423612
485.674283,98,428.582682
382.151121,85,428.719046
253.793032,49,428.802228
327.847901,74,428.922418
329.96697,62,429.028458
322.687979,65,429.133243
351.392437,72,429.246788
287.174026,61,429.344959
239.095282,50,429.42223
303.873635,62,429.522605
302.167331,62,429.621963
244.730621,49,429.699524
304.657368,63,429.810555
407.486718,85,433.07535
316.133119,62,433.166888
277.876062,58,433.253651
294.25518,58,433.342328
402.282245,78,433.458902
393.749093,76,433.572772
299.003676,59,433.658067
294.114253,60,433.746017
363.605071,71,433.850851
298.722786,58,433.938048
357.869103,72,434.050323
332.085151,69,434.150988
291.017634,61,434.241847
233.958027,54,434.31985
363.635012,73,434.431852
280.984097,56,434.523738
338.022367,65,434.624354
296.782504,61,434.721143
365.207148,85,434.85182
388.711642,79,434.968853
289.00191,60,435.049886
275.69857,54,435.120283
239.836526,50,435.180274
414.059694,88,435.285171
263.354232,53,435.35184
260.992279,52,435.41557
297.832588,56,435.487992
298.749075,58,435.558761
335.665741,65,435.642256
254.76967,50,435.703986
322.911915,64,435.783848
386.319084,84,435.894285
321.611176,65,438.902584
250.946958,49,438.982877
411.478434,91,439.135508
328.207629,63,439.225877
320.691172,61,439.299629
329.73856,67,439.379668
315.952499,64,439.46003
308.528476,59,439.536299
403.657083,76,439.631145
489.429925,96,439.753606
388.608139,85,439.86009
278.220218,54,439.926465
274.060867,54,439.992559
247.752796,52,440.054166
367.759393,69,440.14032
314.511301,61,440.217801
557.123592,128,440.374006
281.841834,64,440.451548
440.128437,85,440.575007
401.772717,81,440.700665
349.60878,71,440.81208
328.138631,63,440.907488
223.892235,48,440.978609
389.12199,75,441.097419
299.607809,60,441.188823
254.715169,52,441.268201
413.847912,94,441.411978
360.595355,85,441.543405
234.105928,46,441.615696
333.778457,65,444.89532
378.333496,76,445.034725
250.623865,57,445.124713
383.104904,74,445.233159
266.523209,52,445.305551
446.453525,86,445.416867
298.286834,59,445.494483
302.028144,60,445.573024
286.035437,56,445.642137
308.637621,60,445.715481
369.54622,70,445.804113
224.708211,47,445.862095
386.555628,73,445.953449
405.368037,76,446.055444
459.432962,92,446.171898
425.312781,84,446.276737
274.007,55,446.345424
371.95509,88,446.456208
382.674685,73,446.547413
536.813266,108,446.681947
253.473778,51,446.745654
397.181048,89,446.861063
237.646348,48,446.919327
348.726351,67,447.005803
445.160817,104,447.135561
226.794164,47,447.192038
307.285028,68,447.278593
322.184131,63,447.357707
357.678262,72,447.451344
254.193871,57,447.519337
462.353299,87,450.336799
346.572208,75,450.463606
456.814249,88,450.612839
332.312105,68,450.713173
373.976605,75,450.816336
326.592583,66,450.897267
336.238926,64,450.977426
189.727818,40,451.025632
338.16276,66,451.11087
348.339806,70,451.201487
280.517343,62,451.280099
371.858184,74,451.376359
390.105906,77,451.475135
313.468222,62,451.554333
343.751526,64,451.63886
336.947946,75,451.734681
252.251864,56,451.805439
307.119292,58,451.881201
384.419841,73,451.977351
349.0971,68,452.064306
414.405903,80,452.170058
306.704674,64,452.251137
353.201537,69,452.342598
463.123882,97,452.471393
378.975424,74,452.600794
311.655985,60,452.719782
211.499818,45,452.812745
241.145994,48,452.907272
409.90216,81,453.080585
270.047496,51,453.184688
277.995523,57,456.842985
284.58675,56,456.95715
344.890003,68,457.083763
337.074114,72,457.204594
296.686639,57,457.305138
504.673564,105,457.485969
257.954693,52,457.572268
343.308233,68,457.690398
315.895136,61,457.795813
315.655483,66,457.875806
309.208762,62,457.95432
322.870402,63,458.031266
196.328873,39,458.079916
367.263868,73,458.170728
219.735175,50,458.23328
367.836441,74,458.325952
358.615256,68,458.415548
310.998206,61,458.490659
352.495699,69,458.57866
308.347083,61,458.652044
374.892832,74,458.747571
483.59833,96,458.879755
400.251054,80,459.013959
423.779129,94,459.167645
292.092148,57,459.256983
408.065671,78,459.382359
365.810634,73,459.499578
308.181403,62,459.599465
342.767287,69,459.720322
308.351669,59,459.827245
230.383845,46,459.908735
348.841377,73,463.026265
318.312014,66,463.107921
309.167459,73,463.197396
350.898756,69,463.286122
312.871606,61,463.364377
282.609455,55,463.433178
309.577008,59,463.508592
265.635598,56,463.576215
447.70987,90,463.690661
306.878001,62,463.76793
354.461657,68,463.854122
325.68756,61,463.938054
441.763226,84,464.044407
338.708265,75,464.151561
419.928985,92,464.301362
289.639391,56,464.390208
373.446526,74,464.508613
287.645689,66,464.610417
332.204075,70,464.718043
372.958641,75,464.821404
284.471699,58,464.89309
403.048239,88,465.000595
305.524794,62,465.075992
330.300969,76,465.169242
396.735812,88,465.274381
196.322342,42,465.3245
273.87009,54,465.390626
300.951129,61,465.464038
396.347037,78,465.564443
209.317167,44,465.621268
364.542867,71,468.965729
258.486786,54,469.050816
308.169088,61,469.146747
328.099846,65,469.250028
350.75975,68,469.358619
267.551742,52,469.442422
362.30384,74,469.541145
325.42253,64,469.619
353.432434,82,469.718177
321.094449,64,469.7977
332.182885,64,469.877787
327.477579,63,469.955503
340.383796,65,470.036667
344.086898,67,470.117964
287.425675,58,470.189645
410.300126,81,470.290386
362.411336,72,470.381872
339.309451,69,470.471221
313.754181,64,470.574531
275.693039,54,470.659976
381.101494,73,470.78116
283.180194,58,470.875188
396.276314,85,471.012267
409.979916,93,471.160719
310.262892,62,471.261155
315.264949,63,471.368371
243.047579,50,471.458856
338.540354,72,471.574665
331.026211,67,471.683167
353.535688,73,471.803817
270.111491,52,471.876616
332.213894,76,474.70853
283.859664,58,474.823486
275.127507,54,474.927283
375.102032,73,475.072021
369.778846,72,475.209769
337.772406,66,475.342928
288.443177,57,475.443038
322.181191,62,475.523902
409.795779,81,475.62994
314.814637,65,475.709835
260.862352,51,475.772588
383.885841,75,475.868516
333.495742,74,475.959999
360.183421,70,476.052592
329.368405,67,476.134711
291.910479,56,476.205199
295.051551,58,476.282075
384.850503,74,476.38473
350.749186,76,476.483947
290.39695,60,476.557975
282.748808,57,476.627823
295.685385,56,476.698604
361.811938,70,476.789624
342.910843,66,476.873042
212.572517,46,476.929024
347.582262,66,477.011604
241.41559,51,477.072612
262.995753,62,477.159081
213.692035,46,477.227473
350.058305,76,477.338055
315.016538,59,477.416803
367.723564,83,480.566614
325.222176,68,480.656942
417.109797,81,480.760348
329.534194,69,480.846504
319.68114,77,480.942995
306.842704,60,481.01917
361.247632,74,481.109085
334.203745,65,481.191648
284.444357,59,481.263319
410.164545,79,481.365399
377.135573,73,481.460165
290.963374,69,481.544906
354.764184,69,481.633583
298.951841,61,481.708496
287.843174,57,481.781477
421.816057,80,481.879535
332.251528,67,481.959121
327.115247,67,482.04197
312.36139,63,482.119744
318.706161,67,482.200372
282.822735,59,482.26969
244.74006,50,482.328924
298.731665,58,482.399811
375.614961,72,482.488407
316.889081,60,482.570795
293.799877,62,482.644847
329.556191,73,482.750664
424.999445,83,482.873351
517.307524,101,483.024491
353.026491,68,483.136109
253.417889,54,486.316246
322.151481,65,486.39604
386.731884,74,486.484526
229.010608,52,486.545607
387.742761,74,486.67245
274.245425,54,486.754677
327.714247,66,486.858339
360.394453,77,486.967814
348.688801,69,487.057486
485.998578,102,487.187664
267.663373,61,487.265385
305.160082,61,487.344844
256.9585,52,487.411973
289.877616,56,487.482393
385.087558,77,487.583585
295.079743,59,487.655858
449.612736,101,487.782907
409.451719,85,487.891089
276.216564,59,487.96522
384.493585,93,488.078389
375.021104,84,488.185956
323.639171,65,488.269977
342.717544,65,488.349799
398.308379,81,488.44775
592.311693,130,488.602514
314.435998,61,488.675333
320.876301,62,488.752187
427.829996,86,488.862306
303.873851,58,488.936335
288.672751,56,491.817034
447.946964,106,491.981098
333.186807,68,492.088213
245.365725,50,492.167514
376.729783,71,492.282642
316.321682,61,492.382802
330.503356,63,492.493024
460.603518,92,492.656686
263.429784,54,492.741375
299.373409,62,492.840881
429.677759,83,492.979096
409.012782,81,493.112696
254.064391,51,493.19224
489.908027,107,493.362893
345.207243,66,493.463921
285.596358,59,493.550928
377.646143,75,493.663631
331.045282,64,493.758455
413.729902,88,493.885103
312.085654,73,493.990699
366.66736,71,494.096057
336.611143,73,494.202492
347.99593,68,494.304516
432.178604,91,494.437117
326.164707,67,494.531255
451.532445,87,494.646321
333.058602,64,494.731082
313.285346,60,494.809627
288.774863,61,498.060582
333.429396,67,498.176687
391.552814,79,498.311347
394.630344,79,498.444757
387.185904,77,498.578249
275.695809,61,498.670809
313.596545,63,498.773652
402.856693,91,498.91801
326.970613,64,499.01874
297.541082,61,499.115268
397.897057,80,499.242701
363.051029,68,499.349828
289.880978,58,499.440647
408.381273,78,499.560727
345.770802,70,499.67215
366.023444,75,499.788877
254.865745,52,499.868632
305.650712,66,499.967414
322.415842,63,500.058959
281.852853,58,500.131809
290.956946,67,500.212442
309.632187,60,500.286922
437.004441,85,500.392485
368.166419,73,500.483302
273.32569,54,500.548593
325.334669,65,500.627788
283.040463,57,500.699132
364.986384,69,500.803561
412.447051,82,500.93479
297.874799,59,501.035851
196.259031,41,501.101295
240.77675,53,504.533758
314.955199,61,504.637286
364.83373,70,504.755976
314.194162,65,504.864181
303.458759,58,504.951138
321.234757,62,505.053995
349.646629,67,505.171776
381.424857,74,505.268504
385.727515,73,505.360527
259.995904,57,505.432277
264.794676,57,505.501276
284.572528,56,505.570757
352.182279,67,505.65534
297.310006,58,505.735811
312.321413,63,505.833764
348.351012,70,505.949907
341.584151,67,506.059972
333.702289,66,506.158928
347.920366,70,506.264474
356.704152,69,506.369964
317.761175,64,506.464672
401.077584,82,506.588855
337.466076,66,506.687535
595.895533,137,506.889292
354.751285,77,507.001387
258.790543,55,507.089565
396.07952,79,507.217894
228.951311,47,507.294483
272.608381,54,507.383862
370.890228,81,507.501926
359.55963,70,510.692045
271.756613,54,510.776299
329.81938,64,510.875039
301.725014,66,510.967128
333.845891,76,511.072368
367.306183,72,511.162795
383.181018,72,511.259753
296.603683,58,511.355079
316.405159,61,511.485774
275.216163,57,511.59944
416.797479,79,511.746248
292.589472,57,511.835693
287.133352,57,511.926919
263.924679,51,512.004359
312.719762,61,512.100125
284.635028,57,512.189463
258.908104,50,512.270355
335.780319,65,512.37609
359.772229,68,512.487162
423.28886,80,512.597227
426.268715,90,512.744901
315.732485,62,512.845797
276.794226,55,512.931869
300.74194,59,513.027554
308.835272,66,513.134932
382.642743,74,513.258413
393.505885,76,513.38237
450.610482,85,513.525138
295.144982,57,513.621015
277.428496,67,513.713241
285.052076,59,513.785872
294.388724,56,513.857146
354.659332,67,517.238719
403.025686,78,517.403306
349.231676,71,517.547404
239.038296,49,517.642223
383.581615,79,517.758396
283.612689,56,517.828078
307.456907,59,517.899956
430.759197,97,518.018556
322.752066,70,518.102505
230.793469,45,518.158953
299.273287,58,518.253709
307.976829,59,518.346117
250.164214,50,518.425508
374.527188,73,518.539799
302.330257,64,518.63379
195.968009,40,518.688504
408.554606,78,518.803252
328.960789,63,518.899959
320.30306,60,518.984211
247.504392,49,519.058061
287.96742,55,519.139744
354.274007,76,519.249455
283.857937,56,519.333573
311.408147,61,519.426588
326.188327,66,519.526651
296.596309,62,519.623398
271.648922,55,519.710548
338.075628,65,519.813641
222.257889,52,519.890689
248.74114,53,519.971661
318.483034,62,520.06617
463.974467,89,520.209561
427.48914,91,523.42231
215.503722,44,523.472732
453.063358,90,523.581377
453.203899,88,523.691395
310.125932,60,523.767394
390.54005,79,523.867229
345.94391,68,523.953188
472.071456,100,524.078316
395.489065,75,524.175112
228.062596,46,524.234185
442.512624,92,524.353579
300.562802,63,524.435467
449.83446,90,524.545683
280.191203,56,524.613997
370.959984,70,524.698972
210.713344,42,524.747089
498.953143,98,524.869051
357.723148,70,524.953737
392.420531,75,525.045258
325.299773,62,525.137846
284.46508,58,525.220495
311.977743,65,525.316129
319.897656,62,525.412312
388.695099,75,525.525213
348.10824,66,525.630643
407.415436,81,525.748692
306.914635,61,525.844926
389.67377,80,525.96235
374.74369,82,529.248626
369.309999,73,529.395917
368.458902,71,529.542515
367.742344,71,529.683987
321.4086,70,529.824159
360.660222,71,529.968943
304.210433,70,530.110601
302.080448,58,530.227809
508.301584,102,530.435527
478.640787,106,530.65824
396.462332,75,530.813994
323.880097,62,530.942042
259.076538,53,531.045082
313.833435,61,531.169267
376.353054,71,531.310959
317.776445,63,531.433717
392.611974,78,531.589556
296.922814,67,531.718415
361.77231,75,531.865037
377.226667,79,532.019539
329.633126,67,532.116304
302.496404,63,532.21193
319.244853,64,532.323538
365.927139,81,532.462334
282.516291,58,532.564443
275.443657,54,532.656025
246.260868,52,532.738857
453.599962,89,532.894679
374.141735,73,533.017728
282.553521,62,533.121632
316.074568,62,536.168251
328.285487,65,536.250659
321.818505,62,536.331355
325.210223,63,536.412379
225.325532,47,536.470512
313.694979,61,536.545936
273.013948,53,536.613405
316.962817,62,536.691236
307.637095,64,536.769969
307.912884,61,536.845095
511.484732,102,536.973733
225.425311,50,537.031675
394.105128,76,537.12338
497.349996,109,537.255605
278.830389,56,537.322611
340.282692,66,537.403662
249.977776,50,537.463092
361.066918,70,537.551392
434.566209,88,537.653253
303.494132,63,537.730052
337.941334,65,537.808286
232.196933,49,537.865724
296.489403,58,537.939279
388.823298,74,538.031016
307.902052,60,538.107186
275.455637,56,538.178263
376.069693,83,538.284966
290.916462,55,538.353006
317.419368,70,538.447385
418.894846,83,538.561371
403.444569,81,541.807114
439.365533,93,541.939211
402.990306,80,542.045091
300.579394,57,542.116566
391.535792,77,542.216249
286.091662,62,542.294328
360.051914,75,542.385408
312.858256,60,542.460689
340.336592,72,542.557992
259.175357,52,542.623652
305.304526,63,542.702104
343.229887,65,542.786016
307.813778,61,542.86421
286.85853,57,542.934532
260.506191,54,543.00137
338.867283,67,543.087712
374.749877,78,543.183258
389.41872,78,543.282411
311.938447,61,543.354682
313.565866,61,543.428812
400.435125,76,543.520998
422.175007,83,543.622154
398.520406,78,543.719571
310.735298,62,543.795845
298.544421,60,543.868212
293.594536,61,543.94064
381.004333,74,544.030594
337.857923,65,544.112499
310.913905,62,544.186709
369.208772,70,544.269086
246.317653,49,544.329527
394.325393,78,547.694034
394.219458,78,547.813036
355.89159,67,547.913055
513.995491,112,548.089836
406.421562,85,548.23752
399.57482,77,548.366135
364.190235,68,548.478124
445.580161,89,548.623703
418.009854,79,548.755504
253.998812,56,548.844445
295.38686,64,548.924861
341.257228,67,549.005706
327.306477,64,549.083301
249.643121,52,549.144483
447.510137,92,549.260383
261.746489,55,549.327474
373.792215,71,549.419724
240.212715,48,549.478685
408.43588,80,549.579278
266.506465,55,549.646221
311.865554,64,549.724434
339.716438,67,549.817079
432.186441,86,549.958332
518.611102,109,550.135445
263.38088,54,550.224064
276.81569,65,550.326017
531.421667,110,550.512105
302.004851,67,550.628373
474.04727,92,554.036277
363.240638,68,554.121841
331.900419,67,554.199387
481.056799,108,554.328965
443.112148,86,554.432194
224.956642,50,554.492635
320.654396,65,554.574544
358.936588,72,554.665761
372.381711,72,554.757337
193.268867,43,554.808999
434.935627,90,554.923953
331.156256,67,555.008797
340.41335,75,555.103215
311.712989,60,555.178493
322.963332,65,555.260803
302.403456,66,555.342769
280.157112,55,555.410417
304.563304,61,555.486386
403.376478,77,555.581039
293.42607,60,555.658207
331.318086,66,555.743164
205.718997,44,555.797777
318.73487,62,555.876061
408.981194,77,555.976724
248.592432,51,556.039908
314.780907,61,556.117571
553.875743,117,556.26985
314.740441,61,556.345962
341.940592,66,556.427978
505.426822,106,560.094236
342.008775,66,560.199858
330.895285,64,560.304852
588.108164,118,560.492409
357.334312,74,560.59814
348.113782,67,560.697875
296.551573,67,560.787207
310.228991,64,560.882803
316.001956,64,560.975235
534.933873,113,561.144819
391.799677,75,561.252464
401.926883,77,561.368952
334.295314,64,561.468647
389.616291,83,561.597231
338.676501,70,561.70114
362.673061,69,561.803757
329.100552,64,561.899418
321.242353,62,561.990512
287.741126,58,562.076926
277.673641,56,562.158529
316.683516,63,562.250555
456.166183,87,562.380724
282.991513,65,562.475083
350.666036,72,562.585447
336.760407,66,562.682266
311.745557,59,562.779808
367.056187,80,562.908032
308.43725,61,562.998075
352.597644,69,563.106548
490.446468,102,566.398805
341.26196,65,566.486688
306.721066,65,566.564242
388.299172,81,566.661486
336.043891,67,566.740506
338.037758,74,566.828872
408.359115,83,566.930592
309.922854,59,567.004182
287.895146,57,567.072165
394.403354,79,567.167571
396.17637,79,567.264171
340.83762,67,567.348694
317.710416,69,567.431327
364.371178,68,567.513515
305.67766,61,567.588827
259.426998,55,567.653598
394.866293,77,567.75107
334.63414,69,567.834286
296.867192,58,567.908454
378.40167,76,568.001465
381.325409,74,568.098531
263.043959,60,568.171945
278.127146,55,568.238473
309.4685,61,568.314761
508.504339,95,568.433984
317.158478,60,568.509817
404.10027,79,568.607947
319.200336,67,568.690611
288.77154,56,568.764701
422.869945,80,572.126608
308.295061,60,572.257193
417.588818,82,572.439009
274.179932,55,572.551772
399.795695,80,572.677419
322.567367,65,572.775973
375.918286,74,572.894083
323.269816,62,572.991938
386.853792,81,573.090938
240.806745,48,573.147397
428.198744,88,573.256386
286.900647,57,573.325443
319.758413,63,573.404518
232.084637,48,573.461452
316.296865,61,573.535275
303.2841,58,573.607599
361.138948,70,573.693602
324.541325,64,573.773599
291.398074,59,573.844077
330.501898,64,573.920418
402.374601,76,574.014283
390.371931,82,574.1177
378.446974,76,574.213416
272.781268,53,574.290246
254.337943,52,574.36713
329.168949,68,574.469951
556.400336,120,574.648892
342.149201,68,574.749444
448.901391,87,574.886222
312.889987,61,574.97635
378.025865,74,578.362023
338.831106,68,578.473532
345.508104,71,578.587301
448.794259,96,578.727055
259.0892,56,578.807736
387.48513,72,578.920581
379.574752,86,579.049443
340.327946,73,579.160654
344.836584,69,579.270894
419.207793,80,579.390536
355.50228,68,579.494321
453.664581,88,579.627007
388.051671,76,579.743526
329.686887,67,579.845306
265.923371,58,579.927524
330.236264,66,580.005944
316.820454,67,580.085359
331.86486,65,580.163425
359.546388,68,580.245909
275.992011,53,580.309576
333.494796,74,580.397038
327.452924,72,580.487101
425.950224,82,580.596323
398.426445,79,580.69579
449.036629,83,580.801951
303.996785,61,580.879165
393.206822,78,580.980205
386.420303,73,581.072455
423.223278,81,584.431049
229.714781,47,584.503124
238.506948,50,584.58135
270.322994,57,584.667633
448.701135,100,584.829159
249.116332,51,584.908963
360.825018,71,585.023621
323.20009,63,585.12333
533.501463,103,585.289873
350.214145,80,585.415297
266.562049,54,585.499677
472.108452,95,585.633861
257.1747,52,585.699362
339.818941,67,585.786916
350.090998,71,585.87676
367.681246,74,585.969464
334.853816,64,586.052278
345.849098,67,586.137226
380.075918,80,586.233988
341.384943,65,586.319769
358.757363,72,586.413136
333.087535,66,586.496543
373.427942,81,586.595649
349.935281,68,586.685297
311.440778,63,586.761743
286.587781,63,586.840038
341.012839,70,586.927554
273.895813,55,586.995865
347.419719,68,587.079723
283.249764,57,587.150692
341.549986,67,590.337289
320.483511,61,590.447944
349.555911,71,590.570258
238.42401,50,590.653987
472.246158,98,590.820497
314.610335,60,590.921964
290.366551,56,591.021855
359.586239,71,591.142096
312.029798,61,591.24314
304.959718,66,591.356564
327.758918,65,591.465376
347.119099,68,591.580727
336.650111,64,591.689084
345.070378,67,591.798847
371.036796,74,591.920763
293.487024,58,592.01975
252.389534,52,592.100321
296.3002,61,592.196626
361.593517,71,592.295187
316.450788,60,592.369341
354.779747,69,592.455821
406.779025,77,592.556156
359.566795,76,592.648294
339.943151,67,592.731884
331.397191,68,592.818614
394.506944,77,592.918189
298.822168,62,592.993432
251.053551,59,593.067345
380.233677,75,593.160891
311.75477,59,593.235336
452.582644,92,593.352133
340.109369,65,596.33409
319.124238,65,596.443888
386.64533,74,596.567223
384.198635,85,596.6985
293.69139,58,596.788154
476.991395,113,596.962808
333.918947,67,597.067686
304.452073,63,597.163381
361.505537,71,597.271273
314.652706,62,597.371751
335.01346,69,597.4875
434.79884,92,597.634035
327.61645,64,597.730771
465.891,91,597.880162
269.173098,53,597.962426
350.426001,77,598.082545
258.301428,50,598.162313
331.189317,66,598.26683
348.906423,69,598.373687
285.688293,62,598.467051
329.178231,63,598.563538
489.442793,109,598.731789
401.032644,88,598.864743
495.84562,106,599.026533
322.143968,62,599.126419
400.170711,79,599.247642
410.564626,87,599.384986
466.442654,96,602.889341
402.727325,78,603.007057
353.118588,69,603.108821
425.024218,79,603.238372
329.579592,64,603.338319
357.275736,68,603.451381
469.641808,91,603.597108
401.107621,79,603.724545
338.631364,75,603.841769
340.001496,66,603.948202
272.098922,53,604.031406
287.807284,60,604.122783
301.150447,67,604.227764
356.841464,76,604.345294
406.044391,82,604.477245
419.293929,82,604.614344
336.139793,72,604.744137
291.675539,57,604.843544
470.643106,89,604.96958
306.73269,66,605.054033
436.608962,86,605.200788
316.891856,61,605.305545
297.493156,61,605.411385
352.009112,66,605.524068
461.642425,98,605.692082
310.017096,72,605.822974
293.80039,56,605.910434
205.567803,45,605.977462
298.670645,57,606.066044
261.021222,58,609.742967
227.220011,48,609.816131
386.501515,74,609.930562
266.640397,53,610.010364
440.935215,89,610.144833
284.669617,57,610.235428
376.036155,72,610.36009
392.892043,81,610.498719
286.218051,56,610.591899
489.998072,108,610.762451
420.262201,83,610.894606
462.632333,88,611.033929
363.28502,73,611.155937
257.30752,54,611.236008
307.902095,62,611.357912
389.192456,80,611.519013
272.12001,53,611.58684
335.397869,72,611.677995
308.34605,60,611.756937
364.77712,70,611.849022
267.929192,56,611.921371
452.421623,85,612.06782
341.990927,67,612.181174
274.353852,57,612.264499
368.904851,70,612.370848
381.615439,81,612.493439
423.42265,82,612.630757
221.941902,45,612.699243
355.500113,71,612.811493
296.479764,57,612.899887
380.576024,74,615.595196
426.817585,82,615.703826
380.45996,73,615.796713
355.474974,68,615.884671
191.583481,40,615.934755
455.517297,108,616.074685
347.38194,67,616.177831
301.218727,63,616.282167
418.702559,78,616.415203
337.025723,66,616.529111
358.175192,80,616.660914
309.737878,60,616.76301
305.12092,61,616.86908
346.674669,66,616.977813
380.762039,74,617.105432
360.501928,81,617.242546
304.08222,61,617.354976
301.268127,59,617.454301
292.195343,59,617.549271
264.877549,55,617.637308
407.772013,85,617.776774
303.407998,59,617.875187
410.117651,77,618.006996
274.969767,53,618.098517
326.784739,62,618.201437
502.309896,97,618.352322
340.10166,65,618.451202
325.919449,62,618.543452
553.473075,114,618.714033
362.882778,73,621.744443
379.403338,76,621.853936
312.668117,70,621.966882
244.963329,48,622.041535
295.752526,59,622.135817
369.623243,71,622.263218
364.191351,76,622.390406
309.401993,61,622.496369
305.487435,62,622.600381
454.567361,96,622.778358
407.839108,78,622.911174
284.569427,55,622.999282
349.484242,66,623.106397
281.052221,53,623.197406
384.533511,90,623.346364
355.162805,70,623.455021
325.176041,71,623.574607
351.779636,69,623.689386
323.70094,64,623.794365
386.540552,87,623.930398
337.66016,67,624.04325
344.169413,67,624.160698
341.840907,68,624.268626
399.141693,77,624.370514
257.222262,52,624.438136
408.371108,82,624.550297
317.113071,62,624.63308
262.375,53,624.698675
403.236523,78,624.808948
659.743035,135,628.601867
537.177833,109,628.78995
369.377568,76,628.918743
464.195304,95,629.07787
393.563361,88,629.22769
595.269078,122,629.445926
364.888236,70,629.566713
410.201249,84,629.700517
441.134642,88,629.846714
482.946503,107,630.02385
284.407044,59,630.120225
374.12814,74,630.245144
363.278614,72,630.365203
323.792526,62,630.468858
345.369108,73,630.624363
362.619724,71,630.786078
402.176416,76,630.959936
451.415044,86,631.148251
364.780707,80,631.316287
318.938748,65,631.451021
288.917329,60,631.572476
455.751931,92,631.760126
391.306825,75,631.912662
356.734268,68,632.052702
443.734932,88,632.231776
475.892452,93,635.884195
303.46892,57,635.982361
315.948804,62,636.088945
349.025501,67,636.202251
386.499142,76,636.332979
484.591768,91,636.483905
298.894351,58,636.574738
320.00722,62,636.699157
287.25199,58,636.807879
342.870443,71,636.934404
441.298639,84,637.08154
338.916169,67,637.193785
366.371764,72,637.309122
490.023665,93,637.450375
317.870293,63,637.546848
553.608027,110,637.696375
354.315556,76,637.787017
281.209955,55,637.853388
284.428996,60,637.921473
353.069251,80,638.017302
474.811989,90,638.130248
297.597634,58,638.197791
374.7273,73,638.285274
338.468641,66,638.365965
311.760927,59,638.436874
390.925092,79,638.529317
311.027097,62,638.605881
357.117387,73,638.692766
235.475803,53,638.757497
402.066851,78,642.124993
240.98576,48,642.207028
331.330753,65,642.321893
374.091196,75,642.445461
401.964541,82,642.581187
310.383131,62,642.690338
516.632625,109,642.890625
282.415413,63,643.008518
483.867943,94,643.188779
342.885783,68,643.313288
293.972809,63,643.424969
392.916066,74,643.562613
377.53233,73,643.686069
359.579509,69,643.801103
345.220395,66,643.902737
457.123713,86,644.014912
303.11979,58,644.088222
429.693889,84,644.190524
320.896893,61,644.269403
335.782736,67,644.350711
414.252399,82,644.454156
270.295631,54,644.519775
423.449375,89,644.630844
432.776091,85,644.739546
374.555241,72,644.842701
511.468859,113,645.013064
346.481892,78,645.127972
404.412501,95,648.294022
265.211179,62,648.4024
301.849423,58,648.504122
246.795718,56,648.604278
347.143135,66,648.730194
363.368405,75,648.865657
412.029779,79,649.014937
332.826533,63,649.131713
310.591254,65,649.259454
290.742951,56,649.357373
273.911615,60,649.455556
399.051715,84,649.591696
303.79804,58,649.684512
434.275481,85,649.819149
357.608807,70,649.927194
415.014986,88,650.057713
301.723279,68,650.159907
397.19491,78,650.286475
366.046948,86,650.419998
238.567762,55,650.499793
379.999563,74,650.610384
328.870833,66,650.706177
435.046453,84,650.834717
309.602738,61,650.922386
436.991172,92,651.06728
306.739363,61,651.159271
481.472321,100,651.309072
372.914574,76,651.425933
295.892082,57,651.509197
261.174734,59,654.914016
345.575673,66,655.02419
325.858446,64,655.124829
395.92065,77,655.259619
328.956057,64,655.361069
371.34794,73,655.47991
549.885513,121,655.670818
352.292431,69,655.784059
340.938873,70,655.902846
314.363231,59,655.997582
326.092885,66,656.100352
317.855801,64,656.200742
485.754315,94,656.354532
292.397625,59,656.448735
338.542025,67,656.555719
456.936778,88,656.697096
433.95419,84,656.806529
340.669882,66,656.891084
309.002986,61,656.968583
357.386602,75,657.061957
380.009955,73,657.153526
377.780176,74,657.242133
336.403926,65,657.320199
536.877897,117,657.45854
306.504121,61,657.528606
255.449554,54,657.59299
431.635199,88,657.69732
392.242642,80,660.363293
350.908222,69,660.481576
531.841323,117,660.682329
308.459631,66,660.789434
262.190468,53,660.876594
409.372418,82,661.015056
339.910108,69,661.131009
287.280407,60,661.230731
390.697501,74,661.34813
582.05165,114,661.541116
450.468109,88,661.682432
372.519933,71,661.801561
470.021426,90,661.947324
271.734071,59,662.044651
374.967621,75,662.160211
333.409458,65,662.246659
307.113563,61,662.341646
275.812132,56,662.4317
339.345285,67,662.544573
312.947155,64,662.645911
403.134662,78,662.769829
340.749133,66,662.877291
360.818309,74,662.993624
372.467106,79,663.117865
341.42447,66,663.22503
475.472951,91,663.369552
295.649247,63,663.467225
321.261434,67,663.572263
290.287517,59,667.225612
319.440008,63,667.333216
364.223097,68,667.429122
399.47707,78,667.533808
361.541752,69,667.626126
385.707385,73,667.726086
344.173101,70,667.817329
400.275565,78,667.920099
398.211964,75,668.044208
345.091655,67,668.159978
312.625761,67,668.276028
350.873148,69,668.393193
378.159137,78,668.52761
360.5663,72,668.646363
332.175291,64,668.74465
359.926388,79,668.867406
538.816888,108,669.041144
379.933923,74,669.159739
436.432826,84,669.29532
483.573206,107,669.46004
388.66455,78,669.578335
344.39187,70,669.691392
263.870493,62,669.78625
394.20816,75,669.909868
315.979574,63,670.005563
271.021318,61,670.098743
511.664313,101,670.255002
429.294197,86,670.381212
494.16276,100,673.560415
319.906474,62,673.678412
438.135607,85,673.852766
322.097165,63,673.999669
346.412726,73,674.158626
385.342733,77,674.303132
438.208865,93,674.464035
446.509803,92,674.634866
272.014933,53,674.728147
319.635365,63,674.839025
453.297966,93,674.970241
482.593954,97,675.093443
336.841727,68,675.183036
296.769055,58,675.259467
332.942176,69,675.350141
318.157453,62,675.434138
357.649994,73,675.532182
377.989618,73,675.632872
300.376341,58,675.708229
286.426752,56,675.783964
367.667641,73,675.87906
409.469676,82,675.984423
530.787266,115,676.131527
417.38725,82,676.239928
321.535093,74,676.333596
274.775794,55,676.403777
396.041262,76,676.504513
316.043689,64,679.693314
485.282318,96,679.89497
338.123326,73,680.033862
332.152947,65,680.164185
329.515547,65,680.284998
333.078929,64,680.40135
451.398011,86,680.557401
418.129462,81,680.695067
284.281046,59,680.79608
323.270592,67,680.917194
631.723236,141,681.155738
364.84838,70,681.266765
324.682795,65,681.349593
430.581124,84,681.459394
315.742901,62,681.543031
338.410295,66,681.630812
480.295067,91,681.754898
384.755954,84,681.861557
337.319585,74,681.957001
324.803965,64,682.043511
454.30183,99,682.173316
388.517815,75,682.274023
319.035792,62,682.350669
296.773332,58,682.42499
692.427442,140,682.601602
465.751769,95,682.722325
453.48908,92,686.151429
344.746204,67,686.263655
347.872187,66,686.369396
357.700875,73,686.4849
391.867715,76,686.618693
332.817166,65,686.756775
362.90736,70,686.882694
324.834181,68,687.00056
400.552143,92,687.153151
339.977991,74,687.278896
451.371512,90,687.436831
359.924947,69,687.556769
372.516988,78,687.684143
371.050829,73,687.792877
322.190133,62,687.873072
359.06527,71,687.960042
363.365736,69,688.049028
703.798246,135,688.235252
394.548555,78,688.365205
271.390824,57,688.456871
351.912741,70,688.577844
312.96485,59,688.674834
345.629543,77,688.798581
361.212515,73,688.924415
392.113078,77,689.053396
305.261413,60,689.151619
280.906918,56,689.242246
413.966376,79,692.747153
361.262837,70,692.863744
373.783405,70,692.980758
469.590893,92,693.133251
255.015736,50,693.209197
483.838769,91,693.350267
301.182896,63,693.449372
547.249031,117,693.635604
360.40497,77,693.77065
361.355713,73,693.899161
305.508712,67,694.015407
379.122774,78,694.145949
359.063311,70,694.264258
502.520407,99,694.428651
480.435699,94,694.584135
438.775304,86,694.724872
426.665182,89,694.870544
391.91732,77,694.999477
487.206563,108,695.175761
312.050851,64,695.279907
478.115025,97,695.442847
336.197918,72,695.559778
336.637097,68,695.672482
330.605952,66,695.784939
333.582935,66,695.900623
314.603615,66,696.011836
306.234726,60,696.116963
289.812875,61,699.347088
477.603619,93,699.545135
287.582535,57,699.669708
277.707984,59,699.790005
396.681728,79,699.960866
349.299786,67,700.102054
467.970175,89,700.274616
534.592581,106,700.490287
378.078405,76,700.645796
339.687737,70,700.791348
366.374391,74,700.945656
413.133466,99,701.156096
531.805651,115,701.390969
333.443748,65,701.523117
462.808117,97,701.720789
404.013421,87,701.862658
374.742937,71,701.970999
469.104769,91,702.113544
394.663939,77,702.236185
287.624015,62,702.337289
310.63434,64,702.435683
275.216753,61,702.531134
350.919862,77,702.661554
417.961825,82,702.790786
455.559839,91,702.965726
342.786282,70,703.093229
292.486706,65,706.254498
417.717607,90,706.364408
381.697731,85,706.466654
577.166034,114,706.608681
348.114067,73,706.698945
454.526647,88,706.812156
579.483415,120,706.961441
257.310259,57,707.035753
396.643307,78,707.133756
439.127868,94,707.253907
319.777645,61,707.333715
309.911804,65,707.418789
264.42324,54,707.487395
254.891565,56,707.556373
402.967435,78,707.65752
349.639837,76,707.75263
363.991735,72,707.844166
335.220375,72,707.932693
292.714971,56,708.005011
351.410191,68,708.091493
365.207211,74,708.181295
387.913185,76,708.277345
304.386457,61,708.355101
359.481382,73,708.446733
370.078921,70,708.53585
361.777127,71,708.624453
336.634452,64,708.709831
334.113126,66,711.768022
321.758527,69,711.870634
375.029219,75,711.98509
238.73326,51,712.075453
370.032873,73,712.169114
464.427728,99,712.299091
420.473341,81,712.40271
389.238562,74,712.49651
326.419938,65,712.583855
364.009334,71,712.677541
287.886671,59,712.754551
322.921108,63,712.840484
472.096039,103,712.976748
546.090689,116,713.129539
267.826124,55,713.20096
370.410027,70,713.294088
387.053909,78,713.394909
311.453484,67,713.475392
361.870043,75,713.563356
365.168786,71,713.648357
289.540484,57,713.717447
326.651522,63,713.797075
387.843338,76,713.892346
257.817015,58,713.962303
243.174624,50,714.023833
318.430485,65,714.102653
448.454782,96,714.229321
269.763531,56,714.298409
330.023592,63,714.379828
275.944747,60,717.689255
414.871859,84,717.831823
308.329963,62,717.938403
400.754279,86,718.083617
265.259671,54,718.174556
523.622257,105,718.354625
367.226837,74,718.45187
397.525827,78,718.569266
351.816935,68,718.6716
307.523647,66,718.767309
427.55805,95,718.910455
278.980581,61,719.000162
379.815408,73,719.128938
273.46911,56,719.225563
453.350409,99,719.401196
360.604804,70,719.521936
524.681178,103,719.675219
334.145771,66,719.762027
287.109385,59,719.83485
604.27304,125,719.992063
464.41711,99,720.11486
300.60155,60,720.199013
435.699244,87,720.339694
405.225831,80,720.47571
378.537342,81,720.609693
301.291468,69,720.722034
315.760407,61,720.822792
362.419164,74,724.135172
286.780715,63,724.237278
347.778595,76,724.360728
324.207524,64,724.456286
358.491609,74,724.55261
402.522612,76,724.648087
403.222465,76,724.744443
501.119375,101,724.894898
348.722153,75,725.015898
264.692269,55,725.102361
418.436459,98,725.258048
401.896528,87,725.401042
335.896819,67,725.508322
284.175706,60,725.606023
479.193946,96,725.768581
292.811888,60,725.865361
248.486676,54,725.952429
442.338987,90,726.094269
482.198864,92,726.246004
336.286546,64,726.352607
325.458795,66,726.457717
351.00077,69,726.569299
297.744528,63,726.671417
323.156671,69,726.782167
327.445976,64,726.888123
267.091065,53,726.973795
356.157961,70,727.087929
455.907978,90,727.237136
194.349295,43,730.470043
508.592226,98,730.626572
457.443554,91,730.763195
378.592271,76,730.874361
281.224709,58,730.959736
276.870632,61,731.049207
320.53342,62,731.138436
604.01918,121,731.319468
315.53773,68,731.422488
345.142823,67,731.526295
338.360933,68,731.626314
354.281007,69,731.727246
204.34856,42,731.787747
397.799119,88,731.920125
307.351967,63,732.016878
362.541247,69,732.11822
414.839795,80,732.245803
331.267647,63,732.344281
351.084308,68,732.439896
404.410398,87,732.550868
349.809948,66,732.632679
426.987521,87,732.739228
308.150438,63,732.813337
304.182754,61,732.8894
429.988347,84,732.996821
243.440672,50,733.058353
286.41326,58,733.129869
467.940551,101,733.25686
373.997745,76,736.228037
300.926788,60,736.301717
266.185385,56,736.370712
361.034741,80,736.47534
502.654166,101,736.610573
317.063586,62,736.693842
443.788141,84,736.809768
250.398023,53,736.878355
317.981148,71,736.969059
414.922405,85,737.078923
324.825469,66,737.162075
357.829705,68,737.249973
423.349727,84,737.359017
410.181735,86,737.467872
319.61786,69,737.555572
396.424006,78,737.657653
304.81264,61,737.733697
382.744998,72,737.826808
337.755662,66,737.908669
487.484302,96,738.033205
267.507754,61,738.11301
329.173556,63,738.196355
376.162644,74,738.292782
370.193212,74,738.390342
335.67419,67,738.477813
281.730212,61,738.552365
361.923759,71,738.643192
437.437342,89,738.750806
268.936063,62,738.82338
429.11791,83,742.235426
615.385127,127,742.439128
335.293965,65,742.54551
408.795202,81,742.687171
394.811778,78,742.817531
477.018566,95,742.976873
305.502181,62,743.082254
352.395128,68,743.199984
292.513776,62,743.306591
419.319151,80,743.443989
398.72627,78,743.578646
351.131013,74,743.704493
393.849227,76,743.851802
395.333747,78,744.01727
465.686944,93,744.207603
336.844778,64,744.335418
371.913518,77,744.49582
314.103859,64,744.627898
379.73178,75,744.78348
326.953109,64,744.913936
365.867563,87,745.068234
356.71554,69,745.154003
591.377867,114,745.294484
437.659808,84,745.402541
449.760158,88,745.510186
308.498871,59,745.583856
398.788296,76,748.403491
372.612261,85,748.545853
362.840247,83,748.679201
335.608707,66,748.788384
549.210678,108,748.971761
311.580729,60,749.077347
404.50306,81,749.212554
353.652507,67,749.303179
365.159971,71,749.398831
306.572139,68,749.488757
550.637396,110,749.637979
357.354867,77,749.744322
334.767678,70,749.838226
380.38583,79,749.94549
365.826518,79,750.08051
407.121751,82,750.224755
367.972441,83,750.364803
373.767897,73,750.498482
287.206711,59,750.617952
426.469731,80,750.78712
429.233887,85,750.958523
386.875321,75,751.057145
415.709374,90,751.168645
305.416716,61,751.243988
264.496057,60,751.319513
412.219171,80,751.419521
469.225805,105,754.681797
358.65023,70,754.811474
389.656244,81,754.939752
288.988841,58,755.039853
312.100789,60,755.149884
334.499417,68,755.273079
373.215746,71,755.395939
360.66238,74,755.507443
350.272518,67,755.613961
347.595406,69,755.72547
310.396101,60,755.821412
392.285888,77,755.944386
389.607624,74,756.058784
362.362309,70,756.167455
336.339386,73,756.266576
444.989223,84,756.372046
382.753545,77,756.473594
394.136797,82,756.583524
319.558761,65,756.668566
395.074072,78,756.777372
361.71189,69,756.870063
435.271945,87,756.988545
377.649056,83,757.093508
328.252341,66,757.172431
282.213208,57,757.241057
438.917573,83,757.341911
342.292055,66,757.424076
299.335164,59,757.492856
329.34542,71,760.780497
412.698751,86,760.978998
475.186316,92,761.181276
407.905336,85,761.316711
277.362312,63,761.398077
337.054725,66,761.486185
420.053752,80,761.594026
302.007288,61,761.682984
392.044101,81,761.814189
364.544189,74,761.930221
310.975264,65,762.031996
211.250329,45,762.101281
432.859852,86,762.241749
325.353838,67,762.349678
390.870246,78,762.476184
443.797232,105,762.649297
385.18118,79,762.778412
317.996196,74,762.895206
344.092457,66,763.001157
508.179749,100,763.165494
352.971033,66,763.267814
320.318131,67,763.363484
382.303966,84,763.48743
331.91459,65,763.583467
279.207362,55,763.66372
305.900437,68,763.747366
464.47595,92,763.861588
295.231287,65,763.943057
415.544231,81,767.095763
350.01362,67,767.214299
417.100561,77,767.333969
303.320607,63,767.438786
378.383969,74,767.563617
320.622671,64,767.664686
390.878277,80,767.794395
378.675901,72,767.911426
345.950606,69,768.021316
239.203782,58,768.112762
305.383079,67,768.217726
406.532838,79,768.348179
336.231315,70,768.46255
473.144571,95,768.621009
478.149037,91,768.769349
337.222238,64,768.872116
395.688191,81,769.001565
268.49206,60,769.096655
292.262799,62,769.192617
429.862873,82,769.323656
345.463664,67,769.430734
305.84379,63,769.525343
403.260755,82,769.654249
567.671423,127,769.859284
294.409469,57,769.93478
415.445672,90,770.046674
438.036916,87,770.155517
369.262197,75,773.255866
388.152902,75,773.372217
329.978024,65,773.463648
347.885278,69,773.558606
307.211931,69,773.66853
336.929527,64,773.795099
373.640405,74,773.920813
388.932276,80,774.056564
299.450931,61,774.159372
416.613322,78,774.295776
410.45298,78,774.431301
358.026114,72,774.557636
355.445426,68,774.676673
325.21368,68,774.792861
331.701631,66,774.906413
411.658111,82,775.050468
313.020834,62,775.155491
323.926512,66,775.269751
346.144239,69,775.387526
268.566337,65,775.494196
336.033682,74,775.620456
468.316879,91,775.780518
391.304721,76,775.909128
428.796918,90,776.066072
362.02719,70,776.189908
347.772063,68,776.306047
401.645933,79,776.445637
372.833612,80,776.58398
311.042207,72,779.6394
449.585024,103,779.777206
272.136296,57,779.84988
409.218763,79,779.954231
416.705395,82,780.089074
308.65945,61,780.187334
363.163649,78,780.306652
317.516541,62,780.403715
410.00869,81,780.532535
316.249988,63,780.626638
434.109612,91,780.768023
390.814073,75,780.89182
407.188939,79,781.016265
372.403745,73,781.134432
374.212107,73,781.251099
458.980943,91,781.39069
418.3083,84,781.518062
302.149989,59,781.604142
318.393474,63,781.698854
369.702961,68,781.801321
331.943711,64,781.898956
367.471018,76,782.012451
376.553295,75,782.130379
329.952383,65,782.236674
379.257748,74,782.354056
319.463381,70,782.466771
343.645558,69,782.584195
313.061998,69,782.704156
252.314438,57,785.714087
402.405557,79,785.873438
524.719965,101,786.020148
337.410763,67,786.119994
358.421963,69,786.23934
330.993078,69,786.35166
398.292676,78,786.480079
281.993373,57,786.575754
670.150245,133,786.794211
312.880464,61,786.890889
480.145909,96,787.056401
413.137317,79,787.1951
425.813419,83,787.341245
344.261064,67,787.459537
362.914124,72,787.589671
372.716749,75,787.722838
333.262733,77,787.860304
309.466069,61,787.97081
377.342447,78,788.115303
294.122115,63,788.223993
374.056025,86,788.368602
326.653033,63,788.472131
544.334079,111,788.644506
394.75942,79,788.762306
375.33108,77,788.875929
410.235674,79,788.996682
428.831306,82,791.968721
334.416028,66,792.07391
435.185607,86,792.213749
358.000452,71,792.338899
354.00078,68,792.452563
478.473301,95,792.610287
266.521993,54,792.700403
465.50511,96,792.855484
287.537483,59,792.950709
388.131082,72,793.064871
346.578324,69,793.180317
356.108915,75,793.31635
336.984069,75,793.437116
392.73417,77,793.563293
412.862154,94,793.714164
285.712024,65,793.813864
390.120242,81,793.947477
432.027155,99,794.119193
276.97716,56,794.204891
297.07569,65,794.311946
373.487656,72,794.434247
326.238238,64,794.546569
615.062254,121,794.789761
520.12326,103,794.986846
496.792393,101,795.182663
402.69852,80,795.348085
361.495555,70,795.488644
438.588055,83,799.041254
395.970547,75,799.168648
405.279685,83,799.309207
367.758026,72,799.42681
464.244687,99,799.614335
579.965143,127,799.836123
263.685074,52,799.92425
372.85209,81,800.061491
405.233558,82,800.200859
362.079943,68,800.321805
432.966047,88,800.471881
332.602834,64,800.5849
329.99633,64,800.705282
474.528359,107,800.89872
400.919965,79,801.05272
409.230328,82,801.219326
289.472588,62,801.342471
368.551675,70,801.49129
373.182087,73,801.641404
442.703727,86,801.809368
508.514653,118,802.017143
394.142205,78,802.131017
399.957881,75,802.2504
444.715851,87,802.379428
594.282604,122,805.417572
376.76694,76,805.540168
285.436147,65,805.645937
315.086392,64,805.751613
454.751947,90,805.905367
468.150651,93,806.05878
311.272858,60,806.156355
436.962974,90,806.302899
258.545996,59,806.395702
395.22116,80,806.524908
430.968979,91,806.666934
256.172888,55,806.753422
407.273782,76,806.875327
318.360632,65,806.975796
351.500732,71,807.092702
412.065208,80,807.228987
481.947387,100,807.409472
427.817995,83,807.559032
357.93589,67,807.680481
386.177255,81,807.837529
288.216301,56,807.941048
326.649752,62,808.048115
328.410916,63,808.157071
376.436989,84,808.303501
325.89807,64,808.411896
409.708979,81,808.558388
678.423705,133,808.79187
359.29575,75,811.79598
362.063308,71,811.910825
444.745902,84,812.049422
392.834193,88,812.189851
428.095924,84,812.322835
346.270001,74,812.436071
306.33556,61,812.534165
306.264291,60,812.631694
384.076816,74,812.750314
249.552601,54,812.83468
357.266333,69,812.946523
318.597738,61,813.043914
416.956909,83,813.176041
488.184737,94,813.327789
497.228352,97,813.484153
395.378996,88,813.636558
426.707459,84,813.795641
426.927377,84,813.941027
469.142757,110,814.156019
400.421345,92,814.308343
430.372739,83,814.441965
337.075044,65,814.544492
338.057106,66,814.64819
502.089682,98,814.810961
557.366306,113,814.997918
426.035343,85,818.330289
315.798417,60,818.411253
427.307392,99,818.541093
360.366686,71,818.637272
466.876196,91,818.766007
447.402718,87,818.883535
306.411312,61,818.964672
504.911776,107,819.107324
416.128907,82,819.218087
387.052643,78,819.321435
314.797506,61,819.402646
427.623872,87,819.516262
518.986067,101,819.64624
299.457849,59,819.718471
329.692268,63,819.804779
379.940801,73,819.932057
445.391725,87,820.081194
380.361382,75,820.204465
275.879805,62,820.303604
325.684809,62,820.409185
376.865372,76,820.537039
325.579788,73,820.66416
537.013677,105,820.859277
387.15355,76,820.956705
356.010943,70,821.051125
297.020222,67,821.140506
402.783868,79,821.247263
372.339819,82,824.570631
259.877333,55,824.66264
431.972235,85,824.807397
350.243466,68,824.927823
437.893375,86,825.080708
444.8247,89,825.24263
398.840375,77,825.374983
419.623995,84,825.519191
399.01535,77,825.661388
397.472415,79,825.800052
467.003468,105,825.9645
503.199907,96,826.093719
360.375091,70,826.188418
348.439598,69,826.277123
486.686177,101,826.408698
331.648542,74,826.503516
437.771258,84,826.645874
626.45515,130,826.864033
289.110183,67,826.982604
308.494549,61,827.077174
368.874304,72,827.196948
429.736135,82,827.331755
390.377575,91,827.484465
389.787498,74,827.605987
291.058095,55,827.696189
317.940539,70,831.253634
308.147367,60,831.361082
329.058216,65,831.46792
429.067118,94,831.625459
515.955371,104,831.790189
351.856259,71,831.89794
352.05147,69,831.989306
423.735623,82,832.097854
471.132683,94,832.218317
328.369691,63,832.299297
368.692622,87,832.410878
372.034039,87,832.523303
317.846767,75,832.61694
406.275654,87,832.727381
411.089809,86,832.841554
285.355251,56,832.914335
404.624599,79,833.035771
646.634089,129,833.243778
383.846612,75,833.3741
519.324512,112,833.568459
302.278657,59,833.670729
301.471457,62,833.778529
466.617134,98,833.946128
343.50382,67,834.059057
332.507839,71,834.174717
380.670624,84,834.316942
380.825922,77,837.335567
296.199096,59,837.454075
355.210017,70,837.604893
453.443542,87,837.789644
311.154405,62,837.896808
491.604321,109,838.077193
321.771644,64,838.181481
409.398766,82,838.319362
299.716338,59,838.421874
558.282643,121,838.619772
377.55343,71,838.731944
352.030129,77,838.858084
529.06922,107,839.028012
331.849078,65,839.133035
412.536315,86,839.269094
361.526629,72,839.384953
507.063263,103,839.552655
292.283542,59,839.647359
319.289864,60,839.741835
379.171467,81,839.878091
415.932932,79,840.01306
342.65125,76,840.147265
410.626883,79,840.290136
375.602129,71,840.414776
314.156214,69,840.531398
312.012875,63,840.622458
360.671795,70,843.721247
327.665884,75,843.813241
582.529009,112,843.97913
481.736995,96,844.113382
396.923976,75,844.209614
484.857171,94,844.35113
454.220044,88,844.464302
396.189637,75,844.559988
490.797475,109,844.712833
445.342989,89,844.843797
465.718281,89,844.959851
342.359337,78,845.064596
361.487818,68,845.157125
433.133894,84,845.270685
353.118337,77,845.395455
238.138986,48,845.475878
375.707315,79,845.608816
420.549988,82,845.757864
366.840507,69,845.879475
408.197545,79,846.026199
646.23039,148,846.304717
722.382864,145,846.576157
367.48936,71,846.709607
413.843156,79,846.851562
450.484717,104,849.916023
263.66956,54,849.983896
351.247045,71,850.071406
412.051998,79,850.179199
331.470157,64,850.273543
395.240541,78,850.410833
606.418366,121,850.631805
488.213298,95,850.797853
558.802806,127,851.015354
363.972846,69,851.137643
311.783457,61,851.245661
325.140354,65,851.356267
409.551209,81,851.501688
325.619657,64,851.612283
387.278911,76,851.74444
392.698496,79,851.884167
404.620415,86,852.0326
419.247771,93,852.190009
320.173257,63,852.298473
307.681346,61,852.403916
408.133615,77,852.537738
373.185783,75,852.633367
427.396648,83,852.738504
286.440432,61,852.814066
370.075455,69,852.900528
283.593021,61,852.976868
452.290074,84,856.22933
527.250533,108,856.394188
339.457647,70,856.489315
341.01229,72,856.605163
398.686626,83,856.738894
411.905677,90,856.890297
322.109027,62,856.996994
419.874554,80,857.131951
309.62074,60,857.229272
356.251007,74,857.356763
464.079107,90,857.511424
658.685437,138,857.753103
352.093634,72,857.877545
316.561968,61,857.980751
384.055968,75,858.110275
397.716926,74,858.236384
294.592702,59,858.338131
362.8368,77,858.471766
464.594529,99,858.644358
421.841284,84,858.790139
310.600776,62,858.894566
339.009253,69,859.014665
325.248848,65,859.119647
325.68942,63,859.226032
557.086206,118,859.409671
422.91127,82,859.54428
474.762066,104,863.136973
356.945015,76,863.261698
294.343249,60,863.365609
455.468333,89,863.524863
487.851423,93,863.693326
435.197032,89,863.845772
496.430527,97,864.021541
510.661045,107,864.203649
466.218478,108,864.380916
340.581978,65,864.479716
649.366616,126,864.678274
414.739818,83,864.801868
450.302376,87,864.952703
485.076043,90,865.107606
428.373035,89,865.263124
359.999133,68,865.384103
469.805942,104,865.547242
330.983221,70,865.672682
318.850093,64,865.77928
280.403183,57,865.880585
414.028021,81,866.009463
404.350826,80,866.118278
366.581878,71,866.211672
414.055647,78,866.319675
331.759521,65,869.868691
361.009704,69,869.997849
341.149309,68,870.109776
318.247985,72,870.22614
574.482724,116,870.425847
342.140301,66,870.515627
494.262381,96,870.641921
415.701857,93,870.75753
392.236325,75,870.855724
316.515113,66,870.973171
337.836973,70,871.093245
324.398741,63,871.195153
229.468589,46,871.271047
479.992499,105,871.45342
346.314274,70,871.573874
413.592764,83,871.716337
400.07378,82,871.86517
284.844219,55,871.957601
257.808179,60,872.057964
455.679823,90,872.214727
308.014297,67,872.324275
409.810319,80,872.428267
243.639912,52,872.494419
314.640178,60,872.577635
425.895238,91,872.709314
465.774504,95,872.839396
314.912576,62,872.922088
458.466428,93,876.084427
651.011306,125,876.315676
529.471656,102,876.497931
418.180874,80,876.635377
493.387323,107,876.828268
303.32089,60,876.934803
421.120721,89,877.089568
283.348961,59,877.191767
466.353933,97,877.363707
319.068325,67,877.481255
351.979974,72,877.607923
426.287042,96,877.782649
495.086332,102,877.971898
411.689898,89,878.125878
404.42043,93,878.28448
378.887599,78,878.413792
441.759551,107,878.592924
305.262063,62,878.699658
313.119744,61,878.807009
382.651341,76,878.927884
410.248971,81,879.057858
410.77928,90,879.197377
665.801999,136,879.409173
567.987193,129,882.619627
464.005899,91,882.745782
512.510579,106,882.885984
417.417377,87,882.998454
360.949626,84,883.109479
295.840963,60,883.189295
408.245842,86,883.305686
439.196968,101,883.439764
498.172763,108,883.578309
327.887396,67,883.668832
334.349564,67,883.756969
481.122416,92,883.874696
325.346055,66,883.965535
418.37498,81,884.108425
469.415119,94,884.26433
257.260032,56,884.359107
341.817655,79,884.490546
510.66239,115,884.688321
432.59908,87,884.835174
372.382283,76,884.967346
399.669181,77,885.107493
389.602626,73,885.233061
392.750112,76,885.363932
364.59641,70,885.495267
322.698614,62,885.572533
527.846145,113,888.305644
369.352828,72,888.394508
378.344572,74,888.485798
302.759835,60,888.560004
462.859553,89,888.675247
378.990194,74,888.770079
356.274528,70,888.859892
384.022319,79,888.960124
393.534833,83,889.068797
265.815598,63,889.159202
445.123728,88,889.294505
415.450317,94,889.438356
385.363198,76,889.552798
442.869846,85,889.66617
319.880657,67,889.745547
494.587505,99,889.864257
363.338389,70,889.956286
353.365563,84,890.073515
425.576866,90,890.192383
412.868676,80,890.298262
356.973349,69,890.388896
293.080316,61,890.470249
404.931627,82,890.584308
328.892833,75,890.714893
306.748141,65,890.821055
322.150417,71,890.9378
288.504323,64,891.051567
378.685685,72,894.315066
352.486139,70,894.431201
399.083596,85,894.570212
282.458631,58,894.660763
389.14454,76,894.785169
380.00987,75,894.913908
390.031533,78,895.045942
329.17125,74,895.173749
370.110857,74,895.295333
378.545135,73,895.410516
309.463162,69,895.52372
456.863348,89,895.677865
430.623935,84,895.827243
375.359204,77,895.956314
258.963395,60,896.06242
410.823675,79,896.209148
412.974099,80,896.358835
400.581947,81,896.508266
389.147907,74,896.641233
476.259572,95,896.806593
497.585166,96,896.979256
419.462396,83,897.130025
406.302202,77,897.270398
479.856367,101,897.458908
359.899692,72,897.591127
397.186068,77,897.735636
371.317902,73,900.968944
476.779883,99,901.093667
436.304349,86,901.201399
315.123064,64,901.283146
465.213516,94,901.397725
426.516761,83,901.501494
443.643216,91,901.615246
358.428387,70,901.711606
467.178413,94,901.833915
280.025686,55,901.902843
352.424405,71,901.995732
317.56568,68,902.083492
438.227713,86,902.195157
393.853273,78,902.29855
478.217359,98,902.455574
400.135861,76,902.597444
453.267495,87,902.743936
387.924531,84,902.877653
466.813661,90,903.053154
427.574492,94,903.242564
310.962502,59,903.360041
351.856064,81,903.510263
389.832715,72,903.634054
602.242421,130,903.869998
303.959802,63,903.975387
365.91457,68,906.708966
366.681364,71,906.79651
343.865119,66,906.883139
383.114051,77,906.979297
365.241099,76,907.075802
423.818493,84,907.185663
441.059866,87,907.298589
341.693202,77,907.395132
521.103846,107,907.534219
458.270294,96,907.658341
240.15426,53,907.724092
327.979866,65,907.806934
407.761389,82,907.913419
417.061172,90,908.027085
596.351553,119,908.181351
347.583892,69,908.27657
399.375159,84,908.388154
464.349766,94,908.515934
374.72663,87,908.633137
404.603917,80,908.763017
344.60246,67,908.883195
455.852364,88,909.03358
486.884361,108,909.214702
403.146071,81,909.349411
389.679069,82,909.480814
361.341725,71,913.095466
349.554351,67,913.230104
320.466373,62,913.359973
388.093871,83,913.524204
458.575812,95,913.721709
331.715134,66,913.855573
313.554344,62,913.979553
307.814434,64,914.089983
376.534865,78,914.230499
319.865881,64,914.340824
355.933598,70,914.462629
373.144812,72,914.588004
422.985121,85,914.733217
503.204882,104,914.903772
272.546114,52,914.988155
300.221618,58,915.083687
342.788718,69,915.199512
395.685059,77,915.331233
394.900689,79,915.462421
347.482283,72,915.588069
354.138376,71,915.707792
378.657509,73,915.830698
420.729714,82,915.962532
556.269713,110,916.130853
318.847877,62,916.227788
422.159412,97,916.382752
372.40914,70,916.498851
484.740113,101,919.717725
410.644089,77,919.834886
410.616049,82,919.957299
366.229449,75,920.071135
400.034201,78,920.185565
426.731511,84,920.309095
323.332583,65,920.406712
354.985447,83,920.532734
326.559421,63,920.626573
311.723475,63,920.722903
323.648838,70,920.835062
341.981534,73,920.953272
428.356755,79,921.078819
338.118714,68,921.186388
389.166882,73,921.302121
349.599807,74,921.397947
339.236139,67,921.485676
348.750964,71,921.577729
326.5685,64,921.659276
377.489289,73,921.754914
490.273353,97,921.885833
322.26968,65,921.976681
486.152291,106,922.140593
380.641423,84,922.294075
766.273037,157,922.580806
453.76007,87,922.72332
710.596072,143,925.761195
501.286374,98,925.889289
338.326691,78,925.987862
303.728512,63,926.065262
535.051231,110,926.208623
519.599272,102,926.336868
595.28556,115,926.482506
335.126325,64,926.565145
331.464202,69,926.651348
312.676756,62,926.733419
380.75387,75,926.827993
328.83172,65,926.906548
486.396974,98,927.067093
427.171158,87,927.206027
408.020289,79,927.339934
308.943642,62,927.433698
450.151055,86,927.568981
383.244614,85,927.712838
459.322921,99,927.872505
470.888737,91,928.025533
363.155253,70,928.145056
408.460242,86,928.293985
287.434108,61,928.394859
351.834237,71,928.515861
304.791411,70,931.680885
487.283196,99,931.800788
521.16561,98,931.919123
316.348526,64,931.999001
444.906342,88,932.108142
321.556974,62,932.182573
325.427027,69,932.266494
333.63228,72,932.355925
365.238289,72,932.443659
531.173649,107,932.576763
284.017528,57,932.644655
417.195173,89,932.754008
300.766031,63,932.829553
388.56011,79,932.926691
348.721498,75,933.017813
529.922844,104,933.144984
383.977529,75,933.232242
377.806787,73,933.324086
321.472727,72,933.410196
454.219816,89,933.522933
463.217634,100,933.644043
344.720508,76,933.733391
339.599019,67,933.815251
308.478241,63,933.913981
351.141056,69,934.02178
448.058838,87,934.163597
381.990617,73,937.193641
461.636372,87,937.312118
359.621206,71,937.404928
333.522905,65,937.483911
397.7837,77,937.58133
367.98295,71,937.673912
496.497227,99,937.803662
485.141326,102,937.937081
390.213981,78,938.035227
337.85021,70,938.121991
457.17509,91,938.263912
420.666072,83,938.372185
314.371336,73,938.464694
635.804175,134,938.650675
537.611872,119,938.83866
338.152223,67,938.942678
381.885247,87,939.050382
270.449533,56,939.121251
389.174015,74,939.216193
369.112387,70,939.303791
267.829352,54,939.369823
434.564606,85,939.476881
492.449193,95,939.597026
307.909822,63,939.67312
378.643469,73,939.766109
327.588082,66,939.846731
330.737494,69,942.815833
497.261518,105,943.01778
452.785716,98,943.199424
648.714848,133,943.373536
434.195048,89,943.484308
325.355267,75,943.577705
351.541854,68,943.663948
312.597714,74,943.756561
384.363618,75,943.85524
372.194881,74,943.950528
377.373489,82,944.053032
404.189906,78,944.154715
429.970051,82,944.259225
445.650738,98,944.385721
606.103673,135,944.553579
419.540081,83,944.677343
318.650041,73,944.795259
272.785361,62,944.89201
378.137163,76,945.014412
437.487156,88,945.156091
350.552685,67,945.264155
331.532199,66,945.368249
501.379826,112,945.541806
346.722834,68,945.647381
304.84467,68,948.637451
489.76893,111,948.78825
499.139263,95,948.922853
364.764681,71,949.019441
339.416765,69,949.114297
446.902064,103,949.254712
567.658097,116,949.398287
393.181016,77,949.491507
385.954347,74,949.582047
384.752239,72,949.672092
440.091962,91,949.786109
315.199665,63,949.86313
363.681886,84,949.966524
431.107268,95,950.083707
301.024582,59,950.154893
356.618206,71,950.239699
457.103823,107,950.382632
476.629126,96,950.507203
391.197405,77,950.605616
250.598116,59,950.682
506.940999,97,950.807347
591.366433,133,950.986807
432.867373,83,951.093426
329.378863,64,951.172069
628.28391,128,954.46674
322.866063,73,954.593288
326.327447,66,954.706038
339.239516,77,954.831839
391.040872,82,954.971054
459.496522,87,955.114598
368.759127,71,955.221948
316.618903,64,955.319012
343.862582,68,955.419567
404.789523,92,955.552715
527.497718,126,955.706292
234.167753,52,955.769337
336.655399,67,955.851442
361.90641,68,955.934982
363.006895,75,956.02558
566.180094,127,956.186154
443.857124,84,956.289054
336.820709,74,956.377539
357.076778,71,956.466507
384.899096,84,956.568148
631.802314,130,956.731761
472.551212,111,956.870643
517.5982,112,957.007655
456.254519,88,957.116309
451.200295,87,960.302249
483.081074,97,960.497396
541.247634,111,960.711295
451.819403,87,960.857794
519.404689,100,961.016192
346.430313,70,961.122091
436.068556,85,961.249348
409.26806,75,961.366276
347.372675,74,961.478337
380.804861,77,961.598609
419.161227,91,961.745615
292.251325,61,961.844042
389.954219,75,961.972858
259.336031,54,962.059552
398.603571,76,962.185992
422.060598,83,962.321894
368.454824,72,962.445152
370.393428,72,962.565487
540.012745,104,962.74606
527.951911,107,962.931118
371.591914,74,963.048957
226.974606,52,963.133994
447.937336,87,963.284132
415.416959,80,963.45154
392.408776,79,963.612483
509.803867,99,967.057169
346.589208,68,967.19356
419.527581,83,967.359329
296.453262,59,967.457163
504.565728,104,967.634373
444.352373,89,967.782852
518.816649,100,967.948944
253.267749,54,968.03647
365.859584,73,968.158467
374.558272,81,968.297246
451.656941,92,968.445849
417.22346,80,968.579028
471.810065,91,968.737894
422.889565,80,968.875518
348.283266,69,968.990945
450.676921,98,969.159844
322.737348,71,969.286095
402.870239,89,969.449183
385.373809,80,969.58915
477.464965,89,969.749078
553.37377,111,969.936286
489.812687,100,970.109506
316.472314,64,970.233522
619.959366,122,970.476973
251.830765,51,970.577044
414.254725,90,973.46792
444.204829,101,973.595918
409.459304,86,973.70065
478.864278,98,973.822781
366.025411,70,973.908967
422.226754,86,974.016076
364.472244,71,974.105651
346.149777,71,974.190956
423.421801,93,974.30319
315.625303,67,974.383809
343.57581,79,974.488107
397.545542,77,974.587668
351.140168,75,974.680763
462.941455,89,974.787599
585.270822,123,974.943325
464.553913,95,975.066372
252.025585,55,975.156986
686.860481,138,975.400841
442.911673,86,975.546942
408.414216,92,975.708493
333.254649,65,975.826975
612.105776,130,976.07306
317.929149,64,976.189845
518.689482,105,979.16399
453.476678,97,979.292962
339.352183,65,979.379439
388.686942,75,979.475227
383.023098,73,979.571661
359.448798,70,979.665694
433.174227,89,979.777041
324.089949,63,979.858631
307.72639,68,979.945117
346.481617,68,980.026078
613.273635,123,980.176617
370.889562,73,980.269376
395.558691,79,980.36782
200.462486,43,980.419124
379.405869,88,980.524618
413.407082,84,980.627799
416.202641,84,980.73516
217.205459,49,980.794124
358.759632,72,980.887194
432.468189,88,980.999215
459.851887,108,981.136461
360.145611,68,981.222966
485.849394,93,981.342079
311.926732,62,981.423598
471.971496,103,981.555423
352.690216,70,981.646214
459.651004,98,984.713474
476.84636,94,984.874373
334.003657,68,984.987913
720.432772,150,985.245757
371.409385,72,985.357948
323.847489,64,985.440082
352.760261,78,985.540456
329.441256,67,985.628321
428.934681,83,985.738086
318.672906,64,985.821036
578.895976,120,985.978848
456.842517,93,986.097821
380.257308,81,986.200349
328.177265,64,986.281328
331.28461,64,986.359919
397.632772,85,986.464848
328.591008,66,986.549361
328.155356,63,986.62656
459.510631,90,986.739927
671.036698,135,986.903442
308.010452,61,986.976409
345.291387,68,987.062708
364.00288,75,987.154917
435.734589,89,987.266068
358.188027,71,987.351966
373.303012,72,990.673354
347.933637,78,990.795125
394.89819,75,990.931927
370.154596,73,991.08016
468.607978,94,991.243059
352.05538,69,991.352629
439.730587,87,991.490617
449.121089,87,991.641257
353.182014,70,991.760733
292.498022,59,991.858738
447.399569,86,991.994018
310.894743,68,992.098119
428.513674,92,992.240833
415.768603,82,992.362682
621.41436,124,992.55207
448.141845,96,992.696356
425.99994,98,992.845731
318.459269,69,992.948259
486.761184,98,993.097029
744.772047,163,993.349808
461.349517,87,993.463237
306.567573,70,993.55367
503.792575,98,993.677907
523.862501,102,997.085293
466.294579,90,997.241545
375.446025,74,997.347877
348.117012,74,997.440063
543.218232,107,997.577093
511.890376,115,997.732866
359.378598,70,997.822353
418.163073,85,997.93753
294.549116,70,998.029598
357.274725,71,998.12495
366.958646,73,998.224664
442.216729,86,998.339365
321.54137,69,998.427139
405.855277,76,998.525374
345.142573,66,998.607167
546.393563,111,998.747524
493.878581,101,998.879682
441.573862,86,998.992641
332.885453,65,999.071286
430.866383,80,999.170444
455.506026,96,999.289118
326.12876,70,999.375338
499.937958,97,999.498998
492.607985,97,999.622521
295.716776,65,999.729196
329.944427,62,1003.036619
416.434181,80,1003.140068
434.38809,94,1003.255521
337.35547,76,1003.348527
537.089759,108,1003.485533
259.029744,62,1003.560121
402.631777,80,1003.663069
498.769992,110,1003.803719
360.726557,71,1003.894155
436.873335,103,1004.02673
367.068993,75,1004.120205
393.908499,75,1004.216125
339.233136,76,1004.316025
361.763962,71,1004.407161
386.979297,79,1004.54993
383.515741,76,1004.679234
416.118502,82,1004.818656
503.516521,99,1004.980333
391.788119,77,1005.095595
341.27867,70,1005.188459
390.005901,79,1005.28668
404.357251,77,1005.386884
355.82527,69,1005.474311
389.000033,75,1005.568669
336.741577,70,1005.660323
353.080607,67,1005.749975
364.77689,75,1009.177483
448.982355,86,1009.324848
355.134734,70,1009.437212
329.199694,62,1009.541461
750.240955,153,1009.796024
333.880158,74,1009.91687
370.42614,77,1010.051359
326.59863,62,1010.152957
481.319996,98,1010.315212
447.947483,87,1010.458064
326.898293,68,1010.567415
372.267501,74,1010.691807
355.822878,73,1010.815614
314.968858,63,1010.920559
443.30436,88,1011.05079
536.691403,104,1011.190806
439.517609,97,1011.31725
493.723455,99,1011.458651
306.758387,63,1011.564553
445.343083,96,1011.740283
347.823609,77,1011.897315
542.958184,109,1012.102924
423.218828,93,1012.271127
408.811063,82,1012.414135
508.690754,105,1015.950084
374.18009,76,1016.106104
531.563513,106,1016.325661
395.292557,76,1016.484023
354.156113,67,1016.627155
438.886349,87,1016.810522
325.607727,73,1016.946508
286.281402,62,1017.045438
460.833043,90,1017.187495
380.273278,85,1017.321008
404.324994,89,1017.465011
606.258923,118,1017.678243
378.997514,73,1017.822349
584.178658,115,1018.028222
423.490648,85,1018.171526
438.010713,84,1018.344479
299.486219,58,1018.440047
381.311639,82,1018.566989
362.913207,77,1018.692774
314.847781,66,1018.801555
390.056825,85,1018.942086
322.133552,77,1019.073154
366.200908,85,1019.235235
645.715888,134,1019.478204
433.899924,98,1023.058579
313.524577,66,1023.160871
619.929671,131,1023.391703
368.487797,81,1023.535189
564.339615,124,1023.751743
462.015343,94,1023.924566
456.116994,89,1024.086636
386.617083,85,1024.237445
287.562856,56,1024.332733
397.233744,77,1024.440262
391.359074,84,1024.552629
370.930985,82,1024.663037
412.985999,93,1024.786864
357.308026,81,1024.899891
573.945927,113,1025.100856
426.03437,87,1025.257614
322.957914,64,1025.344561
311.044278,72,1025.469919
391.873252,77,1025.613774
525.041082,102,1025.803807
367.755381,73,1025.93254
489.022994,98,1026.10149
424.31301,94,1026.244835
574.879718,112,1029.700177
392.757644,73,1029.820777
371.088839,74,1029.939927
786.44988,176,1030.226742
470.900775,91,1030.373449
401.786552,85,1030.48145
461.786589,96,1030.605081
451.095057,100,1030.748477
621.024484,123,1030.941059
445.821199,92,1031.068455
585.327171,110,1031.234769
326.996866,65,1031.346607
368.083678,72,1031.477845
365.706633,74,1031.606203
357.258109,80,1031.740407
403.203593,80,1031.875478
355.212381,80,1031.998672
439.741212,99,1032.165874
329.214062,72,1032.281366
383.323659,75,1032.401711
438.798582,86,1032.538416
452.644615,87,1032.679144
596.698942,124,1035.689065
305.244801,59,1035.770138
440.486417,89,1035.890352
417.37593,88,1036.006263
431.960215,89,1036.154858
286.639431,64,1036.263125
341.074669,67,1036.384593
457.765466,94,1036.558823
575.187318,111,1036.767982
396.784151,76,1036.910404
302.157293,69,1037.036384
338.650751,67,1037.160103
614.00674,131,1037.443137
300.028566,67,1037.584763
323.889392,74,1037.741689
369.856054,70,1037.894626
347.024777,76,1038.050641
457.998743,93,1038.225048
403.786338,77,1038.357586
259.004494,54,1038.449991
327.29353,66,1038.563693
413.69164,83,1038.708221
358.474341,81,1038.862614
531.6247,103,1039.078146
441.602587,84,1039.25265
475.820322,101,1042.870455
437.907047,88,1043.012173
437.737864,84,1043.153317
375.820962,74,1043.27385
415.220526,88,1043.415471
502.995988,106,1043.583189
533.006806,103,1043.744484
429.5458,84,1043.87085
333.899418,65,1043.969838
437.880392,87,1044.114135
350.406455,67,1044.227615
278.469074,65,1044.333705
452.157048,96,1044.490517
439.718236,86,1044.640954
338.868905,67,1044.756885
472.116047,93,1044.915146
453.625087,87,1045.064218
447.124544,91,1045.212969
462.618437,94,1045.370198
352.760429,80,1045.479611
318.461961,73,1045.580025
479.273294,92,1045.701054
531.898737,107,1045.838794
539.971165,116,1045.990718
382.889468,88,1049.221178
420.850187,91,1049.338816
427.101427,83,1049.440303
427.97919,82,1049.542413
449.676105,87,1049.650449
407.053663,78,1049.747046
367.08942,74,1049.84033
302.844517,59,1049.918071
261.03687,61,1049.99402
483.412101,93,1050.116752
465.607009,102,1050.251714
320.065444,70,1050.337608
377.766382,74,1050.434795
458.665916,90,1050.566674
449.730729,94,1050.733623
486.171882,92,1050.896543
357.528228,72,1051.022162
440.784396,87,1051.173409
395.550454,79,1051.312494
448.812186,98,1051.458483
569.148585,112,1051.613226
329.199164,68,1051.703629
441.474686,92,1051.832828
405.161349,78,1051.94283
372.103205,82,1052.057329
424.645062,85,1055.391225
421.967341,82,1055.559261
307.800358,70,1055.70911
680.209386,145,1056.011135
392.982321,87,1056.169494
452.852112,87,1056.282472
511.188736,97,1056.411445
405.857135,78,1056.510305
435.147235,98,1056.635076
379.117477,74,1056.747018
407.138327,77,1056.851386
562.907274,120,1057.010997
338.477072,66,1057.10074
326.188249,69,1057.191526
449.43166,87,1057.308751
485.57265,107,1057.450103
425.522448,89,1057.567404
436.768352,86,1057.681959
379.881037,80,1057.7873
544.645181,115,1057.940162
277.271222,55,1058.0134
265.414174,54,1058.085728
343.318472,66,1058.176504
419.955117,79,1058.283032
325.126634,73,1061.583149
417.72136,82,1061.729489
274.922036,58,1061.805876
394.646905,75,1061.902713
458.563445,89,1062.013386
509.522522,100,1062.143846
349.458334,68,1062.228806
582.543158,114,1062.370072
415.005126,81,1062.468142
447.665243,93,1062.582545
324.781813,72,1062.673057
418.775464,86,1062.783967
354.528717,74,1062.877335
597.621733,129,1063.041108
391.850449,74,1063.1418
401.42258,77,1063.275326
440.245505,100,1063.447239
463.463792,88,1063.599827
482.972003,97,1063.766422
282.11796,55,1063.860326
367.386873,71,1063.983075
314.625568,66,1064.099282
358.074286,69,1064.220349
555.615203,106,1064.405076
331.712916,73,1068.075322
371.630957,71,1068.219118
304.437037,65,1068.345184
475.619699,92,1068.526704
379.917104,76,1068.680609
611.041393,127,1068.93561
374.544254,72,1069.087654
301.526664,61,1069.191335
495.316912,98,1069.338675
390.615678,80,1069.469729
415.335843,84,1069.615955
287.567115,66,1069.728096
381.688279,78,1069.855604
338.68597,66,1069.967091
289.323995,59,1070.067133
438.419791,85,1070.208884
343.965581,78,1070.341371
465.863032,90,1070.492808
333.002469,66,1070.599403
376.622835,80,1070.72584
320.576669,64,1070.838462
445.577173,87,1071.001326
337.016436,64,1071.128469
380.693234,75,1071.276813
410.052444,83,1071.444713
492.493194,111,1071.681397
380.228115,85,1075.377627
448.69387,88,1075.540832
581.931217,111,1075.680105
433.106308,85,1075.789685
384.058128,74,1075.893344
372.099703,71,1075.987333
443.025801,92,1076.114922
391.752501,80,1076.223453
459.037482,87,1076.341912
413.365836,80,1076.464759
412.605421,84,1076.611366
552.465031,111,1076.813065
316.840394,64,1076.934633
355.603317,68,1077.072591
387.361664,84,1077.22541
289.305522,64,1077.356726
591.775454,118,1077.584252
575.545069,121,1077.828821
355.87867,67,1077.957593
366.934156,71,1078.096881
311.792797,60,1078.215419
535.582196,106,1078.436196
406.031828,78,1078.595826
360.981417,77,1078.751978
490.739107,106,1081.292657
497.188402,96,1081.4104
362.519298,75,1081.49864
659.536783,131,1081.665203
228.330096,52,1081.729636
383.906018,84,1081.839329
379.49844,73,1081.938605
493.296716,94,1082.067127
488.341467,91,1082.193991
342.210117,67,1082.286577
327.027089,67,1082.378809
351.349654,66,1082.4691
335.938735,67,1082.569312
484.838411,102,1082.731851
278.734677,59,1082.826919
352.708267,68,1082.934329
389.751066,76,1083.054694
472.618814,104,1083.219352
362.173187,74,1083.337742
503.065448,99,1083.496938
410.151357,86,1083.642444
581.222816,113,1083.828165
398.232428,77,1083.965618
359.688652,78,1084.117072
396.173872,80,1084.270885
439.285939,96,1088.157418
400.895459,77,1088.322467
366.033699,70,1088.443612
368.236803,73,1088.559751
460.694254,88,1088.70087
299.253254,64,1088.808151
423.561319,95,1088.962232
482.489458,107,1089.145021
303.399029,66,1089.253495
378.475118,73,1089.382574
638.557167,127,1089.633919
353.75608,69,1089.779024
576.274774,113,1090.013832
428.043958,85,1090.188818
430.174451,84,1090.350893
358.438624,74,1090.498167
443.147765,84,1090.663941
383.915457,73,1090.8042
441.909975,86,1090.968587
331.120356,66,1091.086839
353.936749,68,1091.202105
317.505092,68,1091.322865
437.594046,92,1091.470661
322.771434,72,1091.564547
375.776995,83,1091.675107
358.318939,69,1095.009754
266.542683,55,1095.105649
502.812941,99,1095.275153
423.579106,81,1095.408754
472.044609,102,1095.574924
289.169556,63,1095.697761
321.600247,62,1095.825687
466.454496,89,1096.006983
336.741638,67,1096.139292
446.445956,84,1096.301706
288.066025,60,1096.417084
402.235427,80,1096.568575
385.02046,74,1096.720631
424.339657,83,1096.873822
403.226532,85,1097.041907
344.739513,69,1097.177227
404.035677,90,1097.346912
411.181931,88,1097.49743
380.898849,76,1097.621884
400.996442,76,1097.729935
498.862219,97,1097.851456
384.265509,84,1097.956511
412.411226,79,1098.058293
528.297411,106,1098.192519
512.16125,102,1098.321602
514.737473,112,1100.977847
385.359538,78,1101.114532
297.045319,66,1101.228743
323.693795,75,1101.359347
400.868482,88,1101.524121
409.236533,79,1101.661883
278.664819,63,1101.771383
528.61824,106,1101.963736
345.353043,68,1102.08536
368.711019,76,1102.217601
354.35487,72,1102.345805
373.315544,73,1102.485705
461.356167,90,1102.667614
319.412947,62,1102.7922
302.810119,66,1102.931185
358.664505,67,1103.075924
377.70292,85,1103.246171
456.254028,89,1103.427878
469.350361,92,1103.620251
375.387894,82,1103.783569
446.556885,91,1103.951749
517.010024,111,1104.160884
356.274973,73,1104.258766
356.797675,71,1104.36847
499.847677,109,1104.543222
402.730109,78,1107.187281
516.020701,103,1107.403437
415.348794,83,1107.580413
369.808376,72,1107.739292
332.962118,65,1107.878805
436.132616,91,1108.048368
449.701734,85,1108.18934
437.227822,81,1108.32369
239.563613,55,1108.421121
406.104395,79,1108.578226
422.142126,81,1108.742984
501.161918,97,1108.944015
308.431777,61,1109.057629
380.687351,74,1109.202165
653.855351,132,1109.437862
446.859948,90,1109.591132
495.942853,93,1109.759044
375.586163,72,1109.884433
300.395267,64,1109.992598
470.232366,91,1110.134551
393.39751,73,1110.258668
376.756187,85,1110.399516
400.310478,77,1110.524263
345.38787,67,1110.635731
500.676704,95,1110.793152
450.418344,87,1114.269546
522.689493,98,1114.440548
383.701947,74,1114.570997
307.949572,67,1114.685358
332.588266,63,1114.797943
412.799865,76,1114.932559
396.063248,79,1115.093825
517.49472,101,1115.295412
280.33137,64,1115.418813
539.301505,108,1115.625697
403.32162,91,1115.796919
571.517163,120,1116.05208
345.038678,74,1116.185285
433.882278,83,1116.324941
321.504632,71,1116.448362
388.812008,77,1116.583348
492.884336,107,1116.772361
514.95373,102,1116.940504
348.45867,69,1117.048424
365.345342,70,1117.167232
475.826407,92,1117.306709
462.168683,93,1117.426854
373.094427,71,1117.519135
392.277956,77,1117.619332
403.254322,77,1117.720951
422.66719,85,1121.162381
525.567162,116,1121.399084
302.875984,62,1121.518193
394.284906,76,1121.671926
387.137729,75,1121.820121
724.098069,154,1122.136545
491.724957,93,1122.328613
408.870503,87,1122.513852
413.47981,82,1122.684439
434.943653,85,1122.887287
406.878556,78,1123.07147
360.186342,71,1123.239725
506.426414,106,1123.482445
436.791987,84,1123.659027
334.501888,66,1123.796765
528.729847,103,1124.011038
483.382685,93,1124.205228
546.149869,108,1124.426107
349.702152,67,1124.560771
421.569727,81,1124.726625
336.435979,67,1124.859212
465.848525,87,1125.038532
339.343671,65,1125.168784
331.359696,65,1125.298597
542.706738,106,1128.941753
333.335736,64,1129.070836
414.112569,78,1129.236538
391.585347,76,1129.367651
425.27655,92,1129.501608
331.292918,73,1129.614318
552.818681,113,1129.762631
319.562479,62,1129.838575
337.826158,70,1129.928866
540.549793,104,1130.061621
351.965023,70,1130.150977
520.625997,101,1130.280383
373.297495,72,1130.369573
568.884186,109,1130.505299
433.84243,89,1130.611583
307.059944,66,1130.689525
380.850811,75,1130.781475
323.652975,63,1130.85744
397.451202,76,1130.950516
300.269136,68,1131.035138
403.075608,78,1131.132601
377.253348,78,1131.231026
533.97584,105,1131.363081
356.81443,68,1131.448665
438.054137,91,1131.558148
325.360756,61,1134.538798
323.624871,73,1134.677631
400.30736,93,1134.854236
374.002431,71,1134.975303
353.857907,71,1135.090792
418.020578,81,1135.228012
413.171675,82,1135.373392
406.377227,82,1135.523184
462.04132,89,1135.669667
421.196302,86,1135.798734
382.970213,75,1135.921791
406.770375,83,1136.050782
487.288679,96,1136.206933
444.080943,98,1136.366902
502.207684,97,1136.525691
367.971038,70,1136.636516
490.08914,99,1136.785849
588.083632,125,1136.977038
370.376829,70,1137.080716
351.573091,66,1137.180474
607.032722,131,1137.372635
524.904357,109,1137.507306
533.619761,107,1137.645694
499.354905,108,1141.132693
452.060973,89,1141.295522
302.319897,59,1141.400347
351.097253,70,1141.490802
376.522781,81,1141.598539
427.107358,86,1141.71577
370.661933,71,1141.815264
382.111158,73,1141.911717
449.548358,85,1142.024858
349.308504,76,1142.125471
412.038167,85,1142.242299
524.365342,111,1142.396957
356.470141,70,1142.488763
449.514001,94,1142.636883
361.085298,70,1142.738302
470.215011,92,1142.885849
447.663043,102,1143.041383
437.222229,85,1143.152764
415.061843,87,1143.284377
380.759778,74,1143.411093
430.338936,90,1143.561954
453.494915,86,1143.717415
353.625115,67,1143.849008
523.947762,103,1144.074377
386.741479,75,1144.227568
409.261169,77,1147.549001
417.390108,81,1147.69813
265.006938,56,1147.793534
500.183121,102,1147.975613
373.714167,82,1148.11361
392.652308,79,1148.253985
394.71479,79,1148.391715
443.527993,85,1148.544589
375.021718,84,1148.690262
619.355379,131,1148.929692
500.998129,109,1149.082203
387.376692,77,1149.18522
383.691629,73,1149.284661
424.192019,81,1149.391155
385.759605,77,1149.492241
393.795071,76,1149.594054
444.958038,102,1149.734501
305.387287,58,1149.837472
295.933998,63,1149.946921
397.59155,80,1150.075806
631.931745,125,1150.281153
458.352742,88,1150.413641
379.866145,74,1150.529481
376.396862,85,1150.652272
426.419777,81,1153.678183
283.840206,62,1153.783833
322.025268,62,1153.864381
394.53489,75,1153.966483
388.078476,73,1154.064064
348.637072,77,1154.167529
639.492616,126,1154.331092
501.580771,116,1154.484206
326.77675,72,1154.578352
514.075843,98,1154.709867
346.474775,75,1154.813975
499.130643,102,1154.967387
367.939647,81,1155.090637
442.400317,88,1155.234965
473.888799,90,1155.375342
415.902426,81,1155.50194
486.570952,100,1155.629389
314.340279,61,1155.709297
403.754139,79,1155.821767
483.817453,92,1155.940585
334.21018,75,1156.036147
432.714965,90,1156.155527
436.817403,90,1156.269983
422.318722,81,1156.373199
467.325934,101,1159.85904
362.718363,72,1159.95015
385.723659,82,1160.053611
372.960683,86,1160.158808
580.243095,125,1160.319791
389.869621,77,1160.41404
500.298708,95,1160.535961
433.283854,84,1160.665855
413.035044,79,1160.790534
445.159935,84,1160.925333
411.054483,82,1161.066988
402.199023,77,1161.189736
435.306915,82,1161.326641
477.064003,91,1161.478004
366.154772,74,1161.603428
369.025258,70,1161.722861
368.991382,72,1161.847754
366.848645,72,1161.972222
341.771458,67,1162.085421
450.013295,87,1162.228153
453.806461,85,1162.370542
398.769843,77,1162.499407
415.806086,85,1162.641927
509.439602,99,1162.816603
476.616552,92,1162.941292
436.419654,88,1165.876879
397.647814,81,1165.983341
340.648078,77,1166.082547
645.524962,128,1166.256866
354.351091,69,1166.361701
505.628352,98,1166.508987
402.540789,90,1166.64436
333.934609,64,1166.739679
432.560149,85,1166.872122
431.271104,93,1167.016334
443.206462,88,1167.149396
431.287427,87,1167.274806
574.626311,113,1167.454528
515.931409,110,1167.620775
418.028032,78,1167.740896
382.96126,74,1167.854954
351.839669,66,1167.972405
428.833211,82,1168.108566
474.179338,93,1168.257422
454.501422,86,1168.391689
325.626534,61,1168.492562
412.97024,81,1168.633448
377.19926,76,1168.760228
440.172726,96,1171.919002
642.461757,137,1172.093603
533.007492,103,1172.229301
336.903123,77,1172.327587
516.527754,102,1172.459374
405.980575,90,1172.577655
613.936418,119,1172.724097
338.441128,65,1172.803972
417.99649,80,1172.90453
302.547347,62,1172.982698
339.022305,65,1173.061992
565.094272,112,1173.198653
410.290177,81,1173.297955
335.607294,69,1173.381789
518.030528,102,1173.506157
542.88683,113,1173.651003
481.738809,104,1173.781527
309.050674,70,1173.872069
351.953352,72,1173.962326
329.597471,66,1174.052064
442.10419,100,1174.209906
512.428589,102,1174.376776
288.193861,58,1174.473587
353.770046,72,1174.59502
456.206112,86,1177.916447
310.189998,73,1178.067501
504.254492,104,1178.292615
337.199048,65,1178.434218
672.632925,134,1178.709583
312.08602,64,1178.789535
407.954303,84,1178.89611
337.86192,64,1178.976135
375.93712,77,1179.0719
393.158253,89,1179.18473
377.127515,73,1179.274073
471.160687,100,1179.397012
454.385314,99,1179.517939
414.172833,80,1179.616481
514.809262,98,1179.734907
389.484476,89,1179.84445
260.629604,60,1179.936169
515.104324,107,1180.107054
335.835673,71,1180.220407
439.277071,84,1180.360598
355.436224,70,1180.472448
390.613536,77,1180.596825
294.849777,58,1180.691927
306.751847,63,1180.796896
419.175255,83,1180.940641
229.785598,49,1184.0148
375.854797,87,1184.124996
290.3283,60,1184.200635
433.384087,88,1184.311614
506.18186,100,1184.445093
391.230507,89,1184.559743
428.366105,82,1184.665421
391.756766,75,1184.763339
407.144144,87,1184.872185
459.428169,103,1185.005849
587.145176,117,1185.153889
465.171817,90,1185.271598
415.543007,82,1185.378245
391.87826,90,1185.488507
429.504669,81,1185.588703
429.084974,83,1185.691747
409.478275,79,1185.791389
570.69692,122,1185.946229
383.99155,79,1186.04663
337.37827,66,1186.128198
413.832554,80,1186.232084
644.869831,129,1186.399518
400.095766,76,1186.495211
500.477278,103,1189.647086
317.496665,63,1189.759353
405.375666,87,1189.906633
500.934631,96,1190.081057
343.354789,66,1190.199883
311.232107,61,1190.317724
460.755427,89,1190.471111
493.717332,103,1190.601467
398.464831,76,1190.700303
325.755242,62,1190.778646
337.365084,72,1190.884179
415.769761,79,1190.985892
314.517441,66,1191.070876
561.200935,110,1191.217928
553.492184,118,1191.368644
408.703182,77,1191.467055
298.131033,65,1191.549419
460.574727,86,1191.658282
489.506861,108,1191.7991
716.426644,143,1191.977804
540.891696,106,1192.115908
393.297532,78,1192.216661
346.779611,65,1192.298822
343.321741,68,1192.381284
228.012565,47,1192.437007
520.515813,104,1195.897379
546.736688,113,1196.107294
521.944978,103,1196.283596
344.603615,66,1196.397074
463.58525,91,1196.551493
451.119856,87,1196.685442
347.165775,76,1196.781472
431.157536,82,1196.923009
293.594423,66,1197.03448
449.35205,84,1197.141997
379.31217,71,1197.231415
384.976086,74,1197.326131
276.332952,67,1197.409088
442.616487,84,1197.517941
448.148882,93,1197.634403
419.521627,80,1197.751748
414.130931,81,1197.876124
371.300217,70,1197.982895
330.335109,72,1198.095206
317.753904,70,1198.204132
363.503439,74,1198.31474
434.770318,84,1198.441512
441.670394,85,1198.571577
369.015674,70,1198.690722
362.333988,71,1198.799409
365.749099,73,1202.218378
393.20531,85,1202.364158
187.260798,40,1202.427608
391.54911,76,1202.553005
455.844211,87,1202.698868
404.918674,92,1202.856434
467.414048,89,1202.974422
349.018188,66,1203.061656
343.191568,77,1203.160643
345.395264,74,1203.259599
417.529824,92,1203.376403
354.079636,69,1203.464584
333.221318,65,1203.547444
486.533559,107,1203.680332
419.017858,84,1203.790063
444.113857,85,1203.901185
435.906639,83,1204.008045
324.413164,69,1204.094964
440.431147,89,1204.206089
346.411665,69,1204.293014
447.517489,85,1204.399063
381.20346,73,1204.49385
449.800816,88,1204.60503
359.523148,69,1204.713154
449.448952,91,1204.854806
400.283506,78,1204.97608
526.711628,97,1208.222405
268.228468,60,1208.325523
486.338259,92,1208.485944
530.04752,107,1208.666518
371.42974,76,1208.790513
544.736266,116,1208.984723
310.951551,64,1209.087537
353.874209,68,1209.201475
418.489569,88,1209.351359
294.752409,56,1209.446105
562.131446,108,1209.621896
328.982601,64,1209.729224
383.48772,74,1209.851171
365.719475,72,1209.971509
386.397068,75,1210.097925
406.695493,81,1210.23076
293.067025,59,1210.328113
396.649268,76,1210.446148
337.808779,64,1210.54074
376.302984,73,1210.650196
385.330224,77,1210.767448
487.346152,94,1210.917773
345.864632,77,1211.042271
461.895836,86,1211.185291
330.937716,74,1211.309682
603.244797,115,1214.193198
429.11652,86,1214.346482
446.216662,99,1214.494869
579.488222,119,1214.672718
482.655714,96,1214.81769
401.074352,90,1214.951243
425.16621,83,1215.075909
629.928722,126,1215.271098
517.752741,112,1215.437111
366.301843,73,1215.550339
526.535609,113,1215.719082
446.253608,83,1215.844742
445.126727,87,1215.981352
399.310374,77,1216.110436
435.190699,95,1216.264062
504.070659,97,1216.413143
373.613518,70,1216.525683
393.733941,76,1216.659692
351.94038,67,1216.777771
390.005189,74,1216.890118
401.282839,79,1217.030155
494.649318,96,1217.21043
340.613985,65,1217.33752
585.935672,121,1220.868156
507.823211,106,1221.050841
481.441721,104,1221.214409
510.660071,94,1221.364681
393.699074,86,1221.492658
421.995358,82,1221.616749
382.606967,87,1221.750023
451.781688,89,1221.883671
394.239712,73,1221.987867
281.552724,65,1222.076402
451.539356,90,1222.195345
527.833003,100,1222.33463
447.149866,85,1222.449358
397.894343,74,1222.54853
363.700226,74,1222.646989
441.026314,85,1222.761357
662.988706,131,1222.969516
430.292101,82,1223.110683
414.686187,80,1223.243428
568.127559,118,1223.448471
562.554834,118,1223.678473
362.414129,79,1223.831919
336.370957,65,1223.962763
399.885678,77,1227.045861
401.911453,85,1227.15073
443.334171,91,1227.266399
363.804271,70,1227.352177
591.28985,114,1227.494767
505.247407,101,1227.644478
449.484758,95,1227.787738
563.152214,110,1227.958193
512.411447,102,1228.112744
347.976887,67,1228.219043
397.87179,78,1228.34689
365.654774,80,1228.473896
483.360695,103,1228.641648
428.385278,81,1228.787635
403.77052,76,1228.927181
440.486871,87,1229.090107
366.125617,71,1229.22227
443.875441,89,1229.392907
459.112175,88,1229.554268
422.605334,94,1229.741523
510.576559,102,1229.944909
464.042598,91,1230.111612
424.947221,85,1230.270247
508.802543,99,1233.816379
326.303244,63,1233.94756
466.640758,91,1234.126081
569.914336,112,1234.345714
385.133784,74,1234.46103
332.562537,78,1234.582598
475.918267,92,1234.730712
519.666795,104,1234.898112
498.454292,98,1235.057826
463.086815,94,1235.218356
507.057865,97,1235.384758
417.463574,90,1235.534126
456.747617,97,1235.696001
320.030629,62,1235.802916
350.329088,72,1235.924942
531.82769,101,1236.122792
688.863082,146,1236.402108
382.575727,83,1236.565407
400.003169,92,1236.741942
358.525525,71,1236.877044
452.198243,87,1237.047599
524.821478,102,1237.248699
470.193071,92,1237.421371
328.037427,62,1240.973087
299.428168,68,1241.07761
466.409035,96,1241.223454
381.589647,77,1241.346887
414.426792,81,1241.48665
459.759538,88,1241.638881
370.153647,70,1241.763771
328.427142,62,1241.871027
470.895593,100,1242.053092
446.18891,87,1242.200157
489.32919,94,1242.359964
399.195927,77,1242.498952
362.473422,70,1242.620369
448.86465,90,1242.805545
375.884519,80,1242.968054
335.710694,66,1243.093629
418.922552,83,1243.261405
376.341625,80,1243.432099
309.363565,65,1243.573458
345.478395,66,1243.686555
410.20851,79,1243.81798
512.592402,98,1243.985347
517.380778,104,1244.163041
378.785342,73,1244.280854
487.886653,105,1244.454542
353.798717,69,1247.174209
399.096392,82,1247.309213
479.466239,92,1247.468148
416.356639,83,1247.611826
325.919389,62,1247.721209
291.521204,63,1247.828342
349.616381,69,1247.946419
379.064063,75,1248.074428
437.996887,85,1248.225268
221.984038,50,1248.311128
338.516429,77,1248.451916
454.860213,101,1248.639319
364.521274,72,1248.775988
392.161254,74,1248.915582
394.06686,85,1249.070389
378.576832,83,1249.222905
381.01103,75,1249.351907
552.054686,120,1249.548494
353.922164,68,1249.661207
390.456331,75,1249.780488
486.899708,107,1249.947655
372.174482,74,1250.074839
404.671095,88,1250.228923
419.795025,80,1250.360972
388.352561,76,1250.507412
362.887418,75,1250.658667
455.392355,94,1253.824918
380.297563,82,1253.963088
323.511922,71,1254.079733
459.809282,91,1254.230487
289.093981,60,1254.329027
505.315718,108,1254.515627
322.335008,62,1254.626202
357.056952,70,1254.75114
375.985949,71,1254.870629
432.978886,85,1255.024287
414.759423,90,1255.186527
455.011218,89,1255.345644
383.371342,75,1255.478045
485.814642,104,1255.640515
372.943574,72,1255.737976
366.571334,77,1255.839847
455.206165,93,1255.9721
448.881081,86,1256.108016
563.770369,108,1256.258234
538.836123,114,1256.411574
407.769944,85,1256.51927
451.513817,88,1256.631422
336.216565,72,1256.726314
455.830479,91,1256.843987
536.695869,100,1260.552116
291.726951,64,1260.658936
391.268775,77,1260.792569
417.316339,79,1260.926574
297.306216,57,1261.019724
367.840131,74,1261.144849
413.034305,78,1261.281371
359.360509,76,1261.405678
539.330589,104,1261.571926
396.477255,77,1261.689204
380.920688,75,1261.806957
464.064543,98,1261.968708
342.749232,67,1262.082238
499.366416,96,1262.248124
395.393647,81,1262.381657
483.404388,93,1262.535316
479.754316,104,1262.68261
422.417434,82,1262.795011
361.268677,72,1262.892227
375.460069,77,1262.993192
579.141266,116,1263.153007
583.410949,113,1263.304016
424.78623,83,1263.413329
445.910501,83,1263.516903
281.696421,62,1266.2336
423.129533,100,1266.399919
364.194793,72,1266.518153
552.44139,104,1266.704143
344.914328,68,1266.827111
428.112349,80,1266.971963
478.879613,104,1267.155517
466.864124,94,1267.312788
430.840496,84,1267.460582
351.060806,69,1267.588694
395.447074,76,1267.728024
385.098936,85,1267.869071
530.331169,105,1268.033697
327.369061,63,1268.134794
388.175971,74,1268.258236
576.420341,115,1268.438766
351.413594,76,1268.560457
541.973404,108,1268.744556
439.038743,100,1268.873816
355.6106,75,1268.992118
411.906463,77,1269.131064
354.334922,76,1269.265965
457.851682,88,1269.423015
289.98318,56,1269.521805
469.813978,91,1273.117172
527.344842,107,1273.36896
388.929708,86,1273.568377
554.060798,117,1273.838631
394.1438,84,1274.024488
284.93039,63,1274.16153
352.931409,67,1274.312216
318.113522,63,1274.449095
357.011245,68,1274.59221
508.419736,106,1274.81104
398.236963,76,1274.959792
412.883603,82,1275.074844
392.392945,74,1275.170342
486.848664,93,1275.293829
309.730343,63,1275.376288
289.330873,56,1275.44979
436.540437,86,1275.568665
442.241735,96,1275.693892
350.452813,68,1275.778976
458.80891,89,1275.893944
381.517199,74,1275.991539
479.639982,94,1276.132731
408.499146,76,1276.249429
504.868204,112,1276.418167
390.433348,81,1276.537219
558.417601,108,1279.872473
358.624198,74,1280.00869
337.627657,67,1280.149465
391.598855,84,1280.299742
525.014817,112,1280.465032
440.724673,88,1280.603215
396.639991,77,1280.722772
458.323097,89,1280.842541
382.090104,80,1280.943696
538.989447,103,1281.077575
529.134839,115,1281.223862
395.456897,79,1281.329088
411.699077,82,1281.436698
425.252657,82,1281.545572
410.382168,78,1281.654165
404.700579,76,1281.759777
406.451486,77,1281.863828
365.806674,71,1281.957464
296.73133,65,1282.043846
361.915939,85,1282.154661
396.422942,82,1282.261945
382.42721,83,1282.374298
475.711873,90,1282.494998
401.171131,76,1282.599597
473.393079,89,1282.720001
299.320257,63,1285.9684
340.257604,69,1286.088145
359.666628,72,1286.215124
461.650062,89,1286.364998
558.160469,109,1286.534114
427.061469,96,1286.660161
357.722417,77,1286.759989
405.156946,80,1286.860152
282.761485,63,1286.942348
473.344782,99,1287.073405
380.679813,86,1287.216529
406.343787,79,1287.365157
283.837929,66,1287.481012
506.269299,97,1287.653059
545.272715,124,1287.872088
575.200562,115,1288.060669
755.3759,153,1288.330137
479.596725,107,1288.516758
464.304949,93,1288.676773
421.420733,89,1288.828571
497.836292,94,1288.982647
434.799118,83,1289.126615
397.054441,79,1292.698678
291.721648,67,1292.830159
651.350309,130,1293.049926
587.970051,117,1293.252549
512.535906,109,1293.440094
520.741346,103,1293.622509
645.052395,124,1293.846135
236.692706,53,1293.934124
479.957334,103,1294.112194
326.048445,63,1294.219071
430.611471,92,1294.384316
366.500384,71,1294.509007
487.057083,95,1294.67223
438.494066,88,1294.823961
494.777134,94,1294.989695
268.211383,57,1295.089696
411.808828,80,1295.224867
467.715329,95,1295.388449
375.125064,71,1295.512518
376.696536,80,1295.646213
453.028422,89,1295.786596
450.116437,89,1295.915404
467.511522,100,1296.072709
381.179657,72,1299.710506
533.806451,111,1299.885123
407.478121,78,1299.997642
350.823261,66,1300.082424
283.014222,62,1300.159411
417.048748,90,1300.273958
308.485195,59,1300.365382
384.066772,84,1300.50265
377.560935,76,1300.624032
405.012999,77,1300.751386
366.171548,80,1300.87969
453.231306,109,1301.061337
242.951979,51,1301.137336
456.999894,86,1301.276375
346.818867,79,1301.408918
508.895198,103,1301.571711
410.524154,84,1301.713985
419.449962,80,1301.865546
378.716744,81,1302.010432
439.573209,86,1302.170898
377.403423,76,1302.305893
379.110498,80,1302.446896
405.141767,78,1302.555559
391.827819,75,1302.659783
342.620343,71,1302.755381
318.722213,70,1302.848575
391.948596,86,1306.142024
357.925922,78,1306.282701
584.058608,117,1306.483845
465.002319,89,1306.627182
484.214902,94,1306.773536
490.694811,96,1306.928479
352.896855,68,1307.035007
418.750095,80,1307.168723
370.249951,71,1307.284587
464.488538,94,1307.433909
563.548791,115,1307.619673
402.127495,77,1307.752567
450.627658,90,1307.906446
466.602693,91,1308.068928
418.907899,82,1308.223492
344.890496,70,1308.350707
445.415314,100,1308.529708
477.488758,94,1308.694524
483.311542,102,1308.870442
392.226362,77,1308.996261
332.671057,66,1309.113001
417.602034,79,1309.220967
437.133338,94,1309.347495
376.43736,73,1312.77965
442.025202,88,1312.912064
475.725843,91,1313.060376
569.060336,118,1313.244747
367.326068,71,1313.359911
427.917162,82,1313.498078
420.626749,82,1313.631325
542.021437,105,1313.769779
364.096237,71,1313.860056
449.062788,87,1313.96981
458.893469,88,1314.09437
492.113003,93,1314.254658
487.515708,93,1314.416914
420.31624,82,1314.551468
439.505478,83,1314.704238
395.389193,77,1314.83253
470.948214,91,1314.985398
533.489204,103,1315.159767
340.240869,67,1315.263857
466.183093,101,1315.42565
527.670207,103,1315.590609
616.575564,119,1315.780404
633.031938,132,1315.996467
454.371304,91,1319.506349
375.553929,76,1319.611959
370.390807,73,1319.708821
430.36438,82,1319.820076
373.039806,81,1319.929421
524.102083,106,1320.070907
371.091504,80,1320.179834
393.193089,75,1320.310564
669.938672,143,1320.555214
474.824474,90,1320.709835
612.029306,120,1320.905389
570.938507,126,1321.111281
495.647738,101,1321.281144
351.853164,75,1321.406472
551.445306,119,1321.61545
363.537526,70,1321.738318
514.978428,97,1321.905963
347.908138,69,1322.016731
608.433319,131,1322.222108
399.857712,78,1322.353626
482.590754,100,1322.511453
401.578986,77,1322.652092
524.700534,103,1325.964731
507.358209,96,1326.095362
584.244143,123,1326.259999
479.874858,96,1326.423655
421.671329,86,1326.584929
445.438673,86,1326.745699
435.176081,85,1326.907862
380.79443,87,1327.069949
296.947725,62,1327.182775
293.821768,72,1327.294605
434.845015,86,1327.406391
496.441209,109,1327.550431
257.183429,58,1327.627226
499.023007,102,1327.779565
463.854796,96,1327.951301
443.422999,88,1328.106214
308.687902,67,1328.221518
505.755642,109,1328.41284
281.310843,66,1328.524148
383.52456,76,1328.648874
688.8972,139,1328.871452
570.835393,119,1329.045047
430.475464,96,1331.83373
539.614289,102,1331.997979
388.183993,76,1332.12057
460.903825,91,1332.271312
463.423154,98,1332.424139
453.295949,87,1332.569882
414.5289,84,1332.713467
356.670954,81,1332.854336
535.005899,103,1333.028701
491.326115,97,1333.200946
320.327658,72,1333.332489
465.803771,93,1333.506281
450.151209,87,1333.655618
537.70947,105,1333.836629
404.191672,80,1333.972419
434.61468,86,1334.124936
425.512534,82,1334.239847
327.800501,63,1334.329102
558.796804,111,1334.492272
404.661564,88,1334.633335
360.793379,70,1334.748682
522.733903,105,1334.918287
408.406119,76,1335.046294
542.732575,105,1338.801119
386.723547,83,1338.942871
478.877564,94,1339.102571
473.943843,93,1339.264755
429.095739,82,1339.405186
475.029281,91,1339.562795
391.037536,76,1339.687803
422.251774,84,1339.823331
488.095761,93,1339.976779
393.086028,83,1340.108224
379.606631,74,1340.230325
473.838919,93,1340.378465
675.320499,132,1340.568707
380.758166,81,1340.700311
428.005454,81,1340.849094
316.357673,69,1340.97881
344.519265,67,1341.108482
536.188515,109,1341.321641
427.727008,83,1341.487473
256.146482,59,1341.599282
500.091964,98,1341.779782
417.789142,79,1341.918969
534.526747,106,1342.090582
437.167924,85,1342.234017
420.312016,93,1345.624196
249.860947,55,1345.726437
484.683679,95,1345.904214
340.127351,71,1346.032815
514.228128,108,1346.204425
484.308739,101,1346.374364
247.911228,52,1346.461048
362.737771,74,1346.58587
448.543987,98,1346.760719
405.969339,81,1346.900575
342.309146,67,1347.01596
692.988733,137,1347.297091
487.376388,96,1347.50562
436.44874,90,1347.6917
514.339936,105,1347.913726
393.272785,77,1348.075448
424.507798,85,1348.212066
560.510844,104,1348.372428
401.180522,85,1348.503497
364.515883,74,1348.616291
428.046585,86,1348.747374
541.205578,109,1348.919505
528.163714,101,1349.080318
521.083918,111,1352.596416
496.003716,107,1352.767617
322.54466,73,1352.88213
395.691581,76,1353.005241
306.155587,60,1353.101438
364.311251,73,1353.222241
530.25936,114,1353.406775
541.894928,106,1353.55134
187.091732,40,1353.601836
497.813657,95,1353.726499
438.592887,94,1353.849749
382.541976,73,1353.949711
431.02877,87,1354.084648
433.680352,88,1354.198869
430.210136,83,1354.30701
603.121459,120,1354.463778
702.721261,140,1354.644576
438.963945,85,1354.755077
385.183127,92,1354.872999
426.77656,86,1354.988613
401.074216,88,1355.099587
372.156735,75,1355.198319
491.893988,94,1358.269622
302.684042,68,1358.386983
542.758324,109,1358.56633
352.500454,72,1358.682609
503.018221,96,1358.847573
379.42348,81,1358.995618
456.289919,94,1359.162286
438.40095,85,1359.302871
442.350099,89,1359.452784
285.812737,60,1359.552547
601.956648,123,1359.756503
394.09183,76,1359.877846
424.414727,84,1359.983177
272.067127,62,1360.056775
431.745116,93,1360.184016
427.786134,83,1360.308363
501.247619,99,1360.458461
396.636697,89,1360.59584
513.858327,114,1360.767528
383.510434,73,1360.884915
365.636466,69,1360.989144
273.015282,57,1361.074676
273.472207,63,1361.168895
510.620436,106,1361.331802
414.734883,93,1361.472978
436.459241,97,1364.949031
441.064188,89,1365.079984
360.170477,75,1365.209635
368.466844,74,1365.338912
529.513605,119,1365.525409
433.601176,83,1365.669199
375.771387,81,1365.785175
419.60939,80,1365.895928
513.380122,101,1366.033109
459.723048,90,1366.15163
454.321403,89,1366.266489
398.463112,79,1366.370625
357.710103,71,1366.462524
375.652052,84,1366.568744
523.717891,103,1366.698684
393.858425,85,1366.812731
418.772357,78,1366.931288
454.535387,86,1367.058984
414.20136,80,1367.194805
473.554689,94,1367.338471
388.10559,81,1367.444084
511.529944,99,1367.577782
426.019493,92,1367.696575
459.585465,95,1370.888137
415.984906,80,1370.99307
453.366069,87,1371.108879
337.990819,68,1371.198192
522.850282,101,1371.330753
558.123327,114,1371.477602
460.759134,92,1371.602226
319.582784,70,1371.71329
302.302835,67,1371.802814
353.826902,73,1371.899504
409.579785,90,1372.020219
668.304335,130,1372.196488
274.991755,58,1372.273942
319.063262,68,1372.3651
502.257109,108,1372.509986
295.081137,67,1372.598636
439.417494,86,1372.715291
382.651004,77,1372.818856
572.042418,113,1372.969748
463.846374,92,1373.088891
452.150856,99,1373.211729
520.558927,106,1373.349214
471.223735,92,1373.498857
516.019319,99,1376.64994
420.75818,80,1376.789522
484.887227,95,1376.953658
354.452259,76,1377.072713
417.661941,90,1377.188072
455.480403,91,1377.333647
369.714259,75,1377.454403
489.659474,95,1377.617541
500.172016,97,1377.784221
430.521052,93,1377.942217
494.405866,103,1378.114387
391.473516,76,1378.240486
480.08948,104,1378.422128
371.568277,79,1378.555697
366.457116,81,1378.687876
324.927472,68,1378.80141
417.56705,82,1378.942199
437.341312,95,1379.105022
620.708372,135,1379.319183
306.637115,61,1379.402341
365.142574,75,1379.497119
378.195252,72,1379.588372
388.104688,75,1379.682216
410.466143,91,1379.799834
402.31798,81,1382.916342
415.59148,91,1383.070895
329.275542,63,1383.172385
324.203268,67,1383.276254
411.127976,89,1383.41682
452.370462,88,1383.56143
364.644979,81,1383.693048
358.573724,72,1383.807392
463.707956,94,1383.957613
447.877317,88,1384.100899
336.109585,78,1384.228123
351.182151,72,1384.322459
415.806599,85,1384.455772
507.519977,99,1384.62105
527.431334,112,1384.804508
483.204359,95,1384.955462
524.014944,101,1385.12158
441.562304,95,1385.284302
536.560914,113,1385.463343
471.451341,91,1385.605653
413.312362,80,1385.715736
626.648163,128,1385.894141
443.900842,85,1386.043826
392.486635,77,1389.587147
456.530148,92,1389.751021
456.329458,96,1389.917782
424.913757,93,1390.07339
415.735888,79,1390.205413
506.470292,103,1390.379546
377.097822,77,1390.514106
353.214223,80,1390.63588
401.789794,86,1390.755417
403.049463,76,1390.879157
441.05896,83,1391.017216
357.236299,70,1391.129927
461.6934,84,1391.270031
382.20935,77,1391.393095
349.746343,67,1391.488303
345.816971,66,1391.581701
511.631368,117,1391.751952
378.677583,84,1391.897651
388.952536,74,1392.028994
555.102616,125,1392.244861
419.60443,79,1392.378449
455.892037,95,1392.574257
402.005598,79,1392.692183
370.198193,79,1392.795835
451.938111,86,1396.018343
554.855906,109,1396.202553
625.636395,133,1396.420321
413.957581,80,1396.548306
418.970448,81,1396.680329
545.585253,123,1396.879213
423.708189,82,1397.018754
332.374376,63,1397.120106
339.32114,76,1397.240986
405.607143,87,1397.379166
532.826149,104,1397.552819
699.203826,157,1397.806666
402.147762,77,1397.934109
449.8131,99,1398.091726
381.721878,77,1398.213524
360.063362,82,1398.343859
477.086957,93,1398.505372
483.171054,109,1398.68962
405.601279,77,1398.820943
476.97989,105,1399.017178
422.497972,80,1399.158836
671.2857,130,1402.139184
404.108133,76,1402.259321
416.919275,84,1402.387455
406.035671,76,1402.507668
467.811308,92,1402.659519
381.052825,83,1402.795858
397.072511,75,1402.91558
566.141791,122,1403.115551
512.435904,98,1403.283775
473.143647,91,1403.441844
490.290537,93,1403.609681
563.684473,113,1403.811202
560.212314,122,1404.038607
514.664696,101,1404.225585
387.488774,74,1404.359614
436.831801,91,1404.524848
515.061524,100,1404.696958
350.425912,74,1404.82299
385.146866,77,1404.958439
430.793287,86,1405.11283
356.799023,81,1405.260147
515.451475,101,1405.45514
431.655158,84,1405.61186
479.364388,104,1409.29651
393.313626,75,1409.456936
502.261108,97,1409.618985
499.562513,99,1409.777961
390.68867,76,1409.900617
388.979655,74,1410.020217
456.985222,92,1410.178371
365.093221,72,1410.301587
460.393628,100,1410.478366
531.8705,104,1410.657012
419.171803,82,1410.800591
400.3197,83,1410.939413
471.423341,98,1411.097481
563.638713,108,1411.288225
337.866488,77,1411.40099
451.631601,85,1411.546756
424.504651,86,1411.698984
353.151213,77,1411.834643
605.715895,136,1412.069028
291.70436,60,1412.166439
545.345698,106,1412.353734
485.793383,98,1412.527596
471.815222,90,1415.833381
457.777631,91,1415.953883
340.220707,69,1416.039351
379.253435,79,1416.141341
499.409215,102,1416.277259
427.070721,88,1416.41961
511.771117,97,1416.577736
404.661263,78,1416.697912
414.243313,89,1416.840012
492.700816,94,1416.994822
399.916432,82,1417.130832
601.485816,114,1417.320133
464.639537,100,1417.49406
685.908702,140,1417.746436
374.556315,75,1417.884702
555.496157,112,1418.089944
401.59869,79,1418.233083
457.667274,93,1418.391979
287.181023,63,1418.488651
432.569311,96,1418.646937
440.392903,96,1418.809959
517.964413,100,1418.986944
437.061545,84,1419.133832
413.374437,88,1422.061469
482.402758,100,1422.19364
339.929966,75,1422.293419
678.880576,134,1422.474311
385.939537,74,1422.586867
405.412475,78,1422.716949
316.159658,66,1422.829182
366.127514,69,1422.957517
375.78844,76,1423.098862
337.916374,73,1423.251861
428.076858,91,1423.453733
445.339506,93,1423.613996
261.475299,59,1423.710564
407.56518,80,1423.847942
282.755885,62,1423.9602
513.247657,101,1424.151664
493.674786,94,1424.325772
512.534617,102,1424.517409
371.23483,71,1424.656554
509.988992,100,1424.831372
529.116448,103,1425.01907
457.071064,91,1425.174633
322.956001,65,1425.288182
464.714614,91,1425.449021
329.648233,63,1429.000374
396.895898,76,1429.120928
418.80638,87,1429.26394
455.795915,89,1429.413104
327.485759,69,1429.519641
504.372504,100,1429.679381
509.037036,98,1429.840547
470.000218,100,1430.005813
595.527214,115,1430.198076
335.52823,67,1430.306294
430.986928,83,1430.440094
428.997621,91,1430.584804
595.280977,132,1430.80959
419.740466,96,1430.969839
334.597405,68,1431.063711
332.152924,70,1431.160037
396.058162,80,1431.277681
659.30318,129,1431.488806
573.993456,111,1431.666757
427.27841,90,1431.80735
411.498391,80,1431.944736
503.677943,106,1432.128869
322.246858,70,1432.246993
499.233093,95,1435.128261
507.106719,104,1435.302927
504.507965,108,1435.473562
438.675215,90,1435.610944
416.290019,94,1435.758613
419.991677,82,1435.892938
469.588432,91,1436.041226
409.285388,83,1436.177598
598.304049,116,1436.369893
385.643332,75,1436.48896
370.373878,79,1436.613815
376.762426,75,1436.737471
430.016073,82,1436.869192
387.694031,74,1436.994263
323.955539,70,1437.103839
403.163376,79,1437.233681
450.775524,87,1437.383524
634.792167,122,1437.602947
425.873975,91,1437.755411
478.549408,92,1437.897113
404.490789,80,1438.002383
418.097954,78,1438.105256
456.733829,94,1438.22536
409.031469,77,1441.8874
378.411204,85,1442.031472
506.31006,102,1442.190619
583.712007,115,1442.342133
321.941909,71,1442.436931
360.106405,76,1442.556727
709.671755,147,1442.790355
446.416192,97,1442.946069
627.663998,136,1443.165614
412.860187,80,1443.294382
617.043539,122,1443.494527
338.654285,66,1443.596998
562.8719,120,1443.802658
441.460913,84,1443.954809
505.443854,96,1444.134385
372.714476,73,1444.267447
518.500507,98,1444.466841
481.201878,97,1444.669284
536.642888,108,1444.880963
434.302763,87,1445.033258
451.639981,86,1445.18051
510.475558,97,1447.806778
428.518682,87,1447.919606
529.89072,103,1448.08973
353.999168,68,1448.215098
492.416017,101,1448.396378
389.375171,75,1448.530638
367.846642,71,1448.659608
469.49217,91,1448.82124
395.05738,83,1448.966853
444.572464,96,1449.138559
447.315393,85,1449.294964
355.965409,80,1449.429715
349.058823,68,1449.553185
396.788067,78,1449.689652
419.565004,82,1449.837652
408.50274,84,1449.983033
539.780178,104,1450.169796
439.961885,90,1450.334789
500.070059,96,1450.499022
237.854139,55,1450.587522
435.250514,82,1450.724918
512.462616,102,1450.89997
427.963427,82,1451.004612
395.683732,75,1451.102463
433.491457,92,1453.940724
460.952421,92,1454.064925
568.60861,108,1454.212381
399.053473,83,1454.346377
362.291139,77,1454.472523
380.192716,77,1454.604204
325.411843,71,1454.723619
455.463152,87,1454.863532
446.854314,86,1454.998746
348.948844,68,1455.107211
583.92048,115,1455.291968
193.751505,43,1455.356933
476.450829,91,1455.507574
340.831495,79,1455.633992
380.776391,73,1455.751398
418.507043,81,1455.886424
328.028733,63,1455.992357
483.945077,105,1456.172494
337.276369,64,1456.281915
383.975287,82,1456.420259
373.273617,72,1456.545766
386.506001,82,1456.687373
502.324705,96,1456.845961
445.752812,87,1456.9843
237.774466,53,1457.063183
368.345405,81,1460.227443
764.857353,157,1460.435592
270.345629,58,1460.511804
515.587293,123,1460.669388
382.957834,78,1460.772927
614.212401,122,1460.972526
368.313272,81,1461.139908
772.105045,157,1461.407531
593.920122,133,1461.586165
367.694379,73,1461.68584
457.497747,86,1461.805996
583.476434,117,1461.965049
464.248999,92,1462.089595
394.187792,76,1462.188178
326.615065,65,1462.276124
471.549203,91,1462.408312
538.558711,103,1462.547666
515.585393,100,1462.680519
340.759995,78,1462.780819
415.487424,82,1462.924695
307.284453,72,1463.046811
444.185236,89,1463.198231
423.866783,81,1466.456934
359.985345,82,1466.567778
647.678659,129,1466.757201
456.434751,97,1466.889862
444.656276,92,1467.02018
463.835826,96,1467.1468
347.522322,67,1467.233094
447.586705,87,1467.347655
359.212646,76,1467.444254
448.603319,88,1467.558889
422.372345,79,1467.660589
442.184564,103,1467.793053
397.059352,74,1467.888513
418.322941,86,1468.004459
432.508664,83,1468.1412
474.269699,100,1468.3148
338.804875,65,1468.427598
512.303013,100,1468.598403
383.416759,80,1468.736249
350.636895,77,1468.86259
431.043534,86,1469.001753
376.82238,76,1469.137576
454.833567,90,1469.288886
389.568556,78,1472.270439
647.221917,133,1472.470913
380.586051,75,1472.589587
386.975356,73,1472.70127
449.262472,89,1472.837886
592.542545,121,1473.025771
440.370226,83,1473.16378
509.137463,99,1473.306665
499.328513,97,1473.43843
324.764227,72,1473.530617
359.067159,83,1473.636165
449.68045,86,1473.746611
434.120223,86,1473.856346
476.322121,90,1473.972444
433.506687,82,1474.075592
665.84864,147,1474.265079
316.661802,61,1474.342155
363.378213,69,1474.432063
398.644075,92,1474.553399
449.116587,87,1474.668298
576.671674,116,1474.828953
518.180041,100,1474.996944
661.178798,128,1478.572922
330.724589,69,1478.715528
520.070601,109,1478.945086
418.11865,80,1479.118232
493.114047,97,1479.297775
410.635554,92,1479.437168
419.751614,83,1479.567206
472.227236,93,1479.727278
386.4866,84,1479.874902
406.897135,82,1480.040343
449.338728,89,1480.235307
396.583721,76,1480.39746
479.963818,92,1480.589095
476.168703,94,1480.784694
455.140597,96,1480.993124
581.812587,127,1481.286288
458.61139,87,1481.496867
373.246178,71,1481.665791
589.491022,123,1481.944989
385.237092,77,1482.121805
380.295116,91,1482.281933
361.326354,71,1482.403259
364.017481,79,1482.545673
523.398432,106,1486.272066
458.148938,99,1486.499863
496.547539,102,1486.725383
346.900423,75,1486.889188
357.670484,72,1487.043666
540.001848,110,1487.288001
541.553358,104,1487.518692
400.430164,79,1487.687532
435.51033,91,1487.824229
492.965996,100,1487.958555
385.098428,76,1488.060181
471.080576,90,1488.183282
399.708244,78,1488.292753
393.288295,73,1488.393008
568.789024,111,1488.547481
365.245696,74,1488.649438
349.946193,74,1488.749325
471.138071,90,1488.865151
406.552006,81,1488.967264
582.305212,116,1489.114115
409.972873,89,1489.226638
357.29121,70,1489.315641
556.371227,108,1489.457763
469.637523,90,1492.988913
458.414594,88,1493.159883
387.195945,85,1493.306425
427.446076,81,1493.450102
538.152782,102,1493.626678
443.387163,104,1493.812793
491.825102,95,1493.949367
678.646546,142,1494.143676
576.421116,115,1494.300937
353.271807,73,1494.395776
559.553798,111,1494.544536
600.679763,118,1494.703731
526.452212,103,1494.841903
402.249685,80,1494.946828
412.839302,87,1495.060144
423.385192,84,1495.173967
557.479831,111,1495.317111
513.800485,103,1495.45163
465.445097,92,1495.574662
451.662945,88,1495.691589
537.541619,105,1495.827049
459.950463,92,1499.158307
309.965463,61,1499.256439
489.995045,97,1499.435349
584.47425,118,1499.647827
436.32652,86,1499.785013
503.584825,100,1499.916895
421.313609,82,1500.02266
457.708866,92,1500.146025
374.75239,82,1500.25429
486.538812,95,1500.381708
470.665605,98,1500.526804
585.515122,126,1500.760327
397.029748,90,1500.91972
313.654347,60,1501.023917
421.527253,97,1501.186907
587.630046,116,1501.381742
373.748776,73,1501.507446
409.991924,85,1501.649996
316.648777,69,1501.763325
399.105581,75,1501.894969
335.390248,78,1502.021826
556.441713,112,1502.215613
481.928476,94,1505.749078
398.319289,80,1505.898364
597.821067,129,1506.124137
494.638512,110,1506.318382
559.844195,111,1506.50434
443.290841,88,1506.646657
576.760167,115,1506.827056
396.721694,85,1506.955491
353.927496,69,1507.058358
385.910821,81,1507.180822
400.125103,75,1507.291161
344.302483,74,1507.380289
461.628094,97,1507.500407
397.557085,88,1507.610383
447.08602,88,1507.724655
527.203214,110,1507.865768
478.961599,95,1507.988953
490.893965,96,1508.113651
342.497703,72,1508.204703
388.498184,77,1508.304455
426.024125,86,1508.412854
656.755004,130,1508.575609
351.028696,70,1508.66213
353.282521,78,1511.996948
632.138867,125,1512.213154
360.626199,82,1512.350825
448.8995,99,1512.481211
346.348653,69,1512.574718
494.868377,94,1512.698914
502.111051,108,1512.84895
410.558298,99,1512.999296
362.719957,72,1513.096273
438.819169,100,1513.223052
492.007198,95,1513.349725
396.654583,76,1513.45203
519.197762,108,1513.59076
392.042427,84,1513.696994
545.612819,105,1513.834268
503.706227,97,1513.957853
487.494796,93,1514.076296
552.037005,103,1514.204933
359.364232,81,1514.305115
433.523468,82,1514.407794
522.709467,109,1514.545753
465.662811,88,1514.660273
306.073937,71,1518.001644
318.388635,71,1518.125327
316.999702,64,1518.243368
489.623499,109,1518.445755
563.804478,108,1518.609531
441.913042,98,1518.737665
433.251763,97,1518.865659
392.306664,90,1518.984231
521.699401,106,1519.128931
462.913589,93,1519.253256
585.261028,113,1519.398169
490.794249,95,1519.525607
363.060159,68,1519.615044
374.576259,79,1519.718049
394.139924,81,1519.819214
524.552807,101,1519.946305
412.901768,79,1520.047819
420.52569,83,1520.152465
305.810373,68,1520.241408
496.610986,101,1520.376669
427.322921,84,1520.487236
534.140596,107,1520.618587
450.195556,85,1520.725787
432.776705,86,1523.523221
378.276992,73,1523.648865
382.630112,76,1523.784876
482.723498,103,1523.967688
421.823535,86,1524.118892
522.889736,102,1524.296365
531.361752,101,1524.479681
542.621813,118,1524.682188
527.873981,105,1524.876257
442.842816,99,1525.059393
632.295144,129,1525.277269
463.277645,98,1525.444056
425.779392,84,1525.581012
326.119227,69,1525.689552
538.538326,102,1525.862491
311.253363,68,1525.968211
429.017435,93,1526.120276
457.291533,93,1526.268694
429.238976,84,1526.397651
367.57678,72,1526.512189
412.324581,76,1526.629299
506.208996,102,1526.785648
502.487556,99,1529.638484
480.438672,100,1529.823612
308.18395,69,1529.951319
507.87318,107,1530.146969
473.48884,90,1530.317738
268.117727,62,1530.438112
321.35533,74,1530.578733
460.69198,86,1530.724082
480.178635,94,1530.883617
368.029017,77,1531.01116
386.887662,87,1531.160846
379.778129,79,1531.301653
426.704122,95,1531.475661
267.573861,55,1531.568192
447.188877,89,1531.729583
428.213029,92,1531.893738
391.996942,77,1532.030001
456.895688,99,1532.22917
824.514286,175,1532.604164
493.596358,96,1532.813675
419.391378,82,1532.998504
497.103595,94,1533.189114
568.930044,114,1536.44172
286.335115,67,1536.575026
442.085562,84,1536.727694
450.37816,95,1536.899811
395.16121,78,1537.044455
533.99703,119,1537.261843
437.649803,87,1537.411592
478.276079,100,1537.588913
336.165871,77,1537.719546
593.377739,117,1537.927095
363.871997,81,1538.066766
503.420174,97,1538.240829
435.200792,92,1538.400041
247.783198,54,1538.490721
483.120491,101,1538.67304
596.155039,117,1538.842876
380.627851,79,1538.964854
437.838849,86,1539.098919
452.910779,89,1539.238975
379.637641,84,1539.365931
520.973533,101,1539.526789
337.767971,65,1539.630126
563.084554,112,1539.788447
373.539815,72,1543.248456
494.598773,98,1543.408319
641.191427,127,1543.604931
356.09807,78,1543.731362
573.341482,116,1543.919742
524.261545,102,1544.087104
339.438801,67,1544.190982
380.767061,80,1544.326914
433.839873,94,1544.481934
527.234563,110,1544.665954
413.422481,82,1544.792905
449.614924,87,1544.904731
455.352909,92,1545.021912
445.550296,91,1545.136153
431.834633,87,1545.246217
455.960638,92,1545.366073
447.91436,101,1545.512799
450.282551,88,1545.662855
442.158486,96,1545.817257
435.018812,85,1545.95783
319.509412,61,1546.059457
469.268998,90,1546.208666
389.846625,76,1546.346109
288.810613,66,1549.742218
515.048919,101,1549.899861
400.317749,76,1550.013886
567.831632,111,1550.180213
393.505568,76,1550.295278
463.561332,99,1550.442027
438.736421,94,1550.595712
433.183725,86,1550.73651
650.872599,130,1550.957425
413.626099,95,1551.127459
569.636802,117,1551.330598
522.637149,101,1551.4875
400.947549,84,1551.601147
493.019609,97,1551.735304
502.167804,108,1551.88077
571.029259,115,1552.037171
536.912863,107,1552.180761
505.99974,113,1552.336613
406.491321,85,1552.454743
434.711282,87,1552.57671
359.506901,74,1552.690757
367.709975,81,1555.671935
401.309465,85,1555.820778
558.603443,106,1556.006456
464.501556,89,1556.164862
415.070975,96,1556.332532
470.279642,94,1556.504241
428.464378,88,1556.658359
392.739714,77,1556.79857
372.384935,72,1556.945387
497.44723,104,1557.132051
623.152832,133,1557.386605
499.888906,95,1557.543599
414.768516,94,1557.671186
604.135448,135,1557.854777
532.65696,116,1558.010451
476.040971,91,1558.135942
644.745199,122,1558.303258
479.356303,95,1558.43302
389.215801,74,1558.537333
505.24763,109,1558.687761
381.046657,74,1558.786976
494.530867,95,1561.854907
448.692234,85,1561.989618
443.818783,87,1562.11611
382.202017,78,1562.2202
424.748076,83,1562.333583
454.728704,101,1562.471771
394.179541,85,1562.599525
468.584255,93,1562.721447
442.727012,85,1562.834251
372.250313,72,1562.94056
547.365224,107,1563.132028
443.599373,84,1563.285315
645.737976,146,1563.549629
704.437301,148,1563.813468
341.455732,68,1563.921386
504.175227,99,1564.086752
596.776186,119,1564.285973
406.565715,78,1564.42395
446.662034,89,1564.579319
459.454538,89,1564.727991
383.978241,77,1564.856224
511.868071,100,1565.021464
513.78193,101,1568.285254
580.30327,133,1568.464729
458.276385,92,1568.587963
482.420378,94,1568.71597
485.968749,101,1568.857944
442.619507,98,1569.026489
494.312634,95,1569.194808
459.105285,93,1569.351902
401.342474,78,1569.492733
465.814634,89,1569.662943
619.051169,130,1569.889667
255.408053,57,1569.979979
508.126346,114,1570.178627
605.399001,119,1570.371446
375.10534,73,1570.467938
456.082882,91,1570.588858
434.086088,84,1570.705513
366.201669,81,1570.827356
489.069913,94,1570.988031
504.13013,98,1571.14773
417.462882,92,1571.307487
376.353681,81,1571.432711
368.087887,72,1574.160354
473.882859,93,1574.320501
369.072166,83,1574.434507
459.458047,104,1574.577556
647.823594,139,1574.766394
586.117823,130,1574.942698
481.410388,107,1575.087342
561.045683,117,1575.243911
440.032897,90,1575.361778
661.104897,129,1575.54279
539.665037,107,1575.710024
339.308156,78,1575.84331
751.780458,163,1576.117763
394.500743,89,1576.263129
546.127509,111,1576.432221
311.777601,72,1576.541642
553.631089,107,1576.695513
421.038774,81,1576.807207
503.806078,105,1576.938544
430.982148,85,1577.047142
349.181667,78,1579.587039
530.030037,110,1579.745551
420.521587,90,1579.888941
475.021951,96,1580.044173
479.058634,93,1580.203017
441.486087,89,1580.352365
404.075518,89,1580.488625
431.696986,91,1580.63501
434.480999,85,1580.771453
465.956556,101,1580.937102
269.900291,57,1581.0265
591.987636,117,1581.217648
445.530847,94,1581.366679
462.110013,89,1581.510961
440.214477,88,1581.651236
453.330244,86,1581.78522
468.90188,101,1581.952564
415.03695,90,1582.093937
491.137019,98,1582.260704
475.269794,97,1582.413603
455.639109,96,1582.542256
405.858768,81,1582.654338
306.032026,60,1585.40533
505.413114,102,1585.621216
403.290614,85,1585.802768
374.203506,81,1585.974922
452.551415,89,1586.176921
455.260137,87,1586.336599
390.315627,75,1586.455298
506.27483,114,1586.638215
398.462616,85,1586.774509
442.045061,84,1586.905746
556.104883,110,1587.080117
410.180038,83,1587.20697
381.004969,79,1587.330901
354.244098,70,1587.445881
463.222299,95,1587.600236
361.005778,70,1587.709804
399.613627,76,1587.839305
521.434033,100,1588.011616
379.982142,80,1588.14405
405.882487,78,1588.284111
607.146813,118,1588.488359
366.105632,79,1588.618603
484.138408,94,1588.780448
219.114743,47,1588.861814
443.902253,91,1591.439863
434.000486,83,1591.549911
351.103747,70,1591.642869
344.172597,78,1591.745183
565.010527,113,1591.893859
396.182268,79,1592.00058
566.854457,113,1592.16038
457.691399,96,1592.318706
385.647015,77,1592.443033
668.859935,135,1592.658914
431.349282,87,1592.79894
463.598953,94,1592.949072
470.875774,93,1593.105875
424.273129,81,1593.242958
392.850435,78,1593.375583
507.442185,118,1593.579734
583.107679,114,1593.769153
482.240338,92,1593.933249
403.979243,82,1594.081939
551.217669,109,1594.269481
348.395408,78,1594.376191
416.28906,78,1594.481798
557.024977,127,1597.225064
439.963213,87,1597.337593
457.685123,100,1597.467075
465.358899,105,1597.641556
591.02142,115,1597.813445
523.071157,103,1597.951604
400.100119,76,1598.051783
486.718872,111,1598.192137
473.425558,91,1598.309142
610.013734,130,1598.474534
354.056503,74,1598.591689
404.593562,81,1598.731043
431.88821,90,1598.884023
319.358769,73,1599.012341
398.874177,89,1599.17551
344.57106,80,1599.321208
462.069377,103,1599.49329
562.139434,117,1599.692512
392.644845,87,1599.841159
447.285394,85,1599.985779
465.24054,93,1600.14744
591.982814,121,1603.681728
345.244739,68,1603.825178
429.6457,83,1603.997376
436.759734,99,1604.193628
488.363166,98,1604.376602
641.661899,132,1604.613704
348.238374,77,1604.746964
484.093564,99,1604.922988
409.603853,99,1605.098544
605.879348,118,1605.308076
324.308861,74,1605.438175
570.218991,127,1605.670772
621.620553,120,1605.85666
396.885021,79,1606.001045
644.775657,134,1606.241695
456.356082,101,1606.425745
478.380965,101,1606.598618
518.143932,100,1606.765725
593.07569,114,1606.95586
316.082048,74,1607.074656
394.939989,77,1607.206014
645.378078,130,1610.538814
368.089804,78,1610.666698
507.794103,97,1610.828208
543.047231,110,1611.00911
486.748971,92,1611.149659
520.913962,100,1611.310056
536.952802,108,1611.484012
430.977715,95,1611.637907
482.495077,94,1611.790971
318.686319,70,1611.906878
402.757918,91,1612.061277
474.845883,96,1612.227388
552.427897,115,1612.421125
441.464265,84,1612.561728
392.492094,78,1612.697493
540.531178,115,1612.891507
336.681217,76,1613.01959
400.474685,75,1613.14548
480.61263,97,1613.338298
495.089384,95,1613.517335
414.672261,89,1613.673429
505.467122,101,1617.13736
631.587098,126,1617.365981
413.554165,92,1617.511948
412.686774,90,1617.66009
371.668923,78,1617.793907
475.600887,102,1617.958398
298.872687,63,1618.063158
433.043433,83,1618.208342
488.828352,106,1618.393743
418.14727,80,1618.528597
435.41809,88,1618.678632
212.225532,46,1618.755954
550.267729,105,1618.936219
531.736799,104,1619.107863
553.464424,119,1619.310431
394.888982,87,1619.473494
406.349851,83,1619.646416
426.104894,84,1619.825926
463.951934,93,1620.013247
636.245223,122,1620.250854
593.793033,116,1620.431778
409.616049,78,1620.56681
431.4635,84,1620.708533
394.660569,87,1623.373418
438.001704,96,1623.525982
335.743524,69,1623.635628
400.094909,75,1623.759674
431.388264,86,1623.897115
468.443274,100,1624.06418
451.481744,88,1624.21473
499.829391,108,1624.402955
626.740633,120,1624.612261
584.263666,118,1624.822222
528.67965,109,1625.007802
705.600771,153,1625.252635
462.583731,96,1625.423649
381.777052,74,1625.553793
485.467219,96,1625.719222
364.592833,72,1625.840763
372.439198,84,1625.980187
342.249659,74,1626.109277
345.113661,70,1626.238148
409.220768,80,1626.397068
485.227488,95,1626.553946
409.051879,87,1626.704831
531.918123,108,1629.232422
580.417039,132,1629.405358
554.750622,111,1629.551839
346.874839,75,1629.647585
543.478728,115,1629.792375
368.062664,78,1629.885274
395.106175,88,1629.99534
567.97035,117,1630.18754
467.623114,93,1630.351193
470.004013,100,1630.518728
556.741975,119,1630.717473
339.406392,67,1630.820117
437.695327,89,1630.97304
429.279519,96,1631.146233
464.323088,89,1631.308842
686.485481,140,1631.552498
534.072543,114,1631.749258
428.53095,91,1631.907083
439.853951,89,1632.060845
434.396365,96,1632.230376
371.625088,80,1635.809311
558.779595,115,1636.019293
431.147757,91,1636.163019
569.84541,112,1636.348967
394.766577,76,1636.468471
517.091421,100,1636.632289
379.465919,87,1636.774131
370.934939,76,1636.897797
574.959116,118,1637.09482
437.106743,85,1637.24271
386.173732,76,1637.383056
435.178364,88,1637.54752
282.72788,62,1637.664337
428.208863,88,1637.831645
502.911969,99,1638.019562
453.091681,89,1638.190791
507.705353,97,1638.373606
446.429264,96,1638.553209
537.467834,107,1638.756203
529.317866,103,1638.940954
383.420477,73,1639.069048
294.438913,65,1639.178143
398.62873,89,1639.353314
574.256977,131,1642.784491
398.879448,76,1642.922823
361.024198,70,1643.041961
364.233429,72,1643.16519
491.483487,96,1643.328226
430.920538,83,1643.475019
405.343494,91,1643.639583
440.553785,87,1643.798201
332.728237,64,1643.913028
304.595491,71,1644.029913
444.043986,83,1644.16925
556.175098,106,1644.348101
466.225271,92,1644.508857
439.069049,86,1644.65134
408.446123,84,1644.79388
429.269904,89,1644.947846
411.644017,88,1645.117405
444.465444,100,1645.28606
559.809909,118,1645.492346
463.850307,92,1645.650368
557.348711,109,1645.827134
590.251168,117,1645.983293
533.429969,103,1648.45268
491.804177,93,1648.582026
380.123138,82,1648.719327
543.623397,110,1648.899831
418.124358,82,1649.032825
475.476172,106,1649.204732
484.973934,101,1649.370519
428.862058,95,1649.530573
409.385051,77,1649.663567
250.230305,53,1649.757172
532.351727,115,1649.974285
412.518049,83,1650.117581
565.68698,119,1650.330883
486.941533,106,1650.521744
452.413642,98,1650.68684
368.148962,84,1650.829756
527.441886,109,1651.013053
514.386018,115,1651.217186
421.841957,91,1651.373708
463.42039,93,1651.532849
474.688415,90,1651.687348
347.164244,70,1651.809358
470.119786,104,1655.22668
415.440688,91,1655.352856
439.787973,91,1655.499352
435.849045,97,1655.657419
380.794775,75,1655.785923
442.270993,87,1655.939455
496.101206,107,1656.143585
383.304776,78,1656.283588
705.095189,141,1656.521884
347.853359,77,1656.657704
464.7287,89,1656.815268
431.825642,98,1656.984513
405.15399,94,1657.144175
532.51508,101,1657.313855
449.772563,87,1657.469301
355.890951,77,1657.601671
479.34629,94,1657.757965
495.004497,100,1657.912917
375.24762,80,1658.039084
392.87218,77,1658.164466
459.108965,96,1658.324894
515.720004,102,1658.479509
416.036975,82,1661.107949
460.059478,90,1661.249849
470.228106,98,1661.381917
496.752854,96,1661.508923
397.430416,76,1661.625745
441.74873,97,1661.80425
408.330403,78,1661.938503
301.094877,68,1662.04957
475.030218,97,1662.217055
602.380071,120,1662.419763
438.00395,96,1662.589036
588.62808,126,1662.809696
484.63767,95,1662.971403
638.017182,128,1663.192049
744.150248,149,1663.451328
449.610265,91,1663.606496
574.641682,118,1663.766366
563.858907,113,1663.918112
407.291243,97,1664.048244
410.944956,86,1664.163717
432.059553,86,1664.286044
337.429083,68,1667.512183
429.000866,84,1667.672721
348.791583,71,1667.769488
572.688831,131,1667.951152
486.748918,100,1668.103714
393.025244,90,1668.218318
480.865255,101,1668.349263
439.388806,99,1668.473206
596.151546,123,1668.66976
351.974309,74,1668.79275
484.754351,106,1668.993078
409.302344,88,1669.143212
418.29855,93,1669.312297
417.941775,90,1669.482475
716.071384,138,1669.739662
393.624593,76,1669.880774
367.130184,79,1670.027274
535.203886,103,1670.2549
504.443157,101,1670.481456
505.995821,100,1670.700587
434.057108,85,1670.889933
307.941956,68,1671.034186
403.695473,89,1674.066035
364.364365,71,1674.196236
496.437301,95,1674.359251
649.991003,150,1674.628637
589.559531,121,1674.845616
550.475195,115,1675.038684
454.393222,90,1675.197109
323.380639,75,1675.334126
548.295533,107,1675.506185
600.404361,118,1675.71036
355.18426,79,1675.845026
500.76768,97,1676.007904
482.80268,103,1676.179945
648.353879,127,1676.403459
454.825132,86,1676.556566
542.969566,112,1676.752215
415.627694,81,1676.895843
417.655052,81,1677.028485
560.687511,122,1677.209281
521.013034,99,1677.361115
440.737563,87,1681.000695
424.08461,83,1681.145688
427.32641,96,1681.313705
404.756578,88,1681.474453
443.500125,87,1681.625605
436.334613,98,1681.81532
449.988403,87,1681.98173
476.274635,93,1682.16041
464.926533,94,1682.335082
595.406064,118,1682.54315
372.504965,73,1682.674869
344.837414,73,1682.804678
478.400743,92,1682.958589
620.503527,122,1683.152944
366.434629,80,1683.279237
422.339268,85,1683.426271
280.020141,63,1683.532061
424.676765,89,1683.68891
548.775491,105,1683.868944
489.08595,93,1684.029043
428.442587,83,1684.175857
610.054269,117,1684.386707
493.92868,97,1688.057211
499.931562,102,1688.226889
434.799104,83,1688.362834
625.052846,124,1688.59072
335.00193,74,1688.722421
562.858687,123,1688.92001
583.567629,112,1689.125164
415.026804,82,1689.264891
604.322998,126,1689.489045
628.759214,134,1689.729382
468.585074,102,1689.907631
568.18648,111,1690.106995
470.468643,104,1690.29538
288.525934,55,1690.392347
477.20294,107,1690.586786
477.164468,94,1690.749835
363.094154,71,1690.865571
462.231689,91,1691.021112
464.050915,92,1691.168955
357.277902,77,1691.285606
467.507112,89,1691.42406
875.589301,178,1694.949828
560.80088,128,1695.116039
512.728003,110,1695.259271
530.938744,102,1695.408014
403.476922,78,1695.537596
335.719883,70,1695.651074
597.541273,133,1695.8934
348.253368,77,1696.017098
385.323547,73,1696.142956
556.291663,124,1696.349051
502.51036,106,1696.519204
456.366879,95,1696.677368
380.300864,80,1696.805987
399.464189,76,1696.926843
419.131813,81,1697.064047
477.394452,92,1697.213344
601.174898,123,1697.385179
403.119141,92,1697.509505
561.888837,115,1697.664454
506.230933,105,1697.800004
433.041365,91,1701.031495
507.96973,99,1701.178129
550.959426,120,1701.345214
373.987252,79,1701.455681
438.019238,92,1701.584927
555.158478,106,1701.733285
351.857427,78,1701.836032
479.388433,98,1701.96879
430.471852,100,1702.101976
412.507628,91,1702.228091
456.306451,85,1702.37291
465.840721,105,1702.561449
531.40358,104,1702.719748
357.994248,86,1702.834166
381.076036,75,1702.935439
492.02822,95,1703.062001
454.593921,106,1703.206405
396.725956,86,1703.319041
439.378542,84,1703.435214
286.813439,58,1703.510374
345.530703,82,1703.622365
357.31178,85,1703.740001
429.453316,98,1703.876822
379.664455,72,1706.388483
516.489864,105,1706.560157
399.534038,91,1706.708057
338.943123,77,1706.846053
378.888118,79,1706.985506
567.17807,118,1707.207505
476.366589,98,1707.393143
367.414931,78,1707.538872
492.453769,104,1707.728744
404.18896,83,1707.872605
408.767096,82,1708.021507
372.909696,85,1708.166128
527.013937,119,1708.37586
458.047083,90,1708.546019
271.320048,62,1708.663001
505.304925,106,1708.862375
201.669966,43,1708.938672
420.129362,85,1709.099784
569.122222,115,1709.312473
401.23448,91,1709.487674
529.953268,119,1709.700257
327.845314,68,1709.816222
480.045118,100,1709.997982
327.197992,74,1713.269705
443.395192,96,1713.442119
434.97497,85,1713.603917
486.110522,107,1713.80149
423.907225,84,1713.95069
377.982295,87,1714.105285
479.160589,99,1714.280374
456.568174,90,1714.443091
407.525595,95,1714.613973
407.184682,93,1714.787037
447.477692,101,1714.963358
445.05573,92,1715.11711
358.726708,82,1715.251925
355.596243,71,1715.373778
315.699736,67,1715.481427
484.888488,96,1715.636823
395.532849,85,1715.778411
488.540722,109,1715.951471
504.704306,100,1716.110598
516.817613,99,1716.27571
440.862684,97,1716.431122
437.234442,95,1716.566787
483.221677,96,1719.346594
405.289555,89,1719.492125
632.114685,124,1719.708077
467.760444,92,1719.873579
510.18109,98,1720.0461
431.97341,98,1720.218448
471.937119,102,1720.397007
589.24681,128,1720.621348
328.390697,77,1720.754894
545.134708,106,1720.941028
527.406946,102,1721.123929
634.079066,130,1721.35377
346.438058,73,1721.475729
370.827196,75,1721.607367
236.963403,52,1721.69169
466.201708,100,1721.860768
488.06684,98,1721.993478
591.541272,117,1722.149095
403.62268,77,1722.255933
848.488914,181,1722.505383
459.089281,90,1725.482316
505.770001,102,1725.648634
324.12206,75,1725.766601
447.26786,91,1725.914986
393.748379,82,1726.04722
343.282631,70,1726.151417
507.145162,109,1726.287407
455.697892,87,1726.407485
563.164461,108,1726.57971
529.567644,102,1726.750379
406.433215,91,1726.903256
379.186981,83,1727.047651
516.744407,106,1727.236185
518.966316,110,1727.420415
650.761713,130,1727.630692
808.567178,162,1727.890853
448.478915,90,1728.054497
370.248523,70,1728.175862
327.169665,75,1728.298233
436.026507,85,1728.436867
606.39611,116,1728.628142
557.715087,108,1731.937701
444.949549,98,1732.157021
535.1586,106,1732.355123
527.537194,112,1732.498184
527.211326,107,1732.638277
437.31359,98,1732.764799
435.796336,87,1732.879929
349.028861,72,1732.971595
386.702339,75,1733.072135
608.62728,127,1733.241726
311.897332,71,1733.333855
523.443096,102,1733.465729
421.487797,80,1733.569515
429.249398,97,1733.703838
390.981831,85,1733.823228
591.946697,116,1733.985801
303.221948,64,1734.069264
510.976836,100,1734.204561
428.580526,88,1734.32312
481.281193,105,1734.471593
535.226175,103,1734.653566
320.788768,69,1734.773735
319.400904,65,1734.885859
667.209846,136,1738.02987
436.117447,101,1738.165184
506.826277,110,1738.318109
539.202874,120,1738.482025
750.560287,155,1738.690993
359.189262,73,1738.797608
387.996349,75,1738.895721
355.259828,80,1738.999793
614.373302,142,1739.184055
438.653632,90,1739.303241
379.645597,83,1739.411844
327.875785,73,1739.507828
262.625648,55,1739.576253
380.920432,83,1739.69253
413.594308,92,1739.820076
303.060059,62,1739.902981
505.870376,97,1740.041512
297.213188,64,1740.128958
415.483052,88,1740.259427
339.528681,71,1740.38411
336.582724,70,1740.469907
357.536171,78,1740.571254
445.703232,91,1743.712469
496.053831,95,1743.836444
461.410154,90,1743.953319
439.743867,85,1744.08159
447.413295,87,1744.231998
513.577531,111,1744.430827
366.469199,86,1744.54526
519.985788,113,1744.697406
393.969478,75,1744.799545
491.435671,109,1744.984096
477.556695,96,1745.114433
468.261478,91,1745.247131
494.569903,93,1745.387808
484.709047,95,1745.518836
458.364305,106,1745.65619
388.055371,85,1745.763802
369.687457,78,1745.866392
366.41542,78,1745.966524
500.150386,102,1746.108897
435.170282,89,1746.233925
363.583156,84,1746.349065
444.856552,86,1746.468321
460.14946,93,1749.99055
409.806003,77,1750.096651
518.00046,105,1750.275695
351.697075,74,1750.397467
529.14059,117,1750.597856
407.017227,85,1750.738555
365.328695,77,1750.865082
523.475619,102,1751.031999
454.861057,101,1751.204986
467.361066,93,1751.363161
521.062045,101,1751.525368
523.380105,101,1751.687992
304.356448,64,1751.787289
397.989242,77,1751.908055
395.913413,88,1752.044595
520.838507,102,1752.205293
360.378754,73,1752.327479
292.623626,62,1752.424225
429.069661,96,1752.581368
574.378753,120,1752.77566
372.075612,83,1752.909366
422.49037,84,1753.045356
497.055703,108,1753.22686
594.963958,116,1756.448104
282.767274,63,1756.532212
618.677913,122,1756.696466
532.228367,117,1756.859051
336.608315,76,1756.960742
552.358422,115,1757.128152
366.295402,79,1757.262658
389.790229,80,1757.397188
439.553491,96,1757.554595
573.435606,107,1757.731563
337.562416,76,1757.855208
426.343223,87,1757.997737
709.486533,155,1758.227889
516.825333,101,1758.363407
405.91948,88,1758.47739
667.975587,130,1758.677439
424.475906,93,1758.833319
437.540423,84,1758.971136
340.909151,71,1759.091203
540.341411,108,1759.265471
394.860604,82,1759.399194
443.866879,98,1762.920127
327.821586,67,1763.035242
397.081372,87,1763.179691
444.49109,86,1763.323354
409.7346,88,1763.470301
609.462284,117,1763.623012
512.825938,100,1763.753895
489.727201,117,1763.910137
491.817781,94,1764.036537
552.456318,122,1764.194637
393.34348,90,1764.31439
512.756344,110,1764.459092
419.737691,85,1764.569963
490.887988,96,1764.69679
524.960548,101,1764.829026
443.223115,85,1764.939525
512.365789,103,1765.069315
413.542825,92,1765.206635
361.801321,80,1765.346675
625.831492,126,1765.566689
446.161382,87,1765.726171
411.021342,77,1768.77771
460.900523,91,1768.934911
471.385106,93,1769.101122
432.673518,93,1769.26131
354.091498,77,1769.400318
417.579956,94,1769.566136
405.234393,98,1769.73684
416.01676,93,1769.892578
494.052483,96,1770.022523
597.236006,124,1770.245891
430.188791,83,1770.392182
511.157957,104,1770.576103
418.489071,90,1770.736536
430.566606,83,1770.881176
431.853786,84,1771.025849
466.546889,92,1771.180896
454.248789,90,1771.331486
495.415479,113,1771.522775
378.086682,84,1771.672764
456.445906,92,1771.832764
494.10417,100,1772.005596
528.600184,100,1772.18459
501.610753,98,1775.570473
439.735424,85,1775.726138
435.052491,93,1775.855047
464.933159,94,1775.979528
468.679311,95,1776.100754
396.541266,83,1776.208294
498.051531,98,1776.336524
402.607019,78,1776.442432
744.56377,151,1776.647112
403.893601,84,1776.750064
559.796419,106,1776.884465
548.367598,116,1777.05262
386.82742,75,1777.169446
571.686082,111,1777.337863
522.442105,108,1777.502827
376.978453,74,1777.616868
305.429758,65,1777.720212
343.668399,76,1777.843065
403.034978,90,1777.98776
533.284841,103,1778.154433
449.355476,88,1778.297611
534.928342,108,1778.471298
441.777903,90,1781.582392
499.454981,96,1781.715302
565.070159,111,1781.864969
587.037378,113,1782.0174
348.862567,66,1782.106586
573.738211,112,1782.256673
555.376694,110,1782.400707
396.492218,77,1782.499374
386.011248,76,1782.597505
757.483847,145,1782.781622
696.469,135,1782.956803
610.029733,115,1783.100888
395.247417,90,1783.214753
544.797422,121,1783.366062
642.752245,134,1783.534842
536.987458,111,1783.681012
399.528974,81,1783.802916
506.263127,112,1783.983413
520.148832,112,1784.168303
479.524489,92,1787.199344
425.093504,82,1787.328771
416.827086,81,1787.46969
423.700695,95,1787.62888
340.19644,74,1787.75688
460.017904,97,1787.929549
450.364899,94,1788.091125
465.578543,97,1788.250874
552.850872,118,1788.455657
402.044492,92,1788.615339
574.950287,116,1788.809481
403.320331,80,1788.939078
417.112797,96,1789.097325
362.73479,71,1789.215124
431.744695,83,1789.35766
485.357104,110,1789.538362
366.723956,74,1789.661931
307.02177,65,1789.766
366.573654,71,1789.876953
537.235159,115,1790.053883
512.865675,98,1790.218914
423.619845,86,1790.357857
353.951845,71,1790.452582
475.774287,93,1793.600614
341.004194,75,1793.698366
410.44105,88,1793.814364
391.656895,92,1793.931722
479.467386,91,1794.072302
720.37884,145,1794.295507
524.455093,109,1794.47247
652.574318,140,1794.701343
422.445289,79,1794.831233
437.651921,87,1794.969434
521.399854,97,1795.127439
501.445795,100,1795.286206
469.953437,95,1795.429404
484.418109,109,1795.595826
539.123338,113,1795.770834
472.918618,91,1795.911048
432.768834,83,1796.042711
412.766152,81,1796.178854
532.537535,110,1796.355756
276.939469,65,1796.457398
458.012708,98,1796.617184
317.171734,65,1796.733514
569.825161,113,1800.168525
496.68484,96,1800.293149
473.726898,92,1800.414075
377.571652,81,1800.543424
411.083724,91,1800.683753
328.779465,71,1800.796484
293.607366,59,1800.889844
327.975215,68,1800.998649
368.928821,72,1801.111998
521.961448,102,1801.272114
302.630878,63,1801.370461
441.607206,83,1801.507895
372.629897,71,1801.615548
560.927388,120,1801.771819
549.701536,109,1801.936696
589.816469,119,1802.141291
369.32969,83,1802.251179
408.981128,91,1802.382948
269.974061,55,1802.454636
550.70181,111,1802.622453
634.728261,127,1802.788082
481.696247,106,1802.927665
518.552989,106,1805.972294
544.146765,107,1806.167026
448.148353,100,1806.338131
390.483181,80,1806.471344
654.704633,135,1806.699123
853.287043,186,1807.011008
400.958419,88,1807.163363
493.322996,115,1807.362258
513.378513,98,1807.534971
544.002161,103,1807.721893
426.309269,92,1807.881262
659.997139,135,1808.093572
377.773056,80,1808.241598
440.656856,85,1808.394587
380.168467,74,1808.531316
483.040934,107,1808.689526
468.345499,95,1808.843816
350.635751,74,1808.963557
412.564518,79,1809.091257
404.335695,80,1809.219942
584.067118,131,1812.467419
393.128625,84,1812.642944
674.299395,135,1812.93648
381.186082,73,1813.091892
501.279213,96,1813.294251
457.718079,103,1813.512332
617.931287,124,1813.784759
435.11546,95,1813.983155
468.078325,92,1814.177634
439.678507,84,1814.355149
547.308882,109,1814.57522
511.438793,105,1814.788482
439.56679,83,1814.927886
568.820286,112,1815.079703
582.29024,115,1815.229026
388.190978,79,1815.33495
331.084743,74,1815.431165
261.467895,58,1815.502808
340.603664,77,1815.606083
487.908905,92,1815.727212
626.172128,120,1815.887287
590.206116,117,1818.97297
449.272678,94,1819.102793
519.363793,102,1819.235983
480.182638,108,1819.376953
445.288195,88,1819.492809
448.89441,87,1819.607048
617.887536,129,1819.786232
514.306064,99,1819.921692
413.659502,95,1820.050282
401.610181,79,1820.158291
456.918276,88,1820.276402
510.246207,99,1820.420242
674.062764,137,1820.639297
472.506203,94,1820.788316
516.431971,103,1820.95317
445.25929,84,1821.085201
463.013489,89,1821.218287
437.395135,85,1821.332654
520.544123,99,1821.468589
419.243593,92,1821.592041
473.010709,105,1821.732814
382.629256,83,1821.845813
500.223525,104,1825.129466
474.523315,94,1825.33535
473.979465,94,1825.537179
464.01646,103,1825.76406
546.570836,104,1826.001616
374.918334,74,1826.173172
471.829664,99,1826.395285
443.114182,89,1826.590197
438.959119,90,1826.79669
335.322212,75,1826.956084
399.257836,87,1827.133273
503.103243,105,1827.354151
598.706806,121,1827.614697
424.008036,90,1827.805919
469.13215,101,1827.989452
436.739642,89,1828.10885
466.452389,92,1828.231452
454.390797,102,1828.378017
420.988706,92,1828.534357
539.059506,109,1828.699834
485.442393,102,1828.840246
479.157287,104,1831.974603
642.1021,130,1832.142665
451.575631,89,1832.262099
499.320751,104,1832.449241
317.546437,73,1832.577438
370.124493,71,1832.704679
502.307061,98,1832.875058
418.343672,93,1833.032676
451.990842,87,1833.186142
460.157867,98,1833.349632
403.436166,80,1833.478631
448.627453,84,1833.585423
552.174808,116,1833.734984
458.878877,88,1833.8455
428.118055,83,1833.95123
408.014432,89,1834.064625
410.195056,81,1834.171263
410.969385,81,1834.276535
395.542665,75,1834.376988
479.664328,104,1834.565876
478.816098,93,1834.737303
434.099007,94,1834.906316
443.587097,95,1838.034036
322.490883,72,1838.152896
447.917411,86,1838.304758
443.501998,92,1838.455585
496.344166,101,1838.626976
390.327518,89,1838.786037
412.339189,82,1838.930237
407.158667,80,1839.062078
524.373414,105,1839.207787
711.527469,140,1839.396997
376.977699,71,1839.491084
546.06891,112,1839.639016
383.692306,75,1839.735478
436.852679,89,1839.851156
533.729656,104,1839.984305
429.320676,82,1840.089988
443.0096,86,1840.200635
493.3791,96,1840.326346
456.649001,88,1840.442037
474.714,96,1840.564027
518.282433,110,1840.703861
361.773408,72,1840.795869
402.048946,79,1840.897811
591.139262,119,1844.4002
405.979943,81,1844.538493
496.590874,106,1844.710946
516.192874,97,1844.880593
561.521878,130,1845.100323
558.859611,112,1845.29204
553.237762,126,1845.509001
579.821226,116,1845.7199
428.576798,83,1845.86884
358.15369,67,1845.953553
442.629649,84,1846.061933
521.787745,101,1846.19347
371.867083,73,1846.285519
443.942556,87,1846.395149
631.87074,134,1846.571603
464.936287,90,1846.688405
635.533207,126,1846.889884
660.464001,137,1847.126948
404.095691,89,1847.281427
407.679105,90,1847.43669
385.037509,87,1850.536474
490.73251,95,1850.700351
578.577822,131,1850.923367
307.991768,62,1851.029556
289.797721,66,1851.138688
507.873003,101,1851.310755
608.241257,119,1851.513411
362.626002,71,1851.633295
284.629165,62,1851.734124
312.181383,68,1851.841192
369.380938,88,1851.966817
448.8754,95,1852.089204
471.540634,90,1852.212922
420.638283,85,1852.324336
436.413224,82,1852.431848
553.856325,115,1852.586013
431.2959,89,1852.701251
453.163254,89,1852.815887
336.372559,68,1852.903075
325.907273,66,1852.985226
306.628505,63,1853.067056
549.468308,112,1853.21596
344.723742,65,1853.318706
470.76974,97,1856.323834
753.458203,159,1856.533428
346.253166,72,1856.624663
398.406888,91,1856.742088
429.985225,83,1856.849078
429.114951,82,1856.95551
418.337673,95,1857.078854
466.616606,90,1857.200734
404.502825,86,1857.307642
620.830009,124,1857.467121
421.833581,92,1857.583015
361.172785,70,1857.673745
615.718654,123,1857.832532
510.060797,99,1857.9618
498.842316,111,1858.112567
431.109781,84,1858.227367
598.427687,116,1858.385929
447.407828,89,1858.508907
400.017474,78,1858.614409
374.538044,82,1858.72807
373.775601,85,1858.84072
351.526423,80,1858.971028
581.871877,127,1862.246094
395.210396,76,1862.3483
502.549372,104,1862.487293
341.119046,68,1862.578975
342.039306,76,1862.673686
465.473825,90,1862.788982
621.746899,117,1862.939854
421.076104,80,1863.04334
491.555519,93,1863.162314
484.913869,97,1863.282595
524.729948,115,1863.42669
358.564947,81,1863.526129
461.636616,88,1863.638135
393.335382,85,1863.751533
376.597269,73,1863.869563
453.665086,89,1864.012948
364.879699,71,1864.12275
318.462312,65,1864.230911
398.947983,76,1864.35596
337.313128,66,1864.46332
427.030819,86,1864.599566
479.655154,93,1864.75129
377.690274,90,1864.894331
402.825988,90,1865.041609
382.608962,80,1868.563224
447.3224,87,1868.760175
612.372697,124,1869.031689
501.665986,103,1869.253671
342.480102,74,1869.405305
357.536104,67,1869.539478
434.68122,85,1869.714317
364.417727,72,1869.824062
455.573237,94,1869.941367
637.475767,126,1870.105511
444.121415,87,1870.215326
492.615993,97,1870.336957
348.491176,77,1870.433015
524.681527,100,1870.569321
562.679343,115,1870.743387
449.641173,90,1870.883647
562.636145,114,1871.077124
630.002402,131,1871.294059
562.418047,121,1871.491389
360.721173,76,1871.615832
438.860718,85,1871.744684
390.916009,76,1875.212797
462.481588,91,1875.397037
315.934769,64,1875.523871
522.868413,103,1875.739542
403.941159,76,1875.903391
523.061108,102,1876.1022
512.325507,96,1876.230371
435.475631,96,1876.354043
457.769585,103,1876.484618
354.328052,71,1876.574683
414.908556,94,1876.699917
394.307937,76,1876.801751
418.302426,94,1876.923051
480.399154,95,1877.04721
687.657805,141,1877.228361
427.698791,82,1877.336528
457.443709,89,1877.45288
333.059643,66,1877.53819
474.416864,100,1877.668839
533.286003,111,1877.851921
512.772253,105,1878.062626
528.634775,103,1878.273154
659.86298,138,1881.927303
348.061694,80,1882.089894
484.199852,93,1882.278889
473.327862,94,1882.477984
422.064937,82,1882.653195
371.305059,84,1882.824962
533.475896,118,1883.076142
505.565185,95,1883.269427
432.768869,88,1883.448433
556.612831,109,1883.631577
652.859078,135,1883.858702
485.414888,95,1884.043346
453.648638,88,1884.222294
447.794219,90,1884.41353
415.222376,81,1884.578063
485.814391,94,1884.76303
488.186147,93,1884.944449
442.437267,92,1885.127277
385.719473,75,1885.281181
523.106669,100,1885.505391
598.144132,118,1885.746707
482.401154,110,1889.499121
364.799114,80,1889.662394
410.736056,81,1889.82552
436.04148,96,1889.971663
339.369798,69,1890.094997
682.992171,133,1890.358811
437.251496,86,1890.518801
545.864081,109,1890.737906
473.800938,93,1890.926246
429.494483,99,1891.131371
465.049938,96,1891.318564
512.154625,99,1891.519027
443.959556,83,1891.69259
475.438187,103,1891.894967
366.365084,82,1892.060947
487.600151,97,1892.251791
402.327717,79,1892.424644
383.202934,84,1892.595433
620.088376,127,1892.858642
533.53464,101,1893.019202
499.201838,100,1893.160337
380.986119,76,1893.265421
456.882208,92,1896.972637
387.714726,79,1897.144578
383.935053,83,1897.305296
384.447412,89,1897.48139
560.23369,107,1897.689142
393.972756,86,1897.865537
515.04012,100,1898.074343
321.098149,61,1898.197677
380.377297,81,1898.360517
471.141452,92,1898.545244
282.842098,63,1898.657897
459.177037,93,1898.813763
485.308572,94,1898.972911
458.010838,98,1899.138421
510.676967,103,1899.28956
602.659286,120,1899.45709
407.322652,81,1899.571174
429.730224,95,1899.699839
447.123589,86,1899.808945
482.670845,107,1899.948044
495.136147,96,1900.071473
423.722179,81,1900.175813
562.945743,113,1903.879602
546.202339,112,1904.075275
636.003932,137,1904.366933
451.113327,90,1904.535152
400.858373,85,1904.647928
488.537379,96,1904.780642
482.301977,93,1904.902388
635.928352,123,1905.071064
491.419806,97,1905.234544
640.45344,128,1905.44781
431.237432,85,1905.586115
511.633376,100,1905.744811
382.079219,76,1905.868102
424.977649,84,1906.002821
423.057449,81,1906.110931
458.519515,89,1906.223468
544.479976,116,1906.376842
444.555303,100,1906.507526
428.264676,86,1906.621196
402.125995,86,1906.731674
804.703331,160,1906.936571
535.353446,106,1910.433751
523.24842,102,1910.662365
311.833549,64,1910.803976
489.213749,103,1911.024723
415.040234,79,1911.190467
268.783447,56,1911.293646
530.837603,117,1911.505162
472.533772,91,1911.662533
444.590425,103,1911.831969
384.610507,79,1911.958647
409.765877,85,1912.096478
452.600142,87,1912.218604
569.371274,116,1912.40321
459.22344,96,1912.552365
475.031512,97,1912.701524
303.981777,60,1912.794058
488.861963,92,1912.936253
398.986477,81,1913.057796
425.905564,81,1913.182372
745.353754,154,1913.422737
443.944359,88,1913.563031
444.570423,84,1913.699333
532.117153,117,1916.987736
391.275879,76,1917.086909
503.262488,116,1917.242204
434.110418,83,1917.353153
540.572357,112,1917.502692
443.818547,86,1917.616263
485.170796,97,1917.741672
409.689258,92,1917.861786
487.371413,97,1917.989988
560.491155,116,1918.134934
344.990008,75,1918.227976
329.831168,63,1918.305539
475.004371,106,1918.438702
538.135037,109,1918.576561
446.243852,87,1918.691201
531.603017,104,1918.824843
595.057046,134,1918.99384
375.330285,72,1919.086739
442.035854,83,1919.192845
374.143666,75,1919.289188
566.587013,109,1919.453435
461.993358,94,1922.787221
431.136533,87,1922.937853
555.916155,112,1923.131535
598.967833,115,1923.340815
384.017143,87,1923.500071
570.156629,114,1923.707349
347.913138,78,1923.841373
546.715886,107,1924.035761
426.211235,98,1924.222758
409.514325,91,1924.401551
444.399916,87,1924.578419
373.618037,78,1924.741913
422.75872,82,1924.913408
439.32493,83,1925.090817
639.91543,124,1925.303661
458.709059,96,1925.430819
439.000747,94,1925.56372
444.308823,85,1925.70041
401.464572,78,1925.82881
405.433749,81,1925.951664
523.403598,112,1926.105165
602.25513,119,1926.266395
473.573962,93,1929.6489
563.717209,109,1929.853916
415.577681,93,1930.022606
487.455417,93,1930.18744
332.393773,73,1930.321069
489.297018,105,1930.455342
422.518963,92,1930.578128
585.562952,116,1930.728628
419.515534,82,1930.840259
521.338149,103,1930.984484
413.933952,83,1931.107946
443.027074,97,1931.229582
506.826803,117,1931.378159
504.002629,99,1931.504782
420.457809,88,1931.640527
313.46397,71,1931.746432
642.663518,133,1931.960364
615.271982,125,1932.168815
443.862605,86,1932.312547
525.449799,106,1932.490718
565.836443,121,1935.751051
479.982597,95,1935.915777
489.51508,96,1936.084162
404.313035,91,1936.242069
425.503095,85,1936.392523
504.47715,103,1936.58169
529.414257,109,1936.774122
271.406248,58,1936.873247
702.935201,148,1937.175434
556.739479,109,1937.402211
555.6435,108,1937.597336
513.364931,101,1937.727358
383.938436,83,1937.83098
421.804789,97,1937.952803
488.857427,93,1938.072319
517.469017,101,1938.203754
422.959647,82,1938.307589
453.31609,101,1938.439339
334.021053,76,1938.53978
470.94234,91,1938.657484
457.221119,102,1938.789214
405.095032,81,1938.892081
441.045263,84,1942.163168
567.606687,109,1942.318479
393.837641,75,1942.435935
532.782432,107,1942.604267
387.419542,75,1942.726853
428.178966,85,1942.863389
360.054547,80,1942.992164
418.876261,89,1943.146389
395.939844,85,1943.275935
405.971654,85,1943.423832
699.255167,134,1943.654855
273.129456,58,1943.763409
402.618449,78,1943.923697
296.355955,63,1944.050255
392.586503,83,1944.228035
523.126878,112,1944.464841
352.116327,72,1944.613524
358.272729,71,1944.766101
483.037705,94,1944.967419
452.895049,86,1945.156665
471.179248,102,1945.382558
399.316679,91,1945.591218
653.902563,127,1945.888868
704.648889,139,1949.459954
488.573363,96,1949.667617
633.330864,146,1949.985716
402.373101,87,1950.175642
415.558062,93,1950.375534
420.784417,82,1950.492054
487.280518,96,1950.621626
621.535256,127,1950.791255
406.508314,86,1950.908265
427.683641,94,1951.037728
491.645434,105,1951.182202
398.807621,81,1951.296554
653.425264,128,1951.48833
291.96086,63,1951.56788
636.929004,128,1951.7869
321.349612,62,1951.884879
413.191365,80,1952.011141
548.81783,106,1952.17264
467.684473,91,1952.314223
634.526694,129,1952.497948
582.439913,122,1955.327243
450.437962,87,1955.443825
439.574804,85,1955.560711
478.070158,96,1955.696552
747.410449,150,1955.898474
461.748209,95,1956.022578
390.990909,87,1956.138759
491.25506,98,1956.297354
404.648933,86,1956.432282
387.627228,76,1956.550997
194.732353,42,1956.611446
625.840424,123,1956.807286
473.569268,89,1956.944941
463.116408,96,1957.089622
360.591376,71,1957.202638
560.200612,109,1957.358066
363.435395,79,1957.488791
367.522067,69,1957.613847
548.977419,108,1957.783849
710.364124,140,1957.9783
522.251148,112,1958.128108
402.606849,87,1961.201886
469.691384,107,1961.375469
422.810837,79,1961.516973
398.243309,85,1961.66283
859.119374,182,1961.985386
479.612315,93,1962.154507
390.967395,75,1962.315636
388.909791,77,1962.475776
416.958815,79,1962.639646
402.326707,76,1962.778625
355.529219,75,1962.913954
394.040135,76,1963.044113
597.419335,117,1963.242305
420.966901,81,1963.359626
574.950319,129,1963.544994
471.895479,90,1963.671909
473.703168,93,1963.801617
463.631695,90,1963.925241
433.778043,85,1964.043823
604.946248,121,1964.213448
438.246476,94,1964.341791
467.760133,102,1964.483432
612.080387,121,1968.031265
465.26157,110,1968.172503
518.477968,108,1968.318795
472.951312,107,1968.466437
391.039794,77,1968.600335
504.858133,98,1968.773806
402.13219,77,1968.907291
427.892808,91,1969.085085
657.486609,134,1969.330317
411.157486,82,1969.479203
444.183891,87,1969.636764
428.455324,83,1969.778217
564.304731,107,1969.958943
464.942686,101,1970.125444
423.934106,84,1970.266193
434.011082,93,1970.418921
584.013012,116,1970.606286
600.235052,120,1970.800995
410.60262,79,1970.928975
688.956929,134,1971.147316
530.628716,99,1974.706311
438.708906,83,1974.831081
464.373405,95,1974.993691
503.957924,95,1975.170325
452.659957,89,1975.341388
380.209761,75,1975.482941
702.577422,137,1975.675778
380.225669,75,1975.771668
335.846343,72,1975.862603
419.459734,95,1975.985583
437.143302,88,1976.096468
347.713855,69,1976.183709
431.88167,91,1976.302823
631.770487,131,1976.47422
500.897401,97,1976.603203
506.398243,94,1976.727079
392.115216,81,1976.832199
469.700322,90,1976.95205
549.949764,117,1977.104485
425.549521,92,1977.227451
898.887515,185,1977.527211
737.595064,156,1980.732795
365.853875,80,1980.84353
333.237834,65,1980.92943
602.263576,130,1981.110874
549.785368,110,1981.293923
497.110386,98,1981.46312
549.516249,116,1981.650653
556.770215,110,1981.834038
581.733918,127,1982.048015
388.838703,75,1982.182076
455.978987,91,1982.340977
396.632496,79,1982.472241
511.103945,98,1982.619251
590.843976,115,1982.775525
575.156162,112,1982.957501
536.802723,109,1983.147226
281.695521,59,1983.24469
480.847983,112,1983.432709
509.285786,99,1983.605854
427.241155,83,1983.74849
414.13249,81,1983.883656
602.933698,128,1986.821566
472.292413,93,1986.947535
444.11855,85,1987.063905
458.41448,90,1987.191513
390.010284,83,1987.304661
568.20746,122,1987.473473
806.489707,165,1987.692336
500.304079,105,1987.826879
488.049693,103,1987.967935
364.394345,72,1988.0637
625.904964,137,1988.247348
722.997281,143,1988.443527
426.069427,94,1988.569823
543.31444,118,1988.763251
606.354181,120,1988.991896
569.301246,111,1989.169478
444.09681,87,1989.312563
398.540483,78,1989.444904
479.054894,105,1989.624977
406.938763,90,1993.181608
555.255601,110,1993.381332
521.819649,105,1993.574745
409.908176,87,1993.70479
601.019816,117,1993.865745
602.662059,120,1994.02559
485.558625,99,1994.156125
366.54086,71,1994.248803
507.293837,106,1994.397811
515.994626,100,1994.563387
371.872899,73,1994.674467
540.644223,112,1994.850257
374.603115,72,1994.962494
422.622387,83,1995.0873
481.622261,95,1995.234849
398.313151,87,1995.371538
395.784372,86,1995.508797
856.201017,174,1995.80221
527.769001,100,1995.969803
465.13047,99,1996.123503
370.687958,81,1996.250551
560.006652,109,1999.565856
673.422587,136,1999.797959
431.331868,86,1999.934792
519.173383,107,2000.108195
379.485067,81,2000.241794
390.641805,86,2000.372295
479.087993,92,2000.510118
399.692002,78,2000.624599
540.200039,110,2000.799971
364.788534,85,2000.93068
548.854827,115,2001.132575
414.176087,78,2001.265736
516.476922,101,2001.441809
444.562239,86,2001.565693
467.962347,90,2001.681098
398.721248,90,2001.797092
547.517654,108,2001.936613
709.385642,138,2002.118767
418.596604,85,2002.230903
343.974001,71,2002.32816
616.604881,123,2005.330373
476.327586,107,2005.485095
606.846268,120,2005.689465
503.149086,101,2005.863848
429.644164,82,2005.997094
530.76902,102,2006.163161
458.597013,89,2006.30932
510.562654,106,2006.472314
425.562374,83,2006.598676
623.21812,118,2006.785847
510.015302,96,2006.934306
422.160584,82,2007.060418
314.511892,61,2007.151171
355.296386,77,2007.278148
335.517505,72,2007.388874
447.985035,103,2007.560849
426.905033,97,2007.737859
469.193253,88,2007.900866
447.724112,91,2008.066172
380.625038,80,2008.219599
616.048403,134,2008.454719
310.03562,63,2008.536699
394.878477,82,2008.679889
632.324809,132,2011.886616
739.916321,140,2012.068014
457.012711,89,2012.186377
481.061025,93,2012.330778
438.516976,85,2012.468291
502.853517,106,2012.65543
867.202032,173,2012.9602
455.261919,86,2013.106817
519.376549,102,2013.284742
609.8073,126,2013.497302
602.304238,117,2013.70082
470.481894,102,2013.868674
480.931299,97,2014.031943
505.445809,99,2014.207284
424.90748,82,2014.345949
546.267527,104,2014.524942
259.806383,57,2014.621541
399.722101,83,2014.759458
670.43665,138,2014.989293
471.717749,106,2018.188659
475.388698,105,2018.366076
465.030817,92,2018.527998
460.366115,100,2018.696246
379.019569,75,2018.821541
464.020222,90,2018.968874
578.311031,112,2019.149476
574.775491,123,2019.304715
375.915338,72,2019.395875
440.196812,97,2019.523391
842.28109,176,2019.747082
451.053591,87,2019.861015
696.974144,154,2020.096798
756.136062,159,2020.358763
913.229493,192,2020.698321
487.177743,94,2020.876688
505.725024,98,2021.042787
579.104991,112,2021.244014
343.317803,70,2024.309176
297.618586,62,2024.387869
406.389305,80,2024.491178
422.103311,84,2024.600534
425.284388,85,2024.710413
573.131651,112,2024.856125
449.023929,93,2024.972464
435.723504,85,2025.084145
488.365059,92,2025.216269
404.949871,83,2025.349831
427.042017,84,2025.490351
391.4742,86,2025.627582
369.131825,86,2025.746728
591.148611,121,2025.900754
766.566185,150,2026.097738
463.685497,91,2026.218867
337.810595,71,2026.310894
451.250629,86,2026.42768
460.786227,86,2026.540581
557.392987,109,2026.693185
386.328269,77,2026.801902
503.382172,100,2026.94508
774.059207,153,2030.593881
532.341566,104,2030.812736
459.85712,87,2030.998896
461.783658,89,2031.193006
459.778961,95,2031.390693
474.873583,90,2031.580581
543.4194,104,2031.798779
536.145567,106,2031.993837
376.562125,76,2032.119887
705.962617,138,2032.360363
535.15105,113,2032.555836
483.254727,96,2032.726758
483.960635,93,2032.892604
396.473424,89,2033.051677
440.418218,101,2033.235379
533.02075,104,2033.425756
479.629391,102,2033.593685
525.958483,114,2033.793808
449.7516,94,2033.945473
492.430285,112,2034.131006
354.746013,71,2034.249902
682.948194,148,2037.775071
541.676439,113,2038.000168
498.077895,98,2038.198681
471.410783,106,2038.335734
465.953163,92,2038.456084
638.31104,135,2038.636738
472.530408,107,2038.772043
594.656079,129,2038.979098
352.306722,73,2039.096547
525.275743,116,2039.288928
447.376801,97,2039.448264
447.903729,99,2039.609207
447.989451,89,2039.766373
459.102637,88,2039.910393
546.417222,102,2040.084232
450.769259,86,2040.231234
384.464195,78,2040.367781
811.270268,155,2040.649844
492.588602,95,2040.814264
484.494255,105,2044.456691
710.450472,141,2044.740493
420.642417,82,2044.927988
555.018383,109,2045.173623
452.590998,95,2045.382696
421.956565,81,2045.566505
566.543687,107,2045.786308
591.102068,117,2045.998551
494.807088,96,2046.175622
448.824288,88,2046.335624
500.27196,109,2046.520885
433.872397,85,2046.667396
566.129667,111,2046.856936
893.246677,184,2047.181225
540.826602,106,2047.351692
555.604583,113,2047.553517
450.880278,102,2047.731883
481.647788,92,2047.874935
432.936583,95,2048.027761
420.793659,80,2048.15679
600.739207,118,2050.962326
392.654716,80,2051.067367
474.510736,92,2051.184328
403.717372,76,2051.284236
547.410007,113,2051.451465
555.06463,125,2051.656491
422.19212,92,2051.801391
466.946175,103,2051.980093
486.754457,97,2052.137505
669.844869,136,2052.358749
486.086549,107,2052.547464
672.58697,133,2052.780028
459.575161,89,2052.940005
686.274665,138,2053.182559
411.552528,80,2053.325816
478.087399,106,2053.515801
633.268421,123,2053.735703
538.995061,104,2053.920509
466.183494,105,2054.072352
520.968462,109,2057.498834
466.87083,89,2057.657842
513.596392,98,2057.832376
421.693172,85,2057.989023
456.502857,89,2058.149362
416.194285,84,2058.301666
398.069274,78,2058.448854
390.990682,89,2058.616711
696.54139,143,2058.892431
402.48249,78,2059.043906
482.360098,110,2059.245637
443.629605,86,2059.405729
588.144264,125,2059.630414
326.65602,63,2059.733562
487.167829,97,2059.894653
459.350222,99,2060.053526
581.844276,120,2060.248009
373.07989,71,2060.375977
576.857975,124,2060.607808
614.780559,131,2060.845713
579.186133,127,2061.078159
410.327124,86,2063.996953
503.015694,100,2064.149627
451.857035,89,2064.290073
402.353507,90,2064.441775
471.61414,89,2064.591132
441.512184,95,2064.75286
492.430834,102,2064.923528
517.72211,99,2065.100339
599.664013,114,2065.300182
530.379423,110,2065.484334
592.73609,139,2065.72107
483.226807,98,2065.889379
523.143216,112,2066.079958
409.589112,90,2066.235639
414.264166,95,2066.391151
616.992458,124,2066.561125
401.47164,80,2066.667458
472.846674,91,2066.792197
279.472657,64,2066.871601
485.440318,92,2066.994304
610.752665,138,2069.646332
448.912883,97,2069.814121
624.048627,128,2070.052255
482.504924,102,2070.24527
571.953619,109,2070.449968
513.043213,99,2070.63554
540.847386,107,2070.823338
432.567321,83,2070.965341
538.866275,107,2071.157881
498.258982,111,2071.349878
455.709537,100,2071.525913
383.557616,74,2071.670264
489.767296,98,2071.859581
352.412591,72,2071.997276
497.141512,101,2072.187014
403.620496,76,2072.325633
656.864779,130,2072.558362
611.726125,116,2072.76194
495.232081,99,2072.921496
600.751711,120,2073.119749
377.886661,72,2076.333427
405.538727,77,2076.435142
354.631729,69,2076.532498
481.331075,93,2076.657845
328.010448,71,2076.750145
876.464546,168,2076.971237
361.757433,70,2077.062274
706.376958,139,2077.244549
418.707941,80,2077.350804
563.272827,111,2077.501849
482.900761,105,2077.641765
547.718057,102,2077.783103
394.12147,77,2077.917594
367.372887,72,2078.049509
393.472035,88,2078.211691
446.125764,92,2078.373869
296.831323,61,2078.475271
425.558502,94,2078.630556
443.340618,86,2078.770953
458.64019,88,2078.916617
525.650298,99,2079.082339
479.443598,92,2079.231056
691.722179,148,2082.508942
503.458087,99,2082.725688
436.129438,89,2082.918205
407.708568,78,2083.042217
624.049016,124,2083.201063
411.72398,89,2083.314512
540.943872,118,2083.475591
357.254332,77,2083.602587
528.960275,116,2083.786355
534.025704,111,2083.963721
566.962015,109,2084.139275
418.473694,79,2084.266738
375.82082,79,2084.405066
384.693362,75,2084.545288
495.592069,102,2084.731285
353.952864,74,2084.860766
426.263164,86,2085.014557
544.480444,108,2085.207941
446.868882,93,2085.37499
673.784578,130,2085.604003
612.53391,129,2085.835705
357.110917,70,2089.008285
718.998069,150,2089.248586
452.302027,86,2089.391188
620.09637,122,2089.605794
453.79439,91,2089.76013
508.719453,97,2089.922806
432.161661,85,2090.067369
375.425975,73,2090.197065
491.90214,95,2090.359507
395.693824,77,2090.505624
444.529527,99,2090.692816
535.775128,102,2090.871957
604.132173,120,2091.077831
383.437248,74,2091.20824
426.037197,91,2091.369582
480.77084,92,2091.49562
378.865328,73,2091.591215
588.708942,116,2091.740053
387.679835,85,2091.852566
409.143876,80,2091.960254
495.764615,95,2092.086862
599.430701,116,2092.243474
430.131148,82,2095.676899
645.07245,125,2095.910054
350.092643,78,2096.07274
575.396653,112,2096.3084
406.717989,94,2096.495196
462.075734,90,2096.629021
582.386152,110,2096.77094
475.065464,92,2096.895425
420.404473,81,2097.00108
511.123413,118,2097.175168
447.555935,85,2097.313761
406.293463,89,2097.460923
292.228761,60,2097.55396
570.252456,110,2097.73793
385.826365,72,2097.856383
364.788026,73,2097.975213
576.113643,112,2098.153896
498.794622,97,2098.309898
361.668812,74,2098.437245
547.185044,109,2098.627677
479.759434,95,2098.798736
397.573384,88,2098.952603
590.625509,118,2102.468507
494.329535,112,2102.701714
535.034513,113,2102.93354
383.344364,86,2103.109949
414.822525,83,2103.283565
486.762625,93,2103.482322
469.191022,90,2103.683273
453.566395,88,2103.881149
396.763244,88,2104.077742
402.535167,77,2104.249946
511.16557,97,2104.463983
481.959489,92,2104.664876
481.63529,110,2104.907591
506.184942,96,2105.112787
599.011488,116,2105.318131
462.001034,101,2105.500041
495.424098,94,2105.659898
498.870249,100,2105.828174
429.839202,82,2105.94762
463.236652,89,2106.097692
478.270337,88,2106.228135
491.327347,97,2109.171804
386.848869,81,2109.27613
464.883931,95,2109.398259
439.721779,97,2109.549446
710.322185,149,2109.785841
581.071422,121,2109.975231
496.95705,92,2110.126711
520.523689,101,2110.297486
494.830571,96,2110.451889
379.191163,82,2110.58945
461.427659,92,2110.741379
691.094188,138,2110.988137
545.898781,104,2111.174177
491.042417,104,2111.363109
499.520617,97,2111.540261
226.545352,49,2111.621359
485.24624,97,2111.795594
451.026282,96,2111.971671
378.223285,72,2112.097734
624.513384,130,2112.324338
393.791446,76,2112.448747
708.618366,137,2116.116675
507.606472,107,2116.266979
396.463502,75,2116.372457
388.14691,75,2116.476288
326.392304,68,2116.599242
388.192028,77,2116.727672
405.133752,79,2116.88211
572.013834,113,2117.101314
354.219385,69,2117.231668
528.445336,111,2117.437898
642.997953,127,2117.662884
507.325762,99,2117.843064
702.562575,136,2118.070462
490.436979,93,2118.231277
508.594782,104,2118.418196
479.053882,106,2118.611016
553.697389,107,2118.795705
533.030677,103,2118.973422
367.658368,71,2119.079852
519.934384,106,2119.217124
424.210804,93,2119.338648
484.178937,107,2121.807092
462.2272,104,2121.949218
513.068494,111,2122.108749
334.292705,73,2122.204285
588.092383,122,2122.406739
377.507137,73,2122.528953
496.939731,97,2122.693592
538.237937,103,2122.881159
389.644489,75,2123.008099
754.309462,173,2123.287543
478.62382,92,2123.441874
446.227897,95,2123.604901
480.647171,89,2123.762045
505.347626,98,2123.935588
550.079817,120,2124.146483
439.855232,94,2124.309678
400.91733,85,2124.457033
509.007938,105,2124.635524
456.67856,98,2124.811393
424.056168,81,2124.944367
589.267729,111,2128.517692
414.15939,81,2128.652576
576.190445,120,2128.846871
469.709856,94,2129.001227
345.732067,79,2129.125877
533.452909,123,2129.34323
470.656966,103,2129.537697
617.74723,128,2129.815902
389.00888,85,2129.965028
610.020958,120,2130.190274
351.961117,70,2130.310266
388.612181,75,2130.433198
436.911468,85,2130.572781
404.967933,76,2130.695712
490.186189,95,2130.85132
409.30011,81,2130.988435
388.078559,76,2131.109487
428.848094,93,2131.272032
521.709729,111,2131.455444
652.941667,132,2131.673299
472.742123,91,2131.818778
476.434691,99,2134.794816
416.411875,89,2134.919935
319.535053,65,2135.00757
595.584314,119,2135.206249
338.306893,71,2135.335317
438.24004,86,2135.48731
611.689407,121,2135.7018
561.271652,110,2135.90198
437.073337,95,2136.063249
517.123144,99,2136.230024
602.219489,124,2136.421344
352.92245,67,2136.526699
556.639465,105,2136.700516
439.943104,84,2136.841357
422.192182,81,2136.970473
449.294807,84,2137.11301
410.294789,78,2137.239516
824.070164,177,2137.530942
606.079138,116,2137.720236
446.001009,86,2137.856824
442.953904,85,2137.994623
510.56098,112,2141.530238
369.045027,74,2141.633682
460.059204,89,2141.758185
505.342624,96,2141.880644
355.125934,72,2141.991762
415.201926,81,2142.131861
632.578738,136,2142.356052
507.139288,100,2142.502837
620.51264,120,2142.666002
451.387124,91,2142.799387
432.042788,86,2142.923349
334.276642,69,2143.01755
702.323421,145,2143.221213
597.005002,115,2143.390304
468.05471,106,2143.535243
459.218787,90,2143.663426
683.312528,138,2143.861638
635.090597,122,2144.031521
392.04573,79,2144.13793
508.83782,99,2144.278937
766.950111,146,2147.711493
439.013332,84,2147.863282
768.727413,162,2148.164743
421.783095,84,2148.310353
483.673981,108,2148.5025
369.66705,88,2148.685592
508.357523,96,2148.854603
429.423744,81,2149.000047
607.830855,123,2149.211692
471.45032,90,2149.367791
551.169821,108,2149.529379
476.72195,95,2149.660605
385.367714,86,2149.77703
586.050948,125,2149.94555
824.813066,164,2150.169629
477.055267,101,2150.332279
448.227688,91,2150.472619
415.002698,79,2150.610347
490.67701,110,2150.804961
560.644568,118,2151.017438
578.540974,116,2154.055576
541.096468,104,2154.233836
614.047993,123,2154.436161
421.934287,89,2154.588556
495.133406,94,2154.753356
397.179364,78,2154.892155
467.173216,93,2155.035394
684.160429,134,2155.212635
409.801062,78,2155.347694
468.470565,91,2155.505395
411.767176,77,2155.639765
583.232469,117,2155.849272
458.464781,89,2156.011689
449.025855,92,2156.178333
586.323322,113,2156.382404
498.791631,100,2156.562089
428.4292,84,2156.713417
438.054871,82,2156.856695
936.629602,198,2157.195798
433.193394,90,2157.341011
511.473847,98,2160.987298
415.03426,90,2161.14374
442.373022,84,2161.256536
256.554275,58,2161.329283
521.603838,107,2161.507701
482.52614,93,2161.631679
522.43873,117,2161.791033
497.090576,96,2161.922754
464.774026,93,2162.049469
695.622518,135,2162.233698
426.320729,82,2162.350272
571.071179,110,2162.501831
540.850435,107,2162.665134
361.562106,69,2162.774704
471.21955,93,2162.933194
703.689033,137,2163.16128
525.266651,102,2163.345415
433.594431,82,2163.481338
645.986134,132,2163.718795
521.514143,102,2163.907713
508.956607,101,2166.970199
501.447453,105,2167.138067
438.420367,86,2167.282659
458.59181,102,2167.448173
501.212033,99,2167.601878
513.770736,102,2167.76669
599.206984,115,2167.95291
482.378266,93,2168.098996
398.251325,81,2168.204331
681.857702,135,2168.382771
406.984231,79,2168.484906
363.410353,70,2168.578191
383.013391,82,2168.70784
364.426435,75,2168.829813
508.056665,108,2169.005394
456.367922,98,2169.175112
489.514371,101,2169.344446
542.418471,104,2169.522111
473.032386,92,2169.673564
424.214322,86,2169.825633
525.704831,100,2169.989733
607.377911,130,2170.223779
457.720217,94,2173.089537
635.97044,123,2173.250134
567.130077,112,2173.399938
551.726378,108,2173.5436
375.379487,82,2173.651944
369.3579,81,2173.75815
461.020062,103,2173.898414
393.045326,83,2174.00831
551.201934,108,2174.150146
433.4852,84,2174.272932
303.361539,61,2174.364918
423.539222,82,2174.494899
516.759122,105,2174.672669
538.17245,119,2174.89054
523.534595,98,2175.0648
647.879507,137,2175.324799
413.198679,89,2175.524915
379.518729,77,2175.663581
470.256561,97,2175.81982
479.172144,108,2176.023349
385.542929,86,2176.178501
491.300488,96,2179.205309
482.278798,92,2179.401585
425.188507,83,2179.575351
508.552695,110,2179.813872
426.811169,91,2180.015758
643.629321,127,2180.285468
278.223104,55,2180.399682
513.040674,108,2180.627018
520.338477,102,2180.845222
329.047541,73,2180.983375
469.971226,90,2181.156273
518.752429,100,2181.344794
514.158512,98,2181.510081
336.953207,66,2181.62814
417.325671,83,2181.786714
528.555309,116,2182.008914
793.637536,155,2182.30556
494.592461,95,2182.487628
539.010489,127,2182.721929
437.38325,85,2182.881966
489.136923,112,2185.905815
466.063574,91,2186.022896
281.72329,61,2186.09894
468.144337,90,2186.217247
438.699994,83,2186.325301
474.796921,110,2186.46312
448.8665,91,2186.580729
396.700837,76,2186.680102
562.247301,121,2186.835594
533.877778,116,2187.001977
342.483811,75,2187.120445
542.844852,122,2187.338961
364.396005,83,2187.485546
428.772724,81,2187.631073
470.963907,90,2187.809386
540.931775,102,2188.00883
571.869562,125,2188.232805
516.097658,104,2188.414009
396.536333,79,2188.549654
422.980992,96,2188.712773
414.137595,82,2188.859388
439.130708,86,2189.01291
505.452215,114,2192.565948
695.303563,146,2192.766652
251.696267,56,2192.835937
373.15693,82,2192.945603
581.452475,118,2193.1002
358.131784,72,2193.192923
514.409267,113,2193.346604
468.517988,90,2193.471155
419.203204,92,2193.624707
432.308375,86,2193.770909
486.966475,97,2193.932752
518.65515,117,2194.152445
402.618013,79,2194.318826
467.009232,92,2194.497098
603.015689,117,2194.744799
760.222601,160,2195.054234
455.448882,90,2195.227335
518.250013,111,2195.446337
404.68012,86,2195.61075
401.238634,93,2195.766514
501.634662,98,2195.933446
776.642674,148,2199.72794
584.606651,118,2199.918039
457.759733,88,2200.089549
486.751841,93,2200.288279
879.199201,194,2200.688379
462.546252,91,2200.877178
428.405623,93,2201.05828
568.431391,120,2201.278117
684.114962,131,2201.538808
448.972896,91,2201.714914
511.178295,98,2201.906644
650.90442,143,2202.174642
427.303223,96,2202.336056
486.226526,96,2202.50771
466.897702,97,2202.682602
335.367235,76,2202.815112
380.5982,75,2202.946328
498.500484,95,2203.132221
480.464611,101,2203.346645
463.729413,94,2206.963126
445.573159,91,2207.141204
240.343171,51,2207.233546
384.907842,81,2207.388501
394.903842,78,2207.53253
632.834806,131,2207.76988
521.109063,101,2207.95237
512.980034,98,2208.118372
433.718915,95,2208.282438
435.108804,83,2208.432304
515.173543,100,2208.593734
668.784035,130,2208.77513
610.281392,119,2208.939987
872.274842,177,2209.187529
461.049122,91,2209.304291
574.834928,124,2209.463235
474.443948,98,2209.584804
441.54351,87,2209.694175
608.886206,126,2209.855065
573.468878,110,2209.995626
606.818863,123,2213.46519
680.998788,137,2213.741848
619.041859,121,2214.003679
643.698633,133,2214.251133
415.001809,83,2214.394103
398.91618,87,2214.556332
431.447289,87,2214.720876
307.458294,65,2214.843539
435.873828,93,2215.018459
447.631252,102,2215.215028
439.772531,99,2215.395438
480.74396,92,2215.561732
522.617107,118,2215.813514
656.570342,129,2216.085328
524.170318,103,2216.294753
498.951274,108,2216.514795
484.71221,107,2216.736355
395.60081,88,2216.914744
458.141744,92,2217.105957
376.97082,80,2217.222273
512.693812,99,2220.571309
353.507044,76,2220.702058
404.336711,76,2220.837268
500.701733,104,2221.018697
508.131295,98,2221.165499
448.812182,98,2221.3384
584.054966,116,2221.532962
422.924585,84,2221.671445
563.055219,114,2221.915727
615.267624,127,2222.185739
509.752052,107,2222.40892
430.88053,93,2222.597558
437.843819,83,2222.771328
531.113376,99,2222.971174
392.952825,85,2223.141781
474.742441,93,2223.338898
513.274414,105,2223.567513
601.081603,133,2223.850682
503.223569,114,2224.09779
334.557705,64,2224.215743
585.425459,121,2227.52874
417.102069,89,2227.673131
514.080435,103,2227.845518
359.399985,72,2227.962652
586.484629,126,2228.134957
422.87384,91,2228.25539
629.91958,120,2228.409242
492.301458,96,2228.53332
460.656212,101,2228.667479
597.706065,117,2228.8155
394.626405,89,2228.929126
581.801746,109,2229.068325
413.381567,79,2229.173344
590.118704,129,2229.334452
454.377871,96,2229.456212
543.551737,106,2229.592824
428.940138,92,2229.714669
554.880438,119,2229.871623
534.002463,117,2230.031458
536.031998,103,2230.165705
406.42598,79,2233.483308
424.926448,94,2233.653532
523.845026,108,2233.82921
441.041586,100,2233.996599
647.080482,130,2234.199594
766.007685,161,2234.456782
333.431058,66,2234.556548
457.375943,87,2234.69435
467.915188,95,2234.838653
446.824321,99,2234.98492
538.039828,102,2235.145074
698.372447,146,2235.37257
301.622879,68,2235.472275
649.158596,130,2235.670632
513.631709,98,2235.818003
380.119368,73,2235.927558
400.278878,77,2236.049241
321.345437,73,2236.156321
529.229419,101,2236.316573
503.348151,103,2236.48143
559.380661,113,2236.655946
474.492546,101,2239.924954
445.498419,87,2240.036006
501.615109,94,2240.155287
425.162021,84,2240.260304
373.394134,85,2240.365991
470.209846,92,2240.48685
503.342127,109,2240.633369
616.314155,122,2240.791535
432.604858,85,2240.90523
617.115845,118,2241.060219
410.246381,80,2241.164087
642.877985,139,2241.351061
597.649963,129,2241.520091
447.186507,98,2241.646505
583.005168,114,2241.797573
440.284543,97,2241.925529
560.758327,108,2242.069765
371.664674,71,2242.165427
541.643036,107,2242.307675
408.788096,90,2242.433203
464.214867,102,2245.592731
563.775402,107,2245.778006
366.238996,81,2245.924924
412.453088,81,2246.069544
328.02691,73,2246.194684
373.858047,73,2246.325317
447.650771,89,2246.49013
382.352613,86,2246.647133
382.159514,83,2246.79284
354.778473,79,2246.922625
584.934865,112,2247.119977
440.553926,95,2247.27666
704.47661,142,2247.51511
485.084777,96,2247.678262
735.601327,158,2247.953807
357.874318,75,2248.079711
501.48058,95,2248.243615
293.893936,60,2248.342037
529.376328,118,2248.545884
804.580302,166,2248.839354
455.646506,101,2249.026822
494.453979,97,2252.301673
444.637385,99,2252.442817
498.757441,106,2252.583146
719.923128,155,2252.788054
464.910978,89,2252.899102
543.950619,106,2253.036864
539.709422,123,2253.193649
516.304221,98,2253.317051
480.843494,93,2253.434172
658.061977,136,2253.60906
478.183797,90,2253.725684
307.850874,68,2253.813066
576.564173,112,2253.96196
313.503582,70,2254.052138
320.226107,67,2254.136711
354.4427,78,2254.237263
351.388934,67,2254.321978
544.83033,111,2254.466235
878.0023,181,2254.708524
633.137956,130,2258.001736
489.579236,95,2258.175912
558.763476,107,2258.373449
420.588626,81,2258.503084
422.074836,93,2258.655101
500.936357,96,2258.781498
445.80503,95,2258.929506
572.937338,109,2259.101408
428.875713,84,2259.228218
506.361242,100,2259.361756
557.614019,111,2259.498524
376.839698,87,2259.60937
643.388716,126,2259.774388
425.902628,91,2259.886889
573.344516,110,2260.030576
473.097745,93,2260.145218
383.345179,75,2260.258555
517.963169,98,2260.413412
363.331931,71,2260.520869
660.882194,131,2260.724203
609.771164,122,2260.916766
579.126646,129,2264.35919
570.757929,109,2264.526314
391.228509,74,2264.629351
749.594773,147,2264.845251
589.341519,122,2265.006256
356.092404,73,2265.098203
510.562564,115,2265.247392
442.260692,87,2265.360725
684.025881,144,2265.547808
557.097907,126,2265.707891
383.049373,85,2265.818771
546.379683,107,2265.960026
455.511819,92,2266.076809
499.890905,96,2266.202991
716.709123,140,2266.382653
350.731896,69,2266.469247
512.451667,108,2266.609661
503.386368,99,2266.741735
682.085645,145,2266.927198
504.76167,98,2269.979317
386.522966,73,2270.102798
660.494128,131,2270.336251
451.766505,88,2270.507187
494.213896,95,2270.675492
416.164359,80,2270.814504
509.100486,99,2270.994337
512.543763,115,2271.204505
434.97286,87,2271.395041
532.059274,102,2271.612118
498.207866,96,2271.816364
631.939302,120,2272.076092
636.889365,123,2272.337593
482.026465,95,2272.541497
381.958222,83,2272.720949
527.433498,112,2272.952603
549.50327,106,2273.17695
364.477994,84,2273.331998
514.701583,98,2273.506389
522.283599,111,2273.706982
392.211641,76,2273.843073
347.181048,79,2277.141381
485.651827,98,2277.277088
608.650821,118,2277.435926
429.03759,90,2277.560279
610.397869,126,2277.775477
471.785037,93,2277.934545
360.157324,72,2278.055948
584.588817,114,2278.254985
475.550418,91,2278.411555
495.860822,96,2278.577889
551.243376,111,2278.773026
641.532525,139,2279.019485
519.043869,111,2279.2091
469.231893,90,2279.362754
447.322949,85,2279.509144
419.222257,85,2279.670876
453.044884,85,2279.859614
409.639677,96,2280.072041
440.579809,87,2280.269072
389.525029,89,2280.475389
404.3697,88,2280.685872
489.355317,93,2284.098078
390.243323,76,2284.23855
375.901881,74,2284.364126
378.259346,84,2284.506384
485.113869,92,2284.666272
484.171014,92,2284.822366
627.084807,134,2285.056431
575.616316,122,2285.256481
567.986234,114,2285.457372
492.295953,108,2285.657426
704.265535,139,2285.908996
369.830882,74,2286.041362
528.222557,101,2286.213827
500.131309,98,2286.385255
735.88939,145,2286.666832
463.368476,89,2286.838454
397.134306,79,2286.971673
444.220157,87,2287.124943
563.958499,115,2287.33032
472.207667,97,2287.500859
354.808281,75,2291.070106
437.682176,83,2291.214518
365.961132,78,2291.347842
473.689065,93,2291.473081
413.661249,89,2291.593547
556.520936,126,2291.758328
554.072183,106,2291.935736
484.626172,96,2292.093603
433.556516,82,2292.229501
526.95914,111,2292.439691
535.4362,122,2292.685532
517.198784,101,2292.89644
353.632353,73,2293.039803
477.88212,101,2293.245555
398.017914,79,2293.413595
522.107967,99,2293.614521
467.67739,97,2293.824607
579.253278,127,2294.022588
639.746379,126,2294.257694
579.20608,114,2294.465459
584.475387,112,2294.653403
464.318259,90,2298.344597
350.110796,71,2298.487921
452.859008,93,2298.675296
395.984217,77,2298.831625
459.058667,90,2299.013021
597.056079,117,2299.263579
490.036209,95,2299.457077
542.030333,104,2299.66549
349.419719,81,2299.818077
470.294807,93,2299.98959
370.021658,73,2300.13776
454.902542,97,2300.34123
547.935206,106,2300.544002
594.306386,111,2300.704145
553.590235,116,2300.878255
613.769798,120,2301.060056
519.135187,99,2301.187218
283.454575,60,2301.263777
406.798058,86,2301.375832
437.824289,87,2301.488299
430.688794,100,2301.618807
337.608422,71,2301.708936
429.481603,83,2304.517391
424.764304,92,2304.676197
608.831247,118,2304.873589
426.740246,80,2305.015476
596.071247,114,2305.21196
411.309751,79,2305.343348
446.930025,84,2305.506353
527.985236,116,2305.750216
482.966296,99,2305.939059
530.201484,102,2306.110668
425.774887,83,2306.247996
439.713883,87,2306.401856
325.853144,70,2306.521601
497.034165,96,2306.692957
699.670953,140,2306.93125
759.203097,147,2307.125904
378.009093,86,2307.23494
431.449986,95,2307.364526
484.388778,92,2307.485132
401.097771,77,2307.597052
351.006084,79,2307.728602
444.760497,87,2311.333032
437.974876,87,2311.475249
351.040145,69,2311.582109
481.372148,98,2311.745651
597.027069,119,2312.003282
492.274414,94,2312.199016
776.109559,155,2312.494297
393.632942,89,2312.646379
614.585069,120,2312.849051
417.043738,92,2313.005741
256.602622,58,2313.103587
473.731404,93,2313.265554
491.674615,96,2313.426738
460.323477,101,2313.565107
363.171142,83,2313.676981
555.81868,110,2313.838162
645.408342,138,2314.065216
526.223438,107,2314.241142
559.510472,121,2314.452472
473.715366,105,2314.6405
516.313355,97,2318.032318
713.297789,139,2318.321955
598.876068,127,2318.559772
486.0339,95,2318.714597
461.888974,88,2318.834573
573.432444,117,2318.989109
392.493717,79,2319.093668
330.302886,75,2319.191228
658.999573,130,2319.360197
516.304804,100,2319.49473
467.024343,89,2319.614509
388.178804,81,2319.72737
512.351823,111,2319.872839
701.133068,136,2320.054647
389.684657,79,2320.164925
617.77612,127,2320.338587
393.126358,86,2320.458309
357.75774,77,2320.565105
516.754374,113,2320.757886
291.858436,64,2320.866036
247.258742,53,2320.950162
380.845569,87,2324.116432
515.763708,102,2324.325456
423.240651,82,2324.460855
386.873063,77,2324.584925
762.285055,149,2324.832618
432.204862,97,2324.980983
405.920145,77,2325.078275
488.790891,96,2325.228973
663.140907,131,2325.437593
452.031137,88,2325.585139
412.450381,92,2325.742263
497.569891,114,2325.923333
578.499083,126,2326.130511
598.562237,119,2326.323448
467.137221,106,2326.504641
465.464409,90,2326.630368
424.133436,92,2326.758063
605.345938,123,2326.933277
623.599966,127,2327.105959
354.731057,78,2327.210845
540.173165,124,2330.437987
474.130004,93,2330.606688
535.631441,105,2330.784628
407.98221,78,2330.918152
615.509931,121,2331.120559
565.201018,109,2331.306027
407.845463,80,2331.444715
465.545066,101,2331.645238
457.383169,93,2331.820124
688.846144,141,2332.044378
529.850603,117,2332.237057
585.808191,117,2332.426374
432.017874,84,2332.564553
454.933474,103,2332.736311
442.931245,98,2332.898908
508.464551,112,2333.086039
472.327435,105,2333.261628
513.134994,98,2333.421909
437.321578,85,2333.559148
642.25734,123,2333.756789
470.190954,90,2337.091965
456.594091,103,2337.249336
594.462832,123,2337.417609
587.435167,133,2337.594775
410.18888,78,2337.72893
413.057984,87,2337.891549
465.532565,103,2338.086016
547.176908,109,2338.23588
489.737541,100,2338.372528
423.254519,97,2338.53164
739.392963,147,2338.762046
536.263909,107,2338.932443
287.138395,66,2339.0344
466.924433,92,2339.179872
535.727991,108,2339.347535
715.81403,145,2339.573287
458.740455,89,2339.711395
424.965122,81,2339.833468
513.381924,100,2339.992428
705.041415,137,2343.221245
526.512821,100,2343.435294
536.726755,104,2343.660164
404.509403,84,2343.802157
472.449836,108,2343.943398
587.714554,120,2344.100308
432.228186,96,2344.265246
347.080386,74,2344.387802
626.916125,140,2344.637835
513.541897,102,2344.821025
412.697128,94,2344.987793
455.114701,93,2345.153357
608.711016,124,2345.379121
306.793116,61,2345.481032
393.260883,86,2345.634148
367.344027,81,2345.777088
634.483935,127,2346.004905
466.106108,99,2346.18314
453.811166,90,2346.342442
414.727177,91,2346.510211
546.044713,119,2346.699552
549.165511,106,2350.061654
490.71151,106,2350.201514
489.043898,103,2350.32739
372.8168,73,2350.420266
325.902244,73,2350.51274
408.495913,85,2350.623905
496.30162,110,2350.79555
419.936988,93,2350.959258
422.933676,94,2351.132247
500.94911,98,2351.310167
487.586306,98,2351.490869
531.407875,113,2351.692497
549.090565,122,2351.910892
532.605855,103,2352.09625
532.666104,103,2352.285469
506.899948,97,2352.460536
492.094571,111,2352.654766
721.201896,147,2352.936625
408.442828,97,2353.121267
404.410944,87,2353.285849
442.448042,93,2356.464709
494.185419,100,2356.590242
547.04591,105,2356.726171
485.704587,91,2356.845109
952.856382,192,2357.101804
576.78538,128,2357.273769
504.315252,102,2357.408245
507.277523,99,2357.54016
540.575101,117,2357.697709
534.488823,116,2357.873433
546.781259,122,2358.093953
582.621156,113,2358.297843
509.290952,99,2358.47754
446.221133,90,2358.639602
475.712608,108,2358.833961
541.940076,103,2359.016372
358.042262,74,2359.159643
649.330698,124,2359.36498
484.777398,98,2359.543601
395.071657,79,2362.962928
499.276797,104,2363.100169
380.700502,74,2363.194348
446.957745,86,2363.307914
446.784389,86,2363.420141
494.156909,95,2363.544629
486.828359,109,2363.689004
420.608883,81,2363.794375
745.559592,149,2363.996836
489.758284,112,2364.147253
525.94786,102,2364.284755
580.159189,111,2364.439049
733.989231,153,2364.649763
449.869241,86,2364.771336
453.745733,88,2364.895539
640.824091,145,2365.151407
383.278806,77,2365.274071
473.479868,91,2365.436434
657.930664,144,2365.679465
465.949592,100,2365.83738
583.094085,116,2369.371246
431.483966,87,2369.498133
657.986566,129,2369.659619
385.44776,88,2369.77249
400.995962,76,2369.872367
393.986381,78,2369.972034
423.432577,91,2370.09357
475.228363,92,2370.217025
351.526837,79,2370.32144
442.991126,87,2370.438092
348.677486,78,2370.54002
322.525551,71,2370.634113
464.036307,88,2370.781955
399.465211,87,2370.930582
440.365691,102,2371.103929
629.041301,125,2371.282678
408.42019,91,2371.401511
439.13738,94,2371.524944
467.71869,94,2371.650537
446.763579,88,2371.796826
456.889394,87,2371.942163
452.941964,88,2372.085508
702.555153,137,2375.256421
529.614094,110,2375.403436
532.083236,106,2375.538682
419.491912,80,2375.640556
451.75154,102,2375.771584
472.73428,103,2375.905934
397.483666,77,2376.005113
551.771926,123,2376.160439
586.801204,121,2376.352889
449.871411,97,2376.523969
468.343434,92,2376.689461
491.65636,96,2376.859982
630.694448,122,2377.078837
578.144258,112,2377.265636
546.330183,116,2377.463158
463.510399,94,2377.610862
545.06153,105,2377.780727
522.409345,105,2377.957896
352.510261,77,2378.0887
571.148016,115,2378.286134
261.549087,57,2381.588677
648.891506,155,2381.829473
427.373593,93,2381.949241
482.559805,93,2382.066663
595.920818,115,2382.216268
682.095646,134,2382.393704
581.471283,112,2382.53431
333.802013,76,2382.629087
485.445416,110,2382.779615
606.317697,118,2382.948587
522.934688,100,2383.085524
834.050023,169,2383.307773
622.742187,123,2383.470124
452.36603,100,2383.606578
347.234404,74,2383.705936
346.611426,76,2383.809014
365.819569,75,2383.930726
511.578413,113,2384.145655
491.642402,109,2384.353001
433.775132,85,2387.264734
436.743613,98,2387.420481
421.717016,86,2387.567029
340.685714,69,2387.680877
448.275894,94,2387.840573
515.797304,96,2388.003987
400.570863,81,2388.110886
417.851212,78,2388.213317
554.465945,122,2388.373922
304.489534,69,2388.461142
883.441966,184,2388.697483
376.545997,76,2388.792092
565.931069,108,2388.985609
472.817046,106,2389.191337
329.56944,76,2389.339336
544.373375,114,2389.526489
484.068189,104,2389.660954
426.449127,84,2389.776415
644.849329,131,2389.950101
273.821982,63,2390.034825
387.134208,96,2390.18734
528.415772,102,2393.116341
232.315436,50,2393.178299
504.696222,97,2393.300563
422.010598,82,2393.429544
402.972991,90,2393.564889
421.415294,91,2393.708817
382.262186,87,2393.842762
404.998237,82,2393.968893
408.887988,92,2394.112141
593.192215,133,2394.314087
500.877726,97,2394.464218
511.116552,102,2394.617629
441.459575,87,2394.758612
432.802861,95,2394.91939
471.436305,106,2395.092469
451.475798,102,2395.266577
388.657653,88,2395.415104
301.156798,64,2395.520779
553.204357,106,2395.707366
360.430333,80,2395.845314
546.749309,117,2396.038483
514.602634,110,2396.247599
643.413723,126,2399.848848
384.132841,85,2400.029279
773.017917,154,2400.361301
406.07812,92,2400.561382
531.087874,105,2400.783307
579.65237,122,2401.061187
475.256305,93,2401.22502
627.276108,125,2401.400154
479.81398,107,2401.550501
595.748273,118,2401.728677
582.825331,113,2401.913505
348.626912,77,2402.032907
498.276528,97,2402.185508
404.555209,93,2402.331595
464.822799,89,2402.485596
405.80092,85,2402.648349
445.144597,87,2402.814465
512.805481,99,2403.001349
571.076618,113,2403.216341
647.537858,127,2403.449988
554.699072,130,2406.900486
505.678327,96,2407.068304
364.208268,73,2407.193754
500.169816,105,2407.377694
440.623827,85,2407.492495
476.610445,91,2407.611902
562.794673,108,2407.759572
391.100284,85,2407.874938
524.657115,118,2408.033344
449.713391,93,2408.159863
407.282756,94,2408.289192
553.803528,106,2408.4334
528.391289,114,2408.659368
633.785654,123,2408.928661
423.378007,98,2409.125371
453.360605,97,2409.296778
294.064057,61,2409.393241
326.831007,74,2409.517264
645.41601,134,2409.747141
396.895554,76,2409.880136
687.599371,135,2413.348557
741.708327,163,2413.715554
303.435853,63,2413.848535
579.661312,116,2414.104114
390.429683,90,2414.301537
416.85102,83,2414.486233
574.710219,115,2414.704426
541.09631,112,2414.90865
613.414209,116,2415.105271
506.28355,110,2415.243414
394.569688,76,2415.349312
507.720393,100,2415.49153
515.655021,99,2415.679219
382.405214,76,2415.822538
509.834252,101,2416.019499
250.382618,54,2416.114016
510.260259,102,2416.302305
645.538418,126,2416.530893
258.46497,55,2416.6277
534.334445,118,2416.835913
402.728242,90,2416.99686
563.732231,123,2420.396383
528.375036,117,2420.596597
387.845005,76,2420.731035
518.44497,104,2420.913476
448.532448,92,2421.079589
447.160508,99,2421.255949
552.961351,109,2421.43834
613.915605,122,2421.642906
538.047468,109,2421.823047
647.432099,127,2422.029523
611.936501,122,2422.219677
357.942861,79,2422.34103
428.413023,82,2422.468318
516.091665,100,2422.636501
644.707641,138,2422.863829
603.302032,123,2423.026534
837.054125,180,2423.270757
526.919729,109,2423.419232
491.287207,101,2426.817077
586.947198,117,2427.069023
331.876034,70,2427.194223
517.267659,99,2427.391137
411.065636,81,2427.539479
384.138513,88,2427.686718
508.971373,97,2427.854809
616.190792,120,2428.059441
401.267625,79,2428.195031
535.534534,110,2428.384428
516.982497,98,2428.55055
517.382245,120,2428.755765
468.257579,105,2428.9356
411.465885,83,2429.060005
527.837619,100,2429.196684
507.421991,121,2429.37884
531.724752,117,2429.581573
493.951454,103,2429.759039
776.225981,154,2430.020646
584.514208,113,2430.196887
481.789656,101,2433.320133
490.967848,103,2433.499095
402.710186,76,2433.640997
432.335156,98,2433.847805
321.591179,69,2433.994542
465.572843,99,2434.131212
580.697898,112,2434.281511
436.589571,93,2434.402566
451.924175,88,2434.521636
428.972099,94,2434.64597
599.878239,124,2434.815382
523.678124,110,2434.962967
399.508827,89,2435.076123
603.747771,115,2435.229693
416.263587,92,2435.348706
592.708765,126,2435.519286
489.22224,92,2435.645845
540.152647,108,2435.788119
348.585954,76,2435.886619
485.277444,98,2436.029894
469.089382,89,2436.165084
553.065963,105,2439.383411
511.443117,99,2439.539671
580.361891,112,2439.727658
440.88782,96,2439.881139
405.554309,91,2440.030847
502.14294,95,2440.193375
700.139953,139,2440.430799
304.260453,66,2440.534144
518.946656,114,2440.721839
402.098312,91,2440.860034
483.189425,92,2441.01111
274.923141,57,2441.096371
447.313914,87,2441.21166
329.000026,70,2441.301621
440.179193,93,2441.4249
379.733486,78,2441.525736
549.670484,108,2441.662737
281.898346,60,2441.737185
457.076125,98,2441.863997
402.959364,89,2441.97698
501.691565,113,2442.125268
594.093045,118,2442.317569
820.885063,166,2445.846505
595.796876,120,2446.08837
594.139348,115,2446.329122
457.452296,90,2446.516843
590.096845,116,2446.76076
712.552064,136,2447.008989
490.095808,95,2447.138379
618.185653,126,2447.308811
645.21392,137,2447.486934
443.970943,96,2447.612153
457.95978,90,2447.728427
380.129561,75,2447.8268
478.647369,95,2447.952877
499.378039,107,2448.090826
544.01109,106,2448.231227
510.791833,98,2448.360039
589.251005,125,2448.573669
527.658091,110,2448.763373
431.538766,89,2451.999895
484.113019,92,2452.123614
371.367672,76,2452.227518
645.640369,128,2452.402591
488.409636,102,2452.543917
405.165644,85,2452.653679
633.513405,122,2452.812677
458.722197,90,2452.929814
455.578776,86,2453.038207
529.911107,113,2453.18414
505.693458,99,2453.314623
551.619366,113,2453.458003
529.77959,102,2453.589517
536.840423,122,2453.744076
539.53416,104,2453.874242
601.874066,118,2454.025097
653.554775,138,2454.203489
618.433949,121,2454.363827
593.135532,118,2454.517901
568.058453,124,2457.945312
500.55064,108,2458.120656
427.059789,84,2458.25848
489.924768,108,2458.43505
539.108145,116,2458.62232
458.801061,89,2458.770536
631.04653,124,2458.970455
449.642253,89,2459.102555
513.424857,117,2459.258573
443.140519,93,2459.382728
583.117905,116,2459.532229
410.610732,94,2459.655062
522.111919,102,2459.786611
405.819183,81,2459.888681
538.427228,108,2460.037384
439.179128,94,2460.181427
320.315506,67,2460.282348
654.781048,126,2460.47784
638.691285,127,2460.675565
410.511415,81,2460.79067
466.420323,92,2460.910762
495.829335,109,2464.333443
514.499654,115,2464.530883
533.377303,103,2464.701624
407.527121,88,2464.844745
457.353549,102,2465.011367
661.342676,136,2465.237503
563.858488,122,2465.417735
542.605313,106,2465.561415
402.642476,87,2465.672632
360.254075,79,2465.792511
421.937461,81,2465.926004
304.096267,69,2466.04262
450.414628,102,2466.218895
548.254729,111,2466.443795
405.114893,89,2466.623983
403.332274,80,2466.794899
473.359985,94,2466.99496
453.825259,100,2467.208848
508.802963,97,2467.423793
495.7103,93,2467.635457
524.786822,104,2470.814416
558.982006,109,2470.961465
756.100327,171,2471.195434
488.243361,109,2471.340407
557.315417,109,2471.483686
539.568123,105,2471.620385
464.588065,108,2471.758326
665.016927,130,2471.93395
326.522934,68,2472.020918
460.187098,90,2472.14018
348.345097,81,2472.243053
655.129473,129,2472.414377
667.325687,128,2472.579165
465.947377,106,2472.717615
739.467618,140,2472.894839
528.307156,103,2473.028707
489.303421,99,2473.155831
499.323947,97,2473.290284
443.11359,99,2473.432228
598.502371,118,2476.790699
409.373883,82,2476.898529
488.66263,109,2477.041198
559.65558,110,2477.189573
516.79802,102,2477.324646
403.315331,79,2477.424551
467.532337,90,2477.542172
425.222268,94,2477.687747
418.458216,83,2477.828085
490.968442,112,2478.019627
413.402307,88,2478.170844
502.652713,103,2478.348905
533.139755,118,2478.552077
801.58704,163,2478.828716
532.215936,114,2479.004607
440.252874,104,2479.145483
566.581585,108,2479.293544
608.929063,116,2479.455953
414.546117,89,2479.577576
567.325781,110,2479.727361
678.790871,140,2483.121845
334.619073,74,2483.245763
452.402871,89,2483.395056
509.568491,100,2483.566614
621.500693,131,2483.790952
668.478109,130,2484.006536
696.762723,144,2484.22746
526.383263,106,2484.391801
780.448754,161,2484.639045
593.996796,119,2484.822058
367.883718,84,2484.947468
388.424172,87,2485.084663
367.286204,76,2485.200824
644.400699,127,2485.401148
455.83921,96,2485.555032
473.891144,110,2485.727524
501.956923,112,2485.904927
513.927708,120,2486.093167
485.300487,93,2489.596158
424.385063,83,2489.781016
546.220988,113,2490.021318
566.935057,112,2490.24857
424.958909,89,2490.365401
496.874984,97,2490.492358
644.994015,134,2490.693432
381.340822,86,2490.830143
624.623399,122,2491.018574
475.149615,106,2491.184726
479.368588,91,2491.333007
552.225834,112,2491.514274
358.367526,76,2491.637909
702.606043,152,2491.888758
454.417132,88,2492.032018
554.798065,107,2492.207201
555.881398,106,2492.390642
514.286154,99,2492.565711
803.891107,157,2492.844998
724.763874,151,2496.426244
554.498417,106,2496.655592
501.915744,113,2496.903906
548.616551,110,2497.139911
519.686444,98,2497.346601
538.852611,104,2497.563938
380.710746,82,2497.738442
501.325802,96,2497.938843
614.865565,120,2498.154329
499.792085,102,2498.350296
703.862875,155,2498.648177
695.759288,138,2498.913662
516.896733,117,2499.144883
436.862606,84,2499.303562
427.873505,85,2499.458824
471.84528,90,2499.623324
457.818296,103,2499.80815
498.63176,106,2500.008798
519.318358,105,2500.205971
353.162037,79,2503.362133
364.006646,83,2503.471424
485.915917,96,2503.597736
422.176764,91,2503.716846
541.335032,120,2503.877596
318.784353,73,2503.97648
574.230498,112,2504.132168
561.717152,107,2504.283979
565.008933,121,2504.452654
625.365719,121,2504.624282
425.740386,89,2504.750665
447.362791,88,2504.881884
649.042915,130,2505.096881
539.32352,104,2505.264385
375.411368,79,2505.389857
575.907283,113,2505.580797
408.194313,92,2505.729373
449.34822,102,2505.894984
466.711123,94,2506.049384
629.105334,127,2506.259623
384.18197,90,2506.412201
449.05659,85,2509.940606
587.9016,109,2510.163116
479.084339,92,2510.35003
438.064692,88,2510.504586
558.913351,125,2510.70541
517.149647,99,2510.868858
505.206396,100,2511.031416
611.176807,132,2511.244143
460.550171,100,2511.415967
429.062346,93,2511.582182
563.20045,110,2511.78118
258.527464,58,2511.873523
405.703982,88,2512.016804
635.25798,123,2512.222946
494.403199,93,2512.382018
495.069405,98,2512.557835
296.927299,67,2512.673522
485.414113,103,2512.854617
456.578246,93,2513.020987
418.86265,83,2513.169254
567.418358,112,2516.52954
535.874717,104,2516.754368
404.840289,88,2516.935291
587.103623,117,2517.179638
441.03577,94,2517.380634
613.455313,118,2517.632334
595.367526,115,2517.885198
365.611836,82,2518.057135
410.315102,93,2518.25258
347.979303,79,2518.387818
640.888403,126,2518.620534
494.080873,99,2518.797053
589.478809,115,2519.00407
512.452942,99,2519.182202
464.205023,93,2519.325427
532.401346,106,2519.46547
378.589149,82,2519.571945
619.133822,142,2519.77255
444.870513,88,2519.925843
431.579053,84,2520.068924
370.345914,87,2520.213852
634.942878,124,2523.506413
391.147421,78,2523.604434
505.49662,98,2523.730641
541.4699,112,2523.872243
358.005709,81,2523.975998
441.329714,93,2524.098347
403.898034,86,2524.211282
508.091977,102,2524.344236
621.326776,126,2524.510069
414.485248,81,2524.61526
459.629095,104,2524.751107
395.150274,77,2524.854448
422.749151,82,2524.958426
634.145909,123,2525.12019
662.896084,142,2525.310302
618.638163,138,2525.501962
555.579333,123,2525.687272
443.187194,96,2525.861372
317.52855,62,2525.978716
533.182882,118,2526.209904
438.842439,90,2529.579339
456.607981,105,2529.796356
618.823054,117,2529.97623
518.747375,104,2530.111559
525.659685,112,2530.260368
551.752196,106,2530.398749
604.368053,119,2530.558937
378.917775,82,2530.668842
430.707306,88,2530.788996
634.533748,126,2530.952039
516.838269,103,2531.089541
420.071544,87,2531.202124
575.228052,118,2531.358092
388.787702,84,2531.473894
544.477014,107,2531.622108
661.238722,145,2531.821094
472.127597,96,2531.965472
674.906797,133,2532.215028
573.665101,112,2532.44979
624.0159,124,2535.640176
596.843886,113,2535.785079
397.692924,88,2535.895591
470.915739,108,2536.03194
417.950738,92,2536.151474
552.092412,108,2536.289935
578.924397,114,2536.435494
403.412978,92,2536.550916
700.157462,151,2536.739412
541.475741,113,2536.888068
705.289562,139,2537.064176
777.052225,167,2537.277792
392.253099,80,2537.384321
533.91004,106,2537.529263
515.215448,97,2537.66223
569.029969,126,2537.875615
586.706011,111,2538.072407
472.264355,96,2538.236609
269.951895,58,2538.331491
465.645912,90,2541.799852
683.647007,138,2542.017819
522.690898,106,2542.182555
342.821741,77,2542.293624
595.296269,126,2542.487662
636.673002,129,2542.687707
449.151463,107,2542.833997
769.174422,155,2543.028566
356.801418,79,2543.124463
411.096326,85,2543.232399
638.821514,124,2543.389897
325.762981,78,2543.485692
488.560623,94,2543.606993
631.220971,120,2543.776864
521.88648,102,2543.921576
578.30378,116,2544.080717
459.765315,103,2544.25593
351.288041,70,2544.371902
658.166543,126,2544.581487
471.858039,93,2547.690406
525.844278,103,2547.868801
656.620777,129,2548.083597
527.483876,102,2548.222434
525.467778,100,2548.3533
503.23482,97,2548.480843
589.737039,121,2548.638318
549.34523,110,2548.786711
664.093797,137,2548.965251
428.526324,94,2549.091923
411.592963,78,2549.195223
431.750141,83,2549.299719
748.575859,154,2549.501164
538.867259,103,2549.673268
613.42467,122,2549.864403
535.947593,106,2550.013128
440.689262,83,2550.168123
568.347807,116,2550.369524
559.400375,109,2550.563575
342.704715,71,2553.528761
383.881528,73,2553.622662
741.435032,152,2553.822381
426.768013,93,2553.93645
525.220073,120,2554.087943
488.937342,95,2554.210869
511.896925,100,2554.34122
548.583728,107,2554.47731
551.021051,107,2554.618817
342.618993,67,2554.705424
541.675952,111,2554.847956
561.674745,116,2554.998914
391.862544,90,2555.116274
519.588714,103,2555.251799
414.345213,82,2555.360709
611.490773,118,2555.517817
311.662815,65,2555.59954
434.185167,85,2555.707306
599.760015,121,2555.871162
458.416198,98,2556.007572
664.45818,129,2559.459345
452.121841,90,2559.651756
498.715916,111,2559.898109
359.011036,71,2560.039591
545.682917,121,2560.291624
479.54186,106,2560.517437
455.612759,97,2560.723326
555.218021,125,2560.990309
506.288578,95,2561.200284
545.649956,106,2561.423644
651.594137,122,2561.691994
774.47429,163,2562.056168
601.617663,119,2562.321347
574.982494,111,2562.577767
508.138109,112,2562.847451
439.330524,97,2563.027194
487.903291,108,2563.215089
519.143145,117,2563.41177
568.809347,108,2563.59377
708.448767,147,2566.92622
505.415173,116,2567.17301
631.46141,126,2567.445133
336.961349,75,2567.606442
414.033236,96,2567.809001
557.664146,124,2568.080094
613.734719,125,2568.312696
371.158809,75,2568.407559
528.545717,116,2568.562514
541.038413,112,2568.74579
520.488491,101,2568.916408
601.053128,123,2569.127337
567.603572,113,2569.321647
496.586498,98,2569.511074
472.83916,93,2569.6875
488.95277,112,2569.89206
897.981039,179,2570.203713
572.380777,116,2570.412224
373.620528,75,2573.921377
537.119958,103,2574.076044
484.805698,95,2574.226636
529.554904,104,2574.387159
437.751651,87,2574.521164
427.289151,96,2574.6927
432.615343,85,2574.840437
558.995096,113,2575.038459
475.070765,94,2575.205198
571.299009,114,2575.425804
619.359929,119,2575.674574
415.489002,85,2575.837541
441.256506,97,2576.032364
498.468828,102,2576.238397
613.41501,124,2576.487919
614.052866,143,2576.767282
542.950824,105,2576.963221
513.584131,115,2577.176919
560.785825,108,2577.374781
554.157626,106,2577.569438
612.285172,134,2580.995439
464.287822,92,2581.174057
566.958148,106,2581.375492
553.697553,114,2581.592651
497.360663,92,2581.768607
743.852057,144,2582.04869
533.138118,103,2582.250744
564.807237,111,2582.469645
477.36232,95,2582.670861
571.980896,106,2582.892117
448.401703,87,2583.070829
485.748495,92,2583.242301
479.589575,103,2583.414173
473.059014,89,2583.556346
555.877752,113,2583.712158
578.275888,126,2583.88248
507.121895,107,2584.022208
530.584125,117,2584.17119
490.548532,94,2584.294068
429.175295,98,2587.574987
555.028798,107,2587.77774
422.538382,86,2587.95835
769.962387,154,2588.275255
441.357476,96,2588.473972
549.148669,110,2588.712604
391.833382,76,2588.867149
506.077588,95,2589.056158
510.278864,119,2589.297909
452.462681,90,2589.479077
450.011912,95,2589.674771
464.722348,105,2589.866878
471.924479,98,2590.040757
414.882138,94,2590.210974
530.960625,104,2590.401374
342.401819,70,2590.519926
482.378399,95,2590.684744
402.039674,84,2590.823342
445.510312,88,2590.973966
457.872708,100,2591.15918
458.545209,89,2591.345122
605.105415,122,2595.022295
411.707402,90,2595.204467
450.121447,98,2595.394559
516.611793,101,2595.579464
465.819321,88,2595.740279
523.681446,113,2595.952906
469.455915,93,2596.123847
424.082675,84,2596.272971
360.726754,71,2596.399479
604.178989,122,2596.617083
482.284872,90,2596.797241
658.636388,136,2597.095239
594.494501,135,2597.387038
425.584861,82,2597.556001
673.858896,136,2597.846032
427.412958,96,2598.051403
472.795834,108,2598.273295
483.758253,93,2598.478816
608.017006,117,2598.733989
390.856008,86,2598.887485
559.433592,109,2601.995362
491.753095,95,2602.172837
517.634836,100,2602.343123
685.350492,136,2602.559746
391.987943,90,2602.70604
479.77149,91,2602.85786
511.393255,108,2603.041384
458.275324,99,2603.208021
447.312185,99,2603.368732
524.601057,104,2603.537704
674.426163,145,2603.759659
447.731779,88,2603.887124
382.354163,76,2603.979007
526.722658,106,2604.110409
467.72616,93,2604.226141
447.773563,88,2604.339737
481.073328,92,2604.463375
615.011568,123,2604.622754
674.556302,149,2604.818417
676.991943,136,2608.139672
403.13455,79,2608.275436
406.464185,82,2608.422576
370.316989,75,2608.549104
446.410446,85,2608.700817
602.942001,121,2608.904952
522.173159,100,2609.083079
520.68647,98,2609.254458
339.196641,68,2609.377391
404.704668,80,2609.519253
629.241786,123,2609.737046
488.459653,95,2609.90002
501.528002,116,2610.097465
284.289312,60,2610.193525
444.150112,89,2610.345123
570.765748,124,2610.572418
518.851825,97,2610.740016
687.223874,149,2610.940976
445.558517,103,2611.074504
564.039487,108,2611.214468
429.333468,95,2611.336711
483.288414,94,2614.542276
658.508626,130,2614.776077
452.52102,104,2614.967313
471.108457,91,2615.124049
515.181493,100,2615.293973
912.036418,198,2615.599859
444.546903,84,2615.762819
391.101983,79,2615.928299
612.541146,132,2616.214228
404.306807,85,2616.399402
498.807793,103,2616.62632
569.400004,109,2616.848419
544.826392,106,2617.081948
545.036278,114,2617.328412
916.380196,202,2617.765575
711.220753,139,2618.067857
448.978453,103,2618.286914
587.509698,115,2618.48258
514.328007,101,2621.810822
712.151678,141,2622.002458
468.498611,91,2622.120446
468.025789,91,2622.269244
757.212993,163,2622.532895
448.121152,99,2622.6701
460.858405,94,2622.80354
612.154932,119,2622.956359
428.473473,94,2623.095526
429.803919,87,2623.231705
446.174983,93,2623.370329
536.768388,105,2623.539287
413.961319,77,2623.663255
425.338628,94,2623.80955
594.097947,116,2623.992234
458.137038,91,2624.133554
555.310982,121,2624.31192
597.423539,115,2624.465557
559.921466,115,2624.615443
483.815758,107,2627.714434
436.569114,83,2627.876787
604.94381,113,2628.083475
560.004444,108,2628.284198
523.490784,100,2628.466778
428.578694,95,2628.625933
578.403087,113,2628.806191
477.577887,97,2628.956968
490.942759,110,2629.11952
491.747141,100,2629.242216
479.008565,92,2629.361102
541.701694,105,2629.494325
555.984993,108,2629.630433
672.092228,142,2629.815824
459.514471,93,2629.942147
621.046069,119,2630.096868
445.220547,94,2630.222448
670.273735,127,2630.393913
390.045218,89,2630.510736
446.466109,86,2630.625164
663.16276,140,2633.91203
471.951692,104,2634.08764
440.016616,85,2634.236405
510.459687,107,2634.432449
575.47452,127,2634.663549
710.768544,145,2634.863453
502.487754,98,2634.997469
520.039341,109,2635.144699
766.381948,172,2635.400921
598.512056,123,2635.594243
355.643192,73,2635.708819
598.136248,117,2635.888477
651.944817,126,2636.116308
453.404582,87,2636.280119
417.001685,82,2636.453429
377.466343,73,2636.609093
582.140885,118,2636.851961
427.518936,95,2637.051815
432.770621,85,2637.227391
394.081542,85,2640.733098
720.516282,139,2640.942222
483.917695,96,2641.109137
587.103075,113,2641.294254
445.267395,87,2641.44056
410.100398,82,2641.576843
496.346282,95,2641.742971
366.000891,72,2641.864993
575.576523,114,2642.052491
644.778379,131,2642.266691
465.709342,87,2642.410352
699.562438,142,2642.626617
442.144362,98,2642.778051
512.176444,108,2642.950756
503.043321,99,2643.114631
427.764022,98,2643.27604
538.82583,107,2643.419003
439.818381,83,2643.526922
484.065768,94,2643.653151
420.522187,81,2643.761763
497.448699,100,2646.372987
468.563039,87,2646.499483
569.41666,108,2646.673554
514.904868,117,2646.874617
398.509081,79,2647.01991
423.843706,84,2647.1762
295.878482,66,2647.289858
460.489415,98,2647.453943
642.621138,127,2647.665332
701.502799,153,2647.918078
694.761845,139,2648.148572
550.765921,123,2648.370409
602.787837,118,2648.542247
518.017582,103,2648.728476
501.170756,99,2648.910362
592.819746,132,2649.14969
594.405733,116,2649.359518
495.279256,97,2649.535175
479.786585,99,2649.700088
549.118503,105,2652.428282
532.41047,106,2652.626661
469.506955,105,2652.814583
557.784409,110,2653.009513
651.260699,134,2653.235201
476.857814,109,2653.425317
564.21846,111,2653.614137
467.323115,90,2653.765765
549.864629,104,2653.937559
390.256535,75,2654.058123
555.213003,111,2654.233493
481.29165,101,2654.367254
490.242552,109,2654.549598
744.97948,147,2654.819161
488.86278,94,2654.98583
476.874443,103,2655.157224
479.091012,96,2655.314236
592.450814,116,2655.505857
553.796398,107,2655.686662
612.017736,119,2659.089661
663.24256,131,2659.331216
461.425256,105,2659.532404
485.135943,101,2659.727669
334.531976,76,2659.87481
502.169997,105,2660.075715
545.058278,111,2660.288704
435.620433,97,2660.467436
536.775842,121,2660.685617
642.977801,125,2660.902217
684.626806,136,2661.145511
608.582633,114,2661.358141
449.115607,95,2661.521767
435.851428,82,2661.664737
564.837643,108,2661.849471
547.09753,118,2662.037169
462.484131,106,2662.172822
805.728866,175,2662.397301
549.898706,106,2665.453765
390.007321,76,2665.641862
433.374108,93,2665.869128
586.743163,114,2666.135702
587.583218,115,2666.383559
496.717468,100,2666.567322
625.964654,120,2666.731097
478.635354,92,2666.859176
567.902958,120,2667.027739
378.171313,81,2667.13803
498.166543,95,2667.27039
552.835008,107,2667.421268
533.768916,119,2667.605056
645.943052,123,2667.792162
676.068585,140,2668.036819
461.971448,87,2668.174929
692.96119,136,2668.355483
467.226522,91,2668.473975
531.72393,105,2668.615314
522.425234,100,2668.741771
549.611771,107,2672.09587
410.650519,91,2672.263496
573.241259,112,2672.476541
713.937363,146,2672.743023
621.074972,121,2672.960532
511.921976,113,2673.165841
437.296955,91,2673.322063
429.488109,92,2673.485548
588.194682,132,2673.704912
421.092499,93,2673.856109
596.585289,113,2674.044839
471.192447,104,2674.229765
524.707653,101,2674.375763
563.911557,110,2674.522806
620.307667,119,2674.678262
404.118524,79,2674.786408
477.303106,91,2674.906603
500.937902,96,2675.034365
453.371876,91,2675.15292
451.685215,93,2677.780746
470.202939,100,2677.92047
545.358158,119,2678.086512
465.914481,91,2678.207603
375.300237,82,2678.347523
508.988714,112,2678.550246
571.427079,118,2678.763111
537.812587,106,2678.956939
566.975245,110,2679.144282
552.223844,108,2679.322395
580.426384,109,2679.498873
554.032667,129,2679.719343
526.373561,104,2679.90301
533.377605,114,2680.116105
365.326687,77,2680.256078
574.380785,114,2680.470788
545.0761,106,2680.672363
471.293365,91,2680.837755
513.569551,104,2681.022016
466.86129,91,2681.205516
506.206136,97,2684.914896
555.225823,123,2685.095943
518.154305,108,2685.247325
584.596532,112,2685.401942
524.442595,105,2685.544232
476.79731,94,2685.6752
516.184155,101,2685.814376
399.299456,82,2685.938863
743.074531,149,2686.198942
534.464784,115,2686.398637
422.709163,89,2686.567167
404.617892,92,2686.725362
502.226811,101,2686.893425
400.956817,91,2687.046599
485.451563,96,2687.206475
365.736608,79,2687.334001
481.302253,93,2687.455293
519.483888,103,2687.593454
421.818129,96,2687.718976
452.098772,89,2687.831593
552.53324,107,2691.047904
435.364265,94,2691.173816
558.344232,110,2691.340822
548.781749,105,2691.536345
340.196475,76,2691.682309
340.631719,79,2691.833006
731.403085,155,2692.160773
528.593441,104,2692.404999
359.083498,77,2692.568146
637.000619,127,2692.742843
638.317787,131,2692.921761
453.914896,88,2693.047134
502.847518,97,2693.184433
414.360755,84,2693.300917
472.544159,109,2693.448132
481.032699,108,2693.592434
596.905656,120,2693.753113
592.073424,113,2693.902537
597.461674,120,2694.062191
394.141231,87,2694.170798
435.640441,85,2697.362599
452.585935,90,2697.511106
468.090568,92,2697.678716
563.50783,110,2697.870321
449.057087,87,2698.0241
563.147417,115,2698.22038
652.125479,144,2698.48834
594.285955,114,2698.695968
577.969159,113,2698.940185
532.12784,101,2699.156399
523.540427,123,2699.379078
532.210753,103,2699.564632
508.291324,114,2699.768186
647.019481,124,2699.990468
541.432284,119,2700.210194
680.731331,134,2700.499406
637.463657,125,2700.782569
495.586643,110,2701.021384
605.11963,120,2704.369849
526.850144,100,2704.551314
500.482041,102,2704.718592
675.780534,129,2704.913404
456.981805,89,2705.032603
623.951469,126,2705.210172
600.509907,130,2705.40052
619.749554,123,2705.603911
355.127899,72,2705.723729
601.024599,118,2705.921938
531.742226,109,2706.105684
703.179544,145,2706.343171
463.605679,90,2706.495975
579.137393,116,2706.690294
642.612694,139,2706.9183
633.203381,120,2707.114753
553.244543,106,2707.256994
647.536097,124,2707.418722
507.261993,106,2710.614801
437.372312,98,2710.810141
647.497077,147,2711.073285
581.301041,112,2711.266762
542.246857,104,2711.451892
476.63,101,2711.648952
480.833491,92,2711.80447
639.06495,142,2712.026885
473.533802,103,2712.185568
293.40318,67,2712.29363
585.802989,115,2712.50389
461.263008,92,2712.664601
412.977513,80,2712.800662
539.488253,111,2712.991632
673.100762,148,2713.246142
411.024235,88,2713.399415
486.524626,93,2713.557629
434.629192,97,2713.718084
407.298101,93,2713.867567
551.47418,108,2714.035358
483.130474,93,2716.67719
439.875085,85,2716.790404
710.73637,142,2716.980288
495.933037,111,2717.12703
547.971042,117,2717.281467
530.527135,103,2717.418951
597.008782,128,2717.613562
614.466332,137,2717.835849
729.465871,151,2718.07926
484.014663,93,2718.228266
668.155392,128,2718.46112
532.58529,118,2718.677771
491.608906,107,2718.875233
589.615846,127,2719.104478
585.256438,112,2719.307925
505.587379,99,2719.48789
486.110625,111,2719.693259
518.138682,102,2722.965867
511.774068,99,2723.097301
502.772486,110,2723.239476
516.768817,99,2723.369852
437.974929,86,2723.48195
483.344877,99,2723.607631
679.42838,148,2723.797194
470.608922,93,2723.927694
645.746859,130,2724.103038
506.259488,98,2724.235776
576.696053,111,2724.378926
487.073077,95,2724.513341
628.147803,123,2724.688592
209.627825,47,2724.751908
614.568201,133,2724.955848
366.769749,81,2725.073291
529.095621,102,2725.25375
456.076448,88,2725.405385
512.505201,100,2725.581627
650.419514,137,2725.812775
450.048966,100,2728.97137
626.118124,132,2729.175643
572.005796,109,2729.359175
475.239345,93,2729.502783
537.886373,104,2729.665987
377.272751,72,2729.781478
563.645091,108,2729.951166
566.299706,110,2730.128713
615.024,132,2730.334617
470.697007,90,2730.478821
548.241444,120,2730.675439
540.832101,105,2730.851644
501.57236,97,2731.027697
550.653852,114,2731.2184
644.114346,132,2731.437351
534.487767,105,2731.61915
493.969102,99,2731.794523
481.038792,91,2731.959486
502.572102,99,2732.139995
541.093265,110,2735.62145
646.051293,140,2735.915529
563.458939,108,2736.147611
537.889686,101,2736.367176
725.409352,162,2736.692019
506.038246,99,2736.866264
545.018686,111,2737.05548
522.641644,102,2737.230784
546.45431,108,2737.407651
444.315137,102,2737.576116
621.813472,123,2737.78278
481.567724,95,2737.942764
409.408819,78,2738.072886
461.567194,93,2738.232088
384.153168,87,2738.379652
532.242563,102,2738.552412
418.844886,91,2738.71004
572.202297,121,2738.914209
518.36391,106,2739.092948
607.272709,118,2741.873626
610.115896,121,2742.044376
759.637247,155,2742.253825
421.719062,89,2742.372728
489.377973,110,2742.516336
443.212438,86,2742.632311
507.863574,99,2742.764306
416.389877,82,2742.87011
524.590223,99,2743.000463
403.84403,80,2743.10932
351.746849,74,2743.211795
519.108551,110,2743.381549
551.303417,105,2743.559888
430.538495,82,2743.700154
513.198045,99,2743.837511
435.518389,83,2743.9502
445.882801,96,2744.077879
435.531658,83,2744.201666
577.70511,114,2744.391112
706.887371,138,2744.620216
559.364706,127,2744.833354
566.227531,110,2747.877118
491.664847,113,2748.040115
550.811706,120,2748.210207
611.36264,124,2748.383282
345.547415,75,2748.487224
403.948322,80,2748.593504
528.981961,114,2748.741974
622.89959,123,2748.908323
356.444132,74,2749.003494
577.255547,119,2749.161568
506.767976,107,2749.302162
444.196557,101,2749.435321
411.894428,78,2749.539927
436.886884,94,2749.662716
580.577599,113,2749.85305
382.383154,85,2749.994774
609.043056,120,2750.19205
413.040004,90,2750.336333
701.998157,138,2750.552708
379.706928,85,2753.829303
393.380017,91,2753.958235
443.557828,101,2754.101677
522.790605,101,2754.247787
355.507464,74,2754.347301
331.68844,79,2754.454521
453.783327,87,2754.580242
474.478329,96,2754.711177
431.203263,94,2754.841371
557.068878,112,2754.987715
486.45075,93,2755.110313
446.688108,102,2755.240108
507.840004,115,2755.388309
381.090409,78,2755.488148
537.461322,105,2755.627764
650.613706,128,2755.799608
326.042739,70,2755.888192
374.374572,84,2755.99392
419.346817,81,2756.103184
463.926189,104,2756.235703
492.527891,99,2756.369677
569.37597,112,2756.520944
560.721873,108,2759.585943
456.010142,87,2759.731401
510.269919,99,2759.891078
455.331688,87,2760.037729
527.52288,102,2760.217457
428.181602,89,2760.362811
520.862535,100,2760.532137
446.343878,85,2760.670052
473.544559,95,2760.813993
599.460322,117,2761.007722
450.201184,89,2761.164267
626.321341,132,2761.39314
414.040227,82,2761.537452
479.586506,94,2761.726761
522.01794,111,2761.911253
605.745006,121,2762.068054
464.43898,101,2762.198943
409.303112,84,2762.307358
377.770672,86,2762.426476
487.164725,101,2762.600199
374.303719,73,2762.730339
597.112786,116,2765.773003
516.19639,100,2766.010151
550.490582,106,2766.249076
657.027898,128,2766.536132
420.38407,83,2766.660282
450.90925,88,2766.820784
412.961088,81,2766.967548
710.429167,155,2767.192527
558.876259,110,2767.347114
352.822683,71,2767.462459
723.225537,161,2767.725677
542.51751,125,2767.929749
435.436567,91,2768.071219
465.498711,91,2768.215885
797.569455,157,2768.466049
514.014416,112,2768.639306
402.205854,79,2768.762269
392.480721,87,2768.899949
603.815637,121,2769.100194
505.444097,114,2772.178922
560.783202,112,2772.384289
653.369906,147,2772.653163
552.349649,102,2772.836522
424.90614,81,2772.980778
640.150817,121,2773.235799
641.729186,127,2773.529862
549.09988,123,2773.792483
534.607946,105,2774.025357
727.385434,159,2774.378482
505.444025,109,2774.618375
583.550531,112,2774.86917
426.282834,90,2775.031039
375.396238,86,2775.18513
542.326321,107,2775.379797
621.583567,121,2775.594307
589.311596,126,2775.807616
428.50017,97,2775.972184
465.145159,92,2779.421985
478.531852,101,2779.606733
419.760748,89,2779.756984
283.67476,60,2779.849699
591.211917,116,2780.036475
553.365192,109,2780.209096
693.53798,144,2780.438461
453.407335,88,2780.57911
519.694528,113,2780.750693
473.621071,93,2780.894973
511.398457,100,2781.055628
430.645668,84,2781.185302
500.11389,99,2781.341435
481.723516,105,2781.51394
593.619885,121,2781.710229
642.879853,135,2781.901665
542.063039,103,2782.050794
329.603286,72,2782.147767
379.43286,81,2782.284754
389.245143,87,2782.428451
695.908398,138,2785.554937
485.203022,101,2785.720586
669.966024,145,2785.94366
818.795105,163,2786.178024
437.629467,102,2786.311396
413.429127,79,2786.41542
441.549686,95,2786.538031
434.309915,82,2786.646551
562.635515,109,2786.819694
447.068663,87,2786.955848
361.661548,81,2787.085176
531.202411,106,2787.250414
580.91451,115,2787.429769
482.056841,95,2787.580449
422.533638,95,2787.73186
478.523838,90,2787.875548
573.919454,112,2788.062642
482.036662,109,2788.239972
519.854172,102,2788.407699
467.670953,102,2788.57595
424.946228,92,2791.625306
644.119793,127,2791.850707
561.57296,115,2792.059292
733.737817,146,2792.334427
353.135141,78,2792.496981
478.384364,105,2792.722118
396.503685,84,2792.897357
580.205394,123,2793.155752
632.316006,141,2793.458124
486.729816,103,2793.66887
526.581545,118,2793.87605
459.329513,90,2794.03565
491.930621,99,2794.199029
690.182672,141,2794.419677
545.80729,111,2794.599329
713.632976,154,2794.885522
542.679363,105,2795.091007
452.854339,89,2795.261125
554.498868,113,2798.377632
557.216945,123,2798.538515
381.12449,78,2798.638964
671.032269,130,2798.812543
423.390153,94,2798.93661
516.405443,98,2799.067608
576.573007,114,2799.212509
481.265513,95,2799.342626
414.300999,91,2799.465698
525.103151,107,2799.60216
408.066669,86,2799.713671
524.449588,111,2799.863943
672.514044,144,2800.047574
395.123386,79,2800.15302
400.71363,88,2800.263451
406.602822,92,2800.38865
483.7032,97,2800.522152
570.284092,109,2800.705448
883.997327,177,2801.021401
638.638614,141,2804.3009
664.719969,138,2804.589769
283.917154,64,2804.721506
657.440944,139,2804.95137
669.65277,143,2805.140152
497.82778,99,2805.264558
323.278939,71,2805.353516
602.428553,122,2805.508607
853.40588,197,2805.763936
610.753705,138,2805.946669
462.252695,104,2806.10335
604.872259,120,2806.320609
463.392378,90,2806.444099
450.71124,86,2806.560316
715.394823,148,2806.752032
670.386003,130,2806.956102
461.074069,94,2807.105539
488.281891,112,2810.556727
481.373615,93,2810.753605
475.828766,92,2810.893567
476.182288,94,2811.041988
499.925451,97,2811.195647
438.860407,103,2811.360942
686.920704,139,2811.585964
679.325976,129,2811.787368
599.535164,118,2811.97186
496.614193,94,2812.122129
371.855148,78,2812.246247
635.836472,125,2812.45706
577.96824,117,2812.655617
549.227049,107,2812.841808
549.313833,107,2813.036649
578.533939,112,2813.240919
467.999006,100,2813.423252
598.340482,114,2813.656508
524.917062,118,2813.855295
685.003705,131,2817.312398
558.131861,114,2817.458498
589.098932,127,2817.634836
507.973571,100,2817.766806
532.882217,109,2817.907728
645.965201,131,2818.080808
488.723443,95,2818.20486
530.917443,104,2818.341217
724.234902,149,2818.537714
626.81351,139,2818.762211
614.287924,121,2818.969438
482.420439,102,2819.145046
445.717432,101,2819.334204
533.586047,106,2819.528371
601.375443,133,2819.75434
347.534263,75,2819.886274
690.787036,133,2820.122266
471.433348,91,2820.283223
519.145025,102,2823.581637
465.76511,90,2823.773991
686.033794,136,2824.067991
600.546531,118,2824.323962
516.443597,113,2824.566776
545.883466,122,2824.839685
476.010449,109,2825.042042
373.704577,77,2825.177578
589.896294,127,2825.423451
670.044726,131,2825.673364
386.621204,89,2825.832478
516.664482,107,2826.020672
457.74119,98,2826.199952
494.350251,93,2826.384631
450.970108,97,2826.571968
538.335192,107,2826.747655
600.86341,114,2826.908871
521.450817,108,2827.055876
774.75516,159,2827.27526
845.931242,186,2830.632885
378.530382,80,2830.736191
523.851992,107,2830.888529
569.920489,127,2831.094424
385.236666,89,2831.245565
792.965553,170,2831.551602
474.464429,97,2831.722008
479.578724,110,2831.916311
645.565901,134,2832.152078
559.269505,107,2832.332762
570.000591,128,2832.550425
300.975607,67,2832.657495
595.329956,117,2832.866822
431.022114,98,2833.034849
729.814667,143,2833.276467
495.723166,104,2833.447094
460.399957,91,2833.571436
507.70869,109,2833.712701
1050.60157,212,2837.276176
430.159766,84,2837.421047
521.580338,101,2837.597749
665.201552,139,2837.836261
433.928014,97,2838.010809
445.232337,96,2838.177687
576.897248,127,2838.411641
432.041904,86,2838.565659
456.020865,97,2838.739188
617.747256,129,2838.95595
470.611341,105,2839.148713
648.041048,125,2839.373918
498.329466,101,2839.547342
533.546169,123,2839.769036
564.533632,128,2840.0041
375.618693,84,2840.129283
581.580974,115,2840.27748
489.963465,93,2840.397285
507.967705,100,2844.080208
490.299473,94,2844.257663
582.633902,111,2844.461487
500.318865,97,2844.652833
527.596822,103,2844.838943
488.21754,94,2845.000249
521.454376,110,2845.197184
622.778242,123,2845.411895
631.749573,129,2845.62331
489.135997,96,2845.790542
510.331822,111,2845.975566
799.213172,175,2846.262013
969.676374,196,2846.579159
509.903171,110,2846.754146
413.712074,81,2846.889262
461.600824,89,2847.03681
376.077699,80,2847.168122
364.88572,81,2847.301754
516.831753,106,2850.397075
455.010146,91,2850.546674
466.182912,99,2850.716988
454.784317,97,2850.882151
626.230466,126,2851.099697
431.469088,96,2851.265748
562.29942,107,2851.456419
547.409541,106,2851.655559
628.730584,129,2851.888197
460.327201,99,2852.082426
520.181532,100,2852.278299
600.696444,130,2852.527982
521.082199,103,2852.707326
672.261881,155,2852.986228
601.442997,130,2853.217641
535.494236,124,2853.444381
495.069226,101,2853.622569
520.087405,98,2853.788008
637.234839,130,2854.012054
552.276568,110,2857.529477
593.374679,116,2857.695251
489.089843,96,2857.829153
336.575156,70,2857.92655
611.970389,123,2858.094944
531.093536,101,2858.237078
647.989006,129,2858.421763
488.81183,99,2858.556547
601.456644,113,2858.772276
512.160202,98,2858.950087
640.644958,124,2859.170617
534.570905,106,2859.357432
523.758749,103,2859.530192
565.326705,130,2859.742287
398.807301,87,2859.887069
489.868584,96,2860.044294
577.18322,114,2860.234594
482.014923,101,2860.399546
498.576134,96,2860.561398
389.988254,85,2863.865777
357.806631,83,2863.978539
462.688663,88,2864.094982
304.459691,68,2864.188617
798.791057,163,2864.42086
634.720698,136,2864.612136
448.621496,89,2864.741851
542.166809,113,2864.904426
378.508788,79,2865.005033
614.909988,125,2865.210204
518.59828,102,2865.379239
497.221635,115,2865.573955
631.280689,135,2865.807798
437.272893,94,2865.962961
527.041817,117,2866.136178
384.026394,78,2866.243191
564.941748,114,2866.399179
555.718136,114,2866.549144
512.034247,101,2866.685687
802.543853,161,2869.726743
539.489816,108,2869.873422
554.661412,123,2870.041783
622.503902,141,2870.235723
669.376621,129,2870.40293
565.207876,121,2870.57119
444.250951,100,2870.714558
574.35549,118,2870.879828
599.101094,116,2871.043134
571.958616,113,2871.199497
434.235858,89,2871.320104
670.274454,132,2871.502281
504.103537,100,2871.640807
609.402594,125,2871.811137
595.223093,115,2871.962643
564.730622,108,2872.108729
574.996032,127,2872.275787
655.474925,143,2875.521928
601.18201,118,2875.728557
411.720544,83,2875.870533
508.73413,102,2876.038929
419.34324,85,2876.17836
557.912389,109,2876.361753
587.411013,112,2876.548763
460.523288,92,2876.700418
523.338478,109,2876.862053
628.431371,137,2877.080124
586.11974,114,2877.264527
622.319664,123,2877.463527
632.90904,126,2877.670066
560.449861,114,2877.843327
555.213731,129,2878.019147
417.896308,95,2878.148043
424.15458,90,2878.270171
454.409658,94,2878.414998
500.888367,97,2878.580234
528.419307,116,2882.096013
659.031423,136,2882.311655
506.944282,112,2882.48358
554.753652,106,2882.646916
471.289021,108,2882.793311
537.127626,105,2882.941153
461.58252,89,2883.067299
767.710244,152,2883.309667
632.636316,124,2883.522281
472.866378,102,2883.678998
458.804968,89,2883.803155
515.492931,114,2883.964635
621.289729,122,2884.136001
662.269694,125,2884.308612
555.967565,106,2884.465915
456.757373,103,2884.60458
505.561414,97,2884.73285
380.517518,85,2884.844942
680.037716,143,2885.03455
592.094499,109,2888.034881
618.306452,122,2888.256658
518.582839,100,2888.425926
452.049831,98,2888.587377
539.79502,121,2888.780698
747.940438,150,2889.020152
479.740803,92,2889.169284
390.288512,86,2889.317085
550.94597,122,2889.545808
528.119269,107,2889.730106
524.72823,104,2889.9229
403.977487,84,2890.070827
542.902595,120,2890.288415
423.218276,92,2890.449703
506.976595,96,2890.626154
417.136361,81,2890.772737
402.8228,78,2890.917475
732.188874,147,2891.18498
692.721106,143,2891.390198
584.515852,118,2894.888185
666.987867,140,2895.14309
836.583169,170,2895.452669
468.973431,94,2895.638849
452.238075,95,2895.819421
521.944616,100,2896.006419
406.710587,81,2896.159003
705.795462,161,2896.429702
635.540395,130,2896.639123
657.309779,128,2896.816762
607.255464,123,2896.988573
510.440863,114,2897.14909
764.850856,148,2897.355386
455.921929,101,2897.538743
526.772124,115,2897.744049
628.271131,124,2898.002875
501.614583,112,2898.171175
506.400257,98,2901.311033
634.181141,127,2901.533458
620.237931,120,2901.738736
532.659811,104,2901.923484
707.775272,158,2902.203043
586.937199,115,2902.394086
463.681463,92,2902.547382
501.020405,102,2902.716283
557.245831,123,2902.91484
592.014364,123,2903.12183
468.470795,90,2903.271215
479.854731,94,2903.430962
482.719009,94,2903.580689
440.411848,88,2903.722816
540.20167,107,2903.901046
467.453862,90,2904.041529
695.153327,135,2904.258098
467.62049,92,2904.404085
466.209218,90,2904.54722
567.40367,118,2907.680768
615.721746,121,2907.888653
528.848776,106,2908.073863
438.160916,97,2908.235268
738.893075,154,2908.491269
674.046043,134,2908.716532
641.893455,125,2908.918337
340.625638,72,2909.034173
460.812526,88,2909.183697
645.954831,132,2909.403837
371.25914,75,2909.522026
487.724759,93,2909.679292
533.845363,103,2909.85365
415.387557,82,2909.986351
590.062822,122,2910.191368
473.612458,100,2910.355076
562.497533,127,2910.560232
572.742537,114,2910.762256
486.690679,96,2910.913029
382.200651,87,2914.056063
758.294416,158,2914.315898
592.724333,117,2914.514498
479.626418,97,2914.649576
712.603939,147,2914.855846
566.892082,127,2915.030264
478.052053,90,2915.168756
701.547966,140,2915.408593
521.263645,113,2915.597558
429.540614,86,2915.740179
585.34748,115,2915.936342
597.584582,136,2916.165566
411.008841,81,2916.305345
444.364071,100,2916.473707
438.416861,85,2916.614433
634.460075,129,2916.830063
477.019518,96,2916.987916
580.525093,112,2917.167725
538.612363,123,2920.694002
674.690614,143,2920.881766
463.845966,89,2920.999413
548.837209,121,2921.157539
438.761566,99,2921.289143
610.298513,120,2921.453624
522.176438,108,2921.60048
520.523188,112,2921.757426
423.024599,92,2921.885064
459.12855,89,2922.007158
555.74889,121,2922.174822
451.652699,91,2922.30507
480.111887,107,2922.454966
317.775164,71,2922.547381
580.585554,114,2922.707204
382.707427,89,2922.829246
562.621028,113,2922.992048
413.823937,96,2923.128599
807.763144,165,2923.356993
587.251344,111,2926.961571
642.447956,132,2927.233464
455.353888,91,2927.390137
675.164482,150,2927.649656
498.733049,99,2927.829159
757.89168,156,2928.108577
455.583429,87,2928.266423
553.004491,108,2928.462638
444.322694,85,2928.615825
349.049814,72,2928.739712
494.731042,108,2928.938241
448.227707,99,2929.116458
516.029704,105,2929.308336
276.502335,61,2929.417124
674.060093,134,2929.672831
486.425824,95,2929.84683
585.570784,114,2930.084855
687.650972,138,2930.37097
653.60669,129,2933.360193
449.362109,87,2933.473289
554.356176,109,2933.613702
636.531653,141,2933.799814
332.108869,71,2933.892722
472.982457,94,2934.020057
663.012728,127,2934.229751
918.908643,184,2934.528566
581.626656,130,2934.756056
428.499908,86,2934.908841
479.930636,109,2935.101304
541.577633,107,2935.274542
749.436202,172,2935.564361
408.415391,91,2935.730588
554.859474,123,2935.965813
428.038048,95,2936.141436
741.920169,145,2936.407612
471.184393,101,2936.573412
503.155861,109,2939.486529
783.591923,166,2939.70754
574.235078,125,2939.8852
450.766677,87,2939.995648
317.130206,72,2940.08733
500.675354,112,2940.228234
581.916916,115,2940.37629
523.870729,111,2940.521342
562.510324,120,2940.683726
550.989677,106,2940.866354
1023.466932,218,2941.227591
581.939444,125,2941.438899
603.412981,126,2941.664123
502.095588,99,2941.838168
522.678729,104,2942.02637
284.479135,60,2942.125463
710.840887,140,2942.374912
542.148012,107,2942.574337
553.813213,124,2946.074016
507.803447,116,2946.322729
425.33135,95,2946.54104
311.276851,63,2946.67046
574.571643,116,2946.925958
494.732199,97,2947.130035
458.426015,104,2947.308926
496.466188,98,2947.488302
572.856612,111,2947.668762
610.330049,136,2947.865484
394.856542,78,2947.994507
568.004425,114,2948.210115
479.261725,96,2948.379975
591.543786,128,2948.591713
506.565006,103,2948.77092
564.386937,110,2948.96995
495.426634,96,2949.142521
658.132637,130,2949.378196
634.312744,125,2949.609078
579.261663,118,2952.387112
681.352257,131,2952.57643
512.884231,109,2952.75053
549.139099,108,2952.925657
479.826812,93,2953.072642
478.257389,95,2953.227168
485.889466,100,2953.387619
459.856888,92,2953.531403
538.523536,105,2953.695585
527.079938,102,2953.854978
530.892645,101,2954.021868
423.92066,97,2954.182998
442.584662,105,2954.369792
470.506254,93,2954.534363
606.424024,122,2954.745464
510.932233,103,2954.922503
679.885619,147,2955.181187
420.329968,83,2955.330084
645.182355,124,2955.549738
517.75526,107,2959.224142
497.989659,95,2959.434237
291.858813,68,2959.578495
506.189351,113,2959.827576
435.515837,88,2960.021889
507.938142,95,2960.2272
471.370946,100,2960.364103
409.814109,90,2960.487884
692.32897,150,2960.750984
434.827343,87,2960.90778
561.829558,111,2961.10573
509.081281,99,2961.282954
358.892446,79,2961.422975
459.209552,93,2961.583573
437.142757,99,2961.744728
461.011732,91,2961.895132
507.885991,103,2962.076373
608.977306,133,2962.311133
586.759149,113,2962.516572
465.573618,91,2962.670618
501.047344,105,2966.341693
473.982688,99,2966.552053
560.253051,110,2966.772083
479.169906,91,2966.920273
555.049722,105,2967.096978
482.14507,95,2967.261174
617.078941,135,2967.482647
440.697228,89,2967.62404
457.485616,91,2967.781907
395.91864,85,2967.931013
617.134082,138,2968.173245
592.127984,118,2968.394478
613.00694,123,2968.618031
638.077667,126,2968.849973
429.035023,90,2969.009278
480.196572,99,2969.184344
458.803473,97,2969.356306
428.076141,98,2969.534747
426.26185,96,2969.69675
552.705502,120,2969.896133
679.702893,136,2972.966375
557.008575,109,2973.172821
475.717781,99,2973.359916
542.425003,117,2973.599626
387.111593,78,2973.761642
429.835321,94,2973.954398
306.110364,72,2974.093987
470.551964,104,2974.323407
544.459298,103,2974.518534
611.526222,122,2974.734514
583.83994,131,2974.975805
497.04852,114,2975.179619
423.71123,91,2975.341079
580.194587,112,2975.540402
880.230859,191,2975.857577
490.87091,111,2976.044412
657.744967,128,2976.259603
573.181717,116,2976.439633
379.844437,74,2980.01754
688.077539,147,2980.327893
428.895704,92,2980.521998
466.124551,94,2980.714378
439.286338,98,2980.921511
612.070363,135,2981.199242
466.078129,93,2981.386853
650.937479,129,2981.635475
406.182141,89,2981.794284
523.647103,100,2981.977303
406.515661,82,2982.121672
464.303683,97,2982.305153
562.398584,113,2982.507982
488.629876,98,2982.679467
573.407412,124,2982.898755
672.600903,145,2983.198507
614.964816,139,2983.484823
586.229655,123,2983.746255
456.61941,88,2983.928818
438.335742,95,2987.438593
420.078142,96,2987.609169
619.419487,120,2987.886157
449.578797,87,2988.079953
519.498593,103,2988.311637
601.012176,114,2988.567116
521.49664,109,2988.809742
387.420662,80,2988.987458
356.537755,73,2989.146246
609.076786,117,2989.394119
562.08926,112,2989.628716
572.671657,111,2989.858923
611.35574,121,2990.113939
475.622257,103,2990.306893
384.142663,85,2990.419271
518.141102,102,2990.551706
420.787631,97,2990.680674
577.932562,116,2990.829808
642.311973,128,2990.993634
624.356635,121,2994.431795
666.698619,141,2994.694812
342.039667,75,2994.836743
600.747103,115,2994.99673
476.688687,102,2995.130069
490.632519,95,2995.25332
422.424213,89,2995.370272
297.138505,62,2995.450223
608.253691,120,2995.609647
518.549242,106,2995.744961
562.058806,120,2995.898358
407.105595,87,2996.009468
514.093072,98,2996.13374
602.265821,125,2996.293923
499.330101,108,2996.436337
538.042281,104,2996.568356
522.721627,105,2996.731373
510.411095,100,2996.889388
474.768863,107,2997.055189
800.879784,167,2997.320829
395.190599,78,3000.584352
362.241207,80,3000.724027
457.70473,88,3000.869032
551.562277,107,3001.029606
483.789597,95,3001.155211
552.293764,105,3001.296036
454.678762,102,3001.430676
474.286463,98,3001.559945
719.738364,156,3001.757594
364.751973,82,3001.863887
418.568316,97,3001.994951
426.565696,95,3002.116301
435.177082,88,3002.230124
376.093167,82,3002.33743
605.446029,128,3002.508993
393.181042,75,3002.613843
465.854081,104,3002.744062
569.091092,126,3002.91217
525.305491,120,3003.069928
531.340297,101,3003.222073
497.457895,109,3006.145884
391.458221,81,3006.295458
663.021878,126,3006.522781
537.167636,104,3006.701555
669.11266,131,3006.93611
528.366522,113,3007.136074
497.76256,104,3007.324034
405.773447,93,3007.482862
717.077586,141,3007.710361
504.018894,103,3007.845747
621.344065,122,3008.000437
705.698232,146,3008.191118
451.30044,91,3008.310827
498.83404,97,3008.437021
565.971937,109,3008.579889
551.742443,106,3008.724067
678.74053,134,3008.904466
421.835079,83,3009.035135
477.066023,91,3009.160696
539.628069,104,3012.650216
453.713816,93,3012.82027
461.192969,89,3013.008272
580.728415,110,3013.228354
764.134231,161,3013.529485
480.294691,93,3013.698531
427.238136,95,3013.863573
516.63829,98,3014.032779
580.220266,114,3014.239617
511.350389,97,3014.427748
425.723875,81,3014.602894
508.205551,100,3014.818805
566.908171,121,3015.073228
442.64618,85,3015.259258
617.238161,118,3015.507533
456.861016,89,3015.690018
392.298787,74,3015.83764
423.726081,83,3016.008677
530.845134,101,3016.214541
374.190543,73,3016.346319
605.169965,116,3019.832966
743.447703,154,3020.11472
407.938892,93,3020.281898
525.825093,118,3020.495795
511.527036,98,3020.677197
590.381625,118,3020.890536
921.049442,184,3021.177446
672.764381,148,3021.384035
400.112894,85,3021.523014
544.104704,105,3021.678764
655.735342,142,3021.85829
434.979886,89,3021.971603
449.803648,87,3022.080097
592.636483,113,3022.224462
491.682839,96,3022.348573
531.926452,112,3022.50252
554.798622,110,3022.648098
842.84443,165,3022.885152
527.595115,102,3025.729884
426.106969,97,3025.908981
423.83414,94,3026.065068
651.046314,132,3026.257024
491.985076,98,3026.42615
510.063831,108,3026.621806
535.173315,112,3026.820415
467.134906,91,3026.963345
420.745883,94,3027.108071
563.082005,107,3027.284599
468.494946,90,3027.437105
578.132991,123,3027.655839
747.48148,140,3027.901459
593.264836,117,3028.111711
585.780846,115,3028.314623
665.386707,139,3028.551359
680.930184,130,3028.792752
459.514735,90,3028.945966
581.832116,109,3032.155398
547.889154,105,3032.295719
571.281607,111,3032.457754
576.609666,115,3032.63314
615.64529,123,3032.806608
714.105499,143,3033.035764
470.335217,101,3033.191968
281.370335,63,3033.291924
397.281138,78,3033.427497
500.747378,96,3033.59353
575.486751,116,3033.789612
763.334961,152,3034.057888
543.369472,111,3034.247801
578.103529,113,3034.436976
628.386972,119,3034.640332
486.184937,94,3034.801725
356.97155,83,3034.930517
436.077236,94,3035.073917
608.559828,123,3035.268479
514.69133,102,3038.954315
561.020041,119,3039.142349
650.867729,147,3039.341513
359.211545,72,3039.44189
613.649263,120,3039.640229
434.428745,86,3039.785526
379.409333,85,3039.934909
381.09003,77,3040.062916
531.797289,105,3040.237918
567.982652,131,3040.461399
568.813669,127,3040.669723
474.47437,102,3040.838259
409.872566,83,3040.976276
620.899305,122,3041.18197
540.891594,115,3041.38183
412.59565,85,3041.547019
554.645501,120,3041.781788
423.504859,96,3041.943425
422.588028,84,3042.084413
478.233739,106,3042.260209
535.588097,101,3045.532817
805.688627,157,3045.814875
373.013488,76,3045.948229
565.800704,121,3046.165393
451.821708,88,3046.324972
410.020623,83,3046.471785
463.371092,91,3046.639509
802.048326,159,3046.92553
540.511728,105,3047.12223
398.813504,80,3047.270767
311.54942,67,3047.381238
528.483085,100,3047.557511
452.45053,87,3047.704514
705.144376,142,3047.982619
445.876367,85,3048.135254
423.307669,85,3048.28323
677.532547,144,3048.530461
576.900432,113,3048.69263
535.021772,119,3048.861766
681.530344,130,3052.318869
676.191269,134,3052.533538
566.217513,116,3052.697405
484.023334,104,3052.837816
453.43629,100,3052.969911
590.162107,125,3053.130044
766.80647,150,3053.332469
474.399356,92,3053.454181
479.061145,102,3053.590032
443.82192,100,3053.749539
602.889619,119,3053.963437
469.82052,102,3054.142414
508.050906,113,3054.351045
437.618779,99,3054.562934
509.929486,102,3054.795241
566.783864,124,3055.087264
470.247688,103,3055.318809
576.508783,113,3055.57843
600.497483,127,3058.306451
553.88523,117,3058.510098
636.126386,125,3058.731744
545.729673,123,3058.924786
441.327083,89,3059.075838
604.626458,118,3059.274849
711.075319,136,3059.514065
526.518653,109,3059.713907
487.984468,104,3059.91425
620.318969,137,3060.175819
579.873659,114,3060.388555
445.366381,89,3060.548664
530.076246,124,3060.762851
453.028507,98,3060.957371
472.787059,93,3061.145709
530.600843,104,3061.36906
534.085063,105,3061.558369
477.661221,95,3061.728987
544.595099,117,3061.938367
382.431531,85,3065.398076
469.862922,100,3065.56278
637.110247,132,3065.775074
473.215391,91,3065.925339
580.766592,107,3066.099991
527.206486,99,3066.267475
527.344911,119,3066.473938
476.74853,97,3066.647885
507.873915,99,3066.831032
603.872781,114,3067.042776
558.004415,108,3067.246466
555.815559,106,3067.458462
494.277849,113,3067.678808
555.896429,105,3067.873461
589.173146,119,3068.085233
457.176803,88,3068.243017
437.056135,89,3068.408083
519.628608,106,3068.601033
443.908671,86,3068.756283
490.358058,96,3068.919083
571.652161,109,3072.424058
488.699846,97,3072.592021
618.290809,132,3072.811907
961.622046,203,3073.151673
521.881248,102,3073.331188
524.562443,103,3073.507257
469.694455,92,3073.656968
538.56908,113,3073.843308
785.817493,157,3074.101886
628.944685,126,3074.268438
626.119616,130,3074.450513
714.133197,143,3074.648898
237.067368,58,3074.729385
417.398622,82,3074.844164
678.218735,136,3075.024662
572.287367,113,3075.177564
735.863292,143,3075.36614
479.964082,99,3078.719306
448.286707,86,3078.883841
529.887075,104,3079.086692
341.844659,75,3079.227971
658.868808,145,3079.484281
546.997225,108,3079.682917
543.004701,111,3079.880676
468.758008,92,3080.042237
352.645487,74,3080.177151
449.152599,103,3080.368753
471.641943,95,3080.54437
479.18165,91,3080.701874
499.684078,97,3080.864036
491.657643,111,3081.051258
393.956883,78,3081.178683
426.588336,86,3081.313588
606.764728,120,3081.505498
518.344389,102,3081.662675
303.179401,70,3081.770669
468.159669,95,3081.923026
697.990545,136,3084.96945
719.690167,142,3085.250386
526.180742,101,3085.440444
456.302404,89,3085.607861
462.511051,93,3085.788921
715.737917,158,3086.067452
529.631309,102,3086.236428
443.483972,94,3086.390823
471.384443,91,3086.542257
538.795438,113,3086.731874
578.254911,127,3086.933419
722.473434,146,3087.161193
436.917366,96,3087.310443
449.931811,100,3087.460128
461.135979,102,3087.621167
335.51046,73,3087.7367
432.378196,83,3087.876621
674.743023,147,3088.102827
574.503039,113,3088.287579
464.447536,88,3091.733988
675.426965,129,3091.97423
976.4952,201,3092.378895
503.838392,107,3092.618229
638.311164,124,3092.896994
605.327668,120,3093.154039
405.972529,91,3093.348113
582.369035,110,3093.583885
504.442451,98,3093.783449
573.113217,127,3093.99902
461.806936,89,3094.153993
614.836835,124,3094.368002
424.865834,94,3094.52997
541.958419,104,3094.709173
575.388842,112,3094.875003
698.565725,137,3095.052619
427.327569,84,3095.163188
590.263797,116,3095.313833
467.062316,87,3098.6447
438.39397,86,3098.803252
477.220321,92,3098.970375
497.582382,95,3099.163379
490.55771,109,3099.308602
489.790137,95,3099.433269
662.327155,139,3099.61422
542.530083,103,3099.748437
491.973706,103,3099.881839
426.813723,85,3099.994359
686.317396,136,3100.171698
609.9259,120,3100.327622
540.137187,104,3100.456331
633.437212,122,3100.607496
631.925804,127,3100.77431
483.271287,104,3100.914744
613.324603,132,3101.089775
475.272116,97,3101.216883
567.521814,109,3101.360248
483.724625,95,3104.640025
587.035496,115,3104.849878
481.822965,108,3105.045526
547.259349,111,3105.238246
446.400222,86,3105.386817
727.909203,148,3105.644191
428.032515,84,3105.779955
447.91386,91,3105.900711
565.526916,108,3106.045211
346.591036,71,3106.131386
517.217652,99,3106.259806
609.404478,120,3106.415286
638.068565,125,3106.593178
423.69107,94,3106.762102
598.793243,128,3106.994524
479.282274,94,3107.162332
427.366744,93,3107.334121
685.736099,137,3107.596509
433.331957,86,3107.783134
624.468861,119,3108.035682
593.228333,113,3111.139735
383.504833,86,3111.260048
600.307297,114,3111.455875
474.57204,92,3111.618148
603.299962,120,3111.821944
424.32488,94,3111.982121
612.055082,120,3112.191139
548.786899,116,3112.389502
527.536081,101,3112.558373
413.089363,80,3112.702031
491.547277,96,3112.873841
447.661253,90,3113.033555
576.849904,112,3113.226191
564.878559,114,3113.434154
446.489244,100,3113.610398
475.249607,89,3113.766591
459.059834,92,3113.927933
400.060697,77,3114.059644
411.6905,79,3114.19175
439.074433,83,3114.331462
512.486861,109,3117.437532
669.664999,141,3117.643221
411.272116,83,3117.753778
502.02111,97,3117.880567
652.965581,128,3118.042203
470.302632,96,3118.167647
452.484914,88,3118.282979
629.016674,124,3118.448173
778.014253,160,3118.660233
528.961158,119,3118.822665
496.525289,99,3118.956128
610.912344,135,3119.132724
442.635658,97,3119.261097
528.767718,105,3119.397755
539.002945,105,3119.534715
449.217964,86,3119.648164
392.403696,89,3119.764815
427.691638,83,3119.875624
395.397332,79,3119.97914
515.505679,105,3120.146926
734.332662,165,3123.588671
467.640547,92,3123.70936
457.934502,90,3123.828453
529.516829,99,3123.958563
513.478322,95,3124.087159
496.913557,95,3124.215651
528.760292,106,3124.366399
525.546971,100,3124.505299
519.035712,103,3124.647
492.756094,95,3124.778737
557.678102,106,3124.948136
546.557663,104,3125.117703
638.392167,121,3125.302362
587.319192,114,3125.481719
442.349947,90,3125.62089
442.529348,90,3125.761616
554.248417,106,3125.926252
867.454312,174,3126.191099
641.535679,124,3129.644742
519.124914,104,3129.793813
471.213826,102,3129.929077
456.994897,86,3130.045384
572.795454,119,3130.202428
472.910004,90,3130.321325
674.588775,140,3130.505972
476.566078,95,3130.628199
459.287149,90,3130.744861
366.972021,72,3130.841272
395.885262,89,3130.95663
498.473713,95,3131.124933
485.689002,96,3131.295801
452.37285,97,3131.479132
561.332189,108,3131.664968
440.191754,86,3131.814203
460.182731,94,3131.97585
482.267397,107,3132.160972
616.459629,120,3132.368939
633.753481,122,3132.591009
572.152726,114,3132.80213
396.087382,77,3136.152636
539.681666,106,3136.289062
579.415979,122,3136.452338
595.830084,131,3136.627919
555.217151,109,3136.778103
742.530168,144,3136.966808
509.010055,98,3137.095574
531.93894,102,3137.227861
517.49562,102,3137.36733
461.482948,91,3137.484746
385.769915,76,3137.585268
653.590121,133,3137.764086
425.30334,91,3137.887801
325.359512,71,3137.989333
468.812042,89,3138.11791
598.891905,117,3138.282238
519.907801,115,3138.446081
442.304836,97,3138.606776
625.81689,127,3138.83196
533.474276,106,3141.891759
522.625994,101,3142.021852
376.527253,74,3142.116486
523.680222,110,3142.264856
426.441888,96,3142.398481
449.838815,86,3142.513175
473.942808,101,3142.656644
829.537701,183,3142.897386
622.956696,121,3143.055272
665.089551,143,3143.24197
591.94672,115,3143.391065
526.163932,121,3143.548771
478.628619,106,3143.701182
545.271762,105,3143.852965
394.017642,88,3143.978281
653.881476,127,3144.158974
559.770152,122,3144.327502
489.681546,105,3144.474029
640.392414,148,3148.139409
606.033231,127,3148.371966
445.477629,91,3148.537744
741.151981,148,3148.742052
525.663901,101,3148.877877
501.170136,99,3149.020185
563.410708,117,3149.178852
561.602433,108,3149.32771
566.136465,107,3149.491241
698.732443,154,3149.758334
722.572677,155,3150.03864
580.632215,116,3150.253364
671.907993,133,3150.493207
580.699737,119,3150.706707
417.050367,92,3150.87081
599.885049,116,3151.075083
462.683262,106,3151.274505
402.354085,82,3151.448535
542.648195,104,3154.642845
425.876536,93,3154.764927
564.673768,111,3154.928277
707.317115,140,3155.162834
674.53433,129,3155.384855
465.725396,97,3155.558067
482.753331,100,3155.734288
428.532049,82,3155.872525
539.653945,105,3156.042494
510.415074,98,3156.20401
526.537387,100,3156.369313
556.423321,118,3156.550953
652.470686,126,3156.719061
392.67944,88,3156.843797
559.793604,123,3157.017071
331.177478,76,3157.126211
587.334056,118,3157.289839
608.648192,117,3157.454955
598.774175,123,3157.62465
549.630739,108,3160.772041
403.903608,78,3160.8992
510.568192,116,3161.058943
419.559718,94,3161.186982
450.089856,90,3161.309202
409.782128,81,3161.443329
611.484013,123,3161.63875
612.423802,129,3161.850984
481.746437,94,3162.008975
607.200214,117,3162.218182
391.671121,77,3162.336691
473.937338,93,3162.466213
517.533081,102,3162.605985
802.959978,168,3162.835173
586.511404,113,3162.991731
596.955932,122,3163.158565
522.405595,117,3163.321729
605.389735,120,3163.487806
656.477678,129,3167.047243
592.435673,131,3167.282482
513.218001,107,3167.457143
572.823631,111,3167.602901
688.182047,137,3167.799006
435.563959,83,3167.957216
407.37246,79,3168.1148
500.424336,107,3168.298682
662.21975,127,3168.524519
472.392647,104,3168.698355
518.861208,99,3168.853827
457.053794,89,3168.996109
671.667433,134,3169.20419
537.123026,104,3169.368406
656.222715,133,3169.574515
471.844521,101,3169.737449
490.574467,100,3169.892464
611.07251,121,3170.086498
664.1105,130,3170.283217
506.827322,99,3173.798676
476.477302,107,3173.992722
585.020213,115,3174.195651
544.775718,119,3174.404873
681.97063,141,3174.653058
490.307341,94,3174.83196
382.015025,78,3174.974681
571.730798,111,3175.175707
457.645645,89,3175.336756
586.492863,116,3175.550954
669.198725,132,3175.788983
648.927122,129,3176.023676
535.577618,113,3176.230011
469.303487,94,3176.401917
748.56896,149,3176.662674
636.311212,124,3176.892635
464.180126,88,3177.05272
581.1039,115,3177.262573
435.499266,82,3177.409295
781.058745,163,3180.961763
398.936568,82,3181.138455
471.381331,91,3181.341962
469.259763,91,3181.530832
437.446873,84,3181.664198
521.83045,97,3181.823546
869.095806,181,3182.122767
519.119749,112,3182.318349
353.772038,79,3182.454609
500.566445,99,3182.618344
425.330424,84,3182.767274
529.573843,115,3182.955996
678.822167,134,3183.171372
403.292935,87,3183.312791
669.397297,136,3183.539005
435.984188,93,3183.694683
481.706072,92,3183.855724
431.997664,87,3184.001349
608.426766,122,3184.206135
593.812353,114,3187.304599
554.288497,118,3187.454853
470.855827,106,3187.594311
691.294187,136,3187.771916
356.156868,76,3187.870001
421.747558,88,3187.980126
490.937654,94,3188.104035
526.813297,101,3188.235376
362.388246,72,3188.334752
466.051637,103,3188.505349
483.98229,93,3188.655786
478.478702,106,3188.834593
442.470952,93,3188.984705
554.427533,106,3189.153581
504.101244,96,3189.324536
484.775208,94,3189.490201
359.204414,79,3189.629397
468.991082,90,3189.787091
524.345285,99,3189.958573
596.145494,119,3190.155475
542.116213,102,3193.274298
446.386116,85,3193.387813
462.635032,91,3193.509423
500.594907,94,3193.646535
601.628071,116,3193.86098
484.607116,105,3193.99474
525.491003,102,3194.128043
516.861878,106,3194.269623
555.08625,116,3194.420805
574.505091,111,3194.566104
587.867062,113,3194.713196
642.507312,140,3194.934612
454.067049,87,3195.083391
472.461776,90,3195.238688
590.072808,114,3195.426327
424.324569,83,3195.57626
401.799325,83,3195.72801
502.694412,96,3195.900864
444.708237,87,3196.054943
487.176706,93,3196.218912
421.838257,96,3196.38353
402.303156,78,3199.807961
636.022858,143,3200.10635
503.719537,107,3200.326694
500.812357,110,3200.500547
552.924443,115,3200.647171
602.702059,133,3200.8185
723.629753,152,3201.018799
538.968791,107,3201.15827
610.781949,120,3201.312379
589.450958,114,3201.472865
580.28685,114,3201.630445
496.865571,95,3201.75649
379.535695,86,3201.874523
640.618635,123,3202.08533
416.648092,81,3202.222536
536.797843,103,3202.389606
569.664701,112,3202.587039
533.161491,104,3202.763912
800.622739,170,3205.782043
601.192649,115,3205.936583
556.461367,111,3206.077628
618.802466,135,3206.25224
557.043085,108,3206.395648
423.190816,81,3206.50319
516.188182,99,3206.634038
543.874527,106,3206.771478
496.423471,105,3206.904618
499.07979,93,3207.019149
542.911679,116,3207.202748
633.753633,122,3207.393595
467.615383,100,3207.548683
453.792397,92,3207.698839
535.450888,109,3207.871631
571.577854,109,3208.046335
576.295718,112,3208.23904
576.348456,125,3208.459594
477.644977,91,3208.620889
712.664488,145,3212.16027
485.650483,93,3212.366943
415.697265,82,3212.541095
573.341803,112,3212.781646
823.378852,176,3213.158867
460.055992,89,3213.345767
388.543303,84,3213.520355
584.933903,112,3213.710187
462.004916,91,3213.876534
663.763214,134,3214.11786
518.110903,107,3214.306274
678.14613,131,3214.537987
483.282952,91,3214.700794
640.174884,131,3214.941646
491.952913,94,3215.110863
463.590067,92,3215.26985
519.993375,102,3215.459421
564.261486,107,3215.662785
659.253636,134,3219.074007
690.053531,153,3219.392162
482.605841,94,3219.587286
603.245975,139,3219.87885
478.60449,108,3220.103764
540.674008,107,3220.305575
504.756343,109,3220.499814
493.887445,109,3220.704768
566.625458,115,3220.909736
678.624237,134,3221.136748
400.433234,79,3221.276707
416.898514,85,3221.436093
603.555333,117,3221.648431
479.357012,94,3221.830012
654.788838,135,3222.101206
560.506214,115,3222.333754
466.023631,90,3222.513655
582.612809,112,3222.750805
704.36248,136,3226.64289
554.390709,113,3226.851608
498.756343,107,3227.053667
672.903521,136,3227.314751
512.049843,99,3227.523903
580.390331,114,3227.756322
521.28423,99,3227.961169
439.053989,93,3228.154933
516.028854,98,3228.349099
434.718582,87,3228.515573
474.616184,107,3228.743497
608.919551,119,3228.983454
372.652669,76,3229.140638
611.480337,130,3229.376222
539.132414,103,3229.559291
458.420231,89,3229.71845
443.333642,87,3229.872476
443.462434,86,3230.018718
609.711825,130,3230.215595
611.010638,122,3230.373867
514.010165,101,3234.039412
693.797671,139,3234.314177
511.302981,112,3234.519732
447.274931,94,3234.712213
479.204694,95,3234.908928
623.468048,132,3235.159552
833.604456,162,3235.431397
493.613909,95,3235.609685
714.717242,140,3235.853051
568.587745,126,3236.067111
643.080208,122,3236.238523
497.122501,95,3236.36822
584.139953,128,3236.557027
648.239205,125,3236.771405
561.374279,128,3236.991039
502.22159,105,3237.169149
578.130777,130,3237.384047
555.549161,121,3240.478669
424.614513,88,3240.631515
462.610567,89,3240.785748
580.238291,127,3241.012627
519.159303,113,3241.212694
646.084938,122,3241.426988
735.658611,157,3241.696755
506.91454,102,3241.842065
469.179029,91,3241.963889
577.633496,116,3242.118029
676.140011,143,3242.308851
458.983703,87,3242.421913
708.124827,144,3242.634069
375.78999,76,3242.738038
594.280235,116,3242.899822
679.139101,141,3243.089977
570.377129,124,3243.257274
608.237466,119,3243.415767
701.854415,134,3246.866684
632.061264,137,3247.109924
422.346326,82,3247.256609
622.642171,124,3247.475142
481.560152,93,3247.646967
635.351738,124,3247.873123
567.512615,109,3248.075523
530.269006,115,3248.284844
537.407678,110,3248.463634
486.596839,94,3248.617596
438.070801,85,3248.740679
601.112237,118,3248.896856
551.249217,105,3249.033134
639.791002,137,3249.221302
444.268321,96,3249.352614
496.138141,96,3249.479532
513.260196,101,3249.611708
644.874411,128,3249.77857
445.802316,89,3252.469529
723.84237,145,3252.776952
636.989348,130,3253.010902
377.463904,74,3253.139677
558.802085,118,3253.357998
601.935531,118,3253.555196
362.913507,87,3253.674727
503.951775,96,3253.804772
590.475142,113,3253.955122
443.812117,87,3254.088713
487.967537,109,3254.270177
513.123885,99,3254.430066
733.511095,155,3254.648407
551.477532,110,3254.790197
479.329049,103,3254.941064
615.983716,121,3255.140723
703.389907,139,3255.364932
700.249741,158,3255.628695
431.728833,82,3255.766303
472.602565,91,3259.413274
407.756933,79,3259.514029
500.555546,99,3259.643893
707.941395,146,3259.858453
497.018536,103,3260.044944
515.235439,110,3260.234773
643.789278,125,3260.451984
564.035324,123,3260.665956
360.585255,83,3260.807943
535.782278,119,3261.017885
621.606222,141,3261.268821
453.897826,86,3261.414421
594.718064,115,3261.611521
557.485221,106,3261.76876
665.740656,134,3261.973349
458.961612,89,3262.118838
875.617782,180,3262.401974
519.1307,100,3262.571093
498.590634,96,3265.645633
530.362075,111,3265.795844
483.429584,95,3265.924378
524.142688,105,3266.070701
480.311593,110,3266.230145
634.039643,139,3266.457417
517.581642,100,3266.618098
439.105917,94,3266.76603
514.040992,107,3266.93967
534.374779,100,3267.124073
444.511577,95,3267.324043
519.323562,99,3267.529107
643.521134,133,3267.702209
583.930998,115,3267.860175
582.997195,113,3268.048271
632.061299,126,3268.243017
518.584908,99,3268.374625
484.03203,94,3268.510888
400.104722,87,3268.657965
620.242236,132,3271.794736
513.764304,112,3271.978344
562.959569,110,3272.156375
618.649059,131,3272.356094
506.567446,98,3272.48587
595.36116,130,3272.661235
376.195455,83,3272.771782
449.822253,99,3272.902793
610.471587,125,3273.072706
431.126796,100,3273.207132
444.310778,99,3273.37814
523.666526,107,3273.568006
520.94858,107,3273.765941
682.000542,135,3274.012768
511.552008,98,3274.177919
637.96785,138,3274.415528
566.899933,108,3274.598906
499.528895,95,3274.764335
432.591644,94,3277.546701
645.760197,126,3277.719642
604.550907,119,3277.89009
540.266064,107,3278.032624
817.557537,180,3278.319985
399.154469,78,3278.456338
539.899583,116,3278.666744
468.039621,90,3278.82677
497.905466,105,3279.01103
449.088499,99,3279.188188
455.076315,98,3279.315133
768.842755,161,3279.535197
477.117993,93,3279.664321
537.412045,103,3279.827155
443.844959,96,3279.996767
771.178984,149,3280.249634
504.917101,113,3280.440936
448.886314,87,3280.590441
509.242835,97,3280.760277
507.516577,114,3283.959525
537.273192,120,3284.21989
674.589213,133,3284.522237
655.18992,131,3284.815384
828.428277,194,3285.167643
545.068432,103,3285.358477
473.990927,98,3285.57583
536.429371,107,3285.819101
434.319865,95,3286.031259
483.107689,97,3286.249777
590.722779,129,3286.47832
751.046819,147,3286.730214
687.956076,140,3286.963091
580.954415,117,3287.16947
391.095648,79,3287.29384
448.317263,87,3287.436644
468.594441,90,3287.585065
514.971928,102,3291.165282
455.742447,91,3291.315671
465.471921,96,3291.469441
669.892576,136,3291.692851
582.709121,114,3291.887912
578.740648,125,3292.109762
646.434218,128,3292.322526
614.260104,120,3292.533243
607.237123,126,3292.756819
675.758704,132,3292.975187
628.416499,139,3293.203594
398.399953,77,3293.328328
522.125673,103,3293.498126
447.025116,87,3293.642498
531.058411,105,3293.817256
613.669675,114,3294.008981
486.724072,95,3294.174262
521.510066,100,3294.353856
531.019373,104,3294.54142
418.136489,91,3297.472693
487.04781,93,3297.639711
499.270932,96,3297.82425
472.566688,100,3298.006861
484.59546,102,3298.191314
472.649112,105,3298.377488
620.900223,131,3298.61156
380.484269,78,3298.749547
879.870748,173,3299.044911
576.464025,129,3299.221601
540.700738,104,3299.364383
455.469658,102,3299.507272
716.909768,145,3299.703942
511.055948,99,3299.843498
690.879436,141,3300.038037
490.920684,98,3300.179373
558.219953,119,3300.383033
621.419554,117,3300.543938
563.472923,107,3303.240823
502.612151,95,3303.410741
512.810281,113,3303.59523
513.989052,116,3303.75761
464.540254,102,3303.931551
519.942131,100,3304.112501
587.483929,134,3304.344539
420.868766,92,3304.505416
422.152174,95,3304.67164
582.679918,130,3304.889395
558.088656,109,3305.092143
538.994413,105,3305.304677
558.794774,104,3305.472442
451.709268,87,3305.616773
514.116833,99,3305.77946
565.220613,111,3305.962789
487.047178,95,3306.122629
506.010349,112,3306.304064
687.222482,150,3306.550634
665.342104,129,3309.480181
585.138209,115,3309.674306
563.367245,112,3309.87343
574.160222,130,3310.104789
484.131215,106,3310.290738
644.691281,128,3310.504993
490.077633,113,3310.668674
453.366923,88,3310.832121
472.317926,105,3311.026343
610.929356,125,3311.26685
476.119136,92,3311.441527
442.139343,99,3311.616189
797.314201,156,3311.863802
538.30159,106,3312.005284
430.323756,84,3312.118417
622.935188,117,3312.267929
506.019683,100,3312.403168
420.942074,84,3312.541876
664.677011,139,3316.36887
477.785691,92,3316.517697
462.862235,90,3316.666766
617.563371,122,3316.874447
536.230379,104,3317.058521
666.527637,135,3317.294282
532.351908,105,3317.478429
541.486415,104,3317.659695
564.385185,110,3317.854698
578.073917,110,3317.998259
460.98145,91,3318.120716
580.368958,114,3318.267317
449.725609,100,3318.399473
868.087961,170,3318.632647
671.290619,133,3318.87218
531.838091,103,3319.058924
560.617687,111,3319.256077
342.865609,81,3319.39736
413.18213,89,3319.559122
767.617094,146,3322.760736
535.541204,107,3322.907838
468.295489,89,3323.040835
561.807095,125,3323.2776
660.425427,130,3323.515312
625.870492,121,3323.73036
667.04137,147,3323.966652
588.811165,124,3324.187647
537.146672,112,3324.393845
503.037457,95,3324.56529
448.973983,96,3324.715105
405.033903,83,3324.837707
442.774276,85,3324.969755
439.017613,86,3325.10033
512.074496,114,3325.26389
481.795656,94,3325.414072
514.640935,115,3325.599059
573.522244,131,3325.804953
515.768358,100,3325.967013
660.771226,126,3329.444406
749.992134,164,3329.729452
531.475955,105,3329.907118
677.865011,133,3330.143984
561.353784,116,3330.348585
691.192093,142,3330.596915
429.13103,98,3330.77602
516.796763,102,3330.965143
770.658295,151,3331.239509
861.919168,172,3331.597121
525.644681,110,3331.814175
594.212396,113,3332.00678
459.232212,90,3332.161176
530.519789,101,3332.334599
442.473094,99,3332.495816
758.04547,145,3332.745046
497.151403,101,3335.693085
481.783541,102,3335.898599
557.120497,106,3336.08034
573.347772,109,3336.256807
530.759911,103,3336.424821
464.604698,97,3336.600664
423.305824,98,3336.768075
610.622562,132,3336.980094
532.149059,120,3337.190133
336.084571,76,3337.326521
466.40962,91,3337.493866
409.9094,94,3337.660384
475.459673,106,3337.814851
629.572792,128,3337.991039
586.460351,118,3338.152901
507.587792,99,3338.28317
519.52151,103,3338.459468
517.629883,101,3338.644061
492.797003,97,3338.820848
557.953088,113,3339.010184
517.11962,99,3342.035648
543.828555,104,3342.174705
510.198614,95,3342.31008
445.968681,99,3342.450705
515.695708,102,3342.591928
629.821271,126,3342.769431
571.744916,126,3342.951634
573.766124,111,3343.108828
470.794908,94,3343.236723
673.383247,142,3343.431761
447.975625,89,3343.559038
519.176655,103,3343.707321
486.468651,109,3343.86165
454.307812,108,3344.0105
525.299551,104,3344.155613
440.400564,100,3344.287313
559.287065,113,3344.431653
519.0379,106,3344.574553
475.013625,92,3344.695329
481.426886,107,3348.363626
474.694453,97,3348.532811
671.801566,143,3348.790316
607.875901,120,3349.027694
302.66943,64,3349.144881
614.642774,135,3349.331528
714.752449,143,3349.528484
482.071084,101,3349.663134
450.098569,88,3349.787594
500.719586,106,3349.933124
683.131768,128,3350.101415
540.833348,105,3350.236922
450.856064,101,3350.370182
519.049798,103,3350.502151
541.061712,122,3350.665883
483.791132,103,3350.798097
563.285995,114,3350.949696
603.275649,124,3351.114467
529.330596,109,3351.254848
506.647756,98,3354.721347
636.935941,127,3354.896469
468.310786,94,3355.025112
531.975239,105,3355.167393
548.330614,122,3355.406802
506.635885,99,3355.623432
527.393888,106,3355.866776
649.622021,131,3356.152996
478.350671,117,3356.405535
592.563555,114,3356.64309
661.027084,147,3356.962748
732.303588,142,3357.270765
475.475508,104,3357.492084
564.063462,111,3357.723283
518.531654,112,3357.873937
516.802934,116,3358.025352
541.311978,104,3358.16211
590.914285,120,3361.230173
585.981019,116,3361.509005
477.705587,95,3361.738276
713.673266,138,3362.051654
655.262219,132,3362.317111
607.636736,118,3362.514504
629.303585,125,3362.685328
610.044519,120,3362.84883
530.516356,119,3363.003889
792.227178,160,3363.214738
577.34407,111,3363.360218
555.649995,110,3363.506977
536.679187,109,3363.648728
485.712303,111,3363.79222
599.655247,116,3363.946813
511.848625,107,3364.092311
650.738176,124,3364.250359
774.647356,154,3367.172649
580.041897,127,3367.386001
516.479732,105,3367.566809
586.545355,118,3367.779847
445.52943,91,3367.946801
653.964326,128,3368.219874
426.816363,95,3368.390735
629.231784,133,3368.633242
382.682381,78,3368.768718
403.496026,87,3368.892098
675.498395,128,3369.055533
644.857701,123,3369.217436
496.303846,97,3369.346372
564.865049,116,3369.497975
582.769616,115,3369.646408
454.146176,91,3369.764939
600.170099,123,3369.92851
440.4835,90,3370.046867
524.750314,103,3370.181417
550.831048,105,3373.406196
502.171767,98,3373.585081
460.836398,106,3373.7821
403.025154,78,3373.918238
702.914481,138,3374.161581
452.727521,89,3374.297465
493.795269,95,3374.422255
419.753743,92,3374.543101
514.692885,102,3374.681028
475.8977,104,3374.826954
742.488306,155,3375.105095
656.116648,138,3375.349901
493.325259,100,3375.528265
529.337707,102,3375.710264
489.142568,96,3375.887169
420.176533,82,3376.034628
504.280578,96,3376.24457
543.53,111,3376.489954
526.377087,117,3376.751209
464.820275,105,3376.986714
599.516397,120,3379.929209
393.709709,79,3380.044673
479.789186,101,3380.217243
689.018289,152,3380.475716
598.30396,132,3380.695638
490.328432,101,3380.860263
784.879114,171,3381.142462
620.173654,118,3381.336869
568.696114,110,3381.523447
407.240405,90,3381.673397
590.931278,114,3381.860235
560.799099,107,3382.039185
441.000081,88,3382.187308
508.890783,96,3382.350351
530.872532,115,3382.544526
577.429243,119,3382.748281
510.289306,108,3382.937066
661.439622,127,3383.112302
436.681409,85,3386.600404
497.462392,98,3386.766104
655.242923,141,3387.028083
484.868085,97,3387.209592
815.596034,161,3387.498029
477.765953,95,3387.625413
585.41098,127,3387.805499
484.566195,94,3387.939423
505.277029,98,3388.07197
561.790341,125,3388.249918
600.081895,130,3388.439582
365.716215,72,3388.56109
600.596818,116,3388.755336
552.351019,111,3388.963361
641.600819,124,3389.130779
603.458291,119,3389.289194
568.780501,108,3389.438988
605.692066,117,3389.601558
438.691004,86,3392.675097
773.045709,160,3392.954012
585.845472,113,3393.157539
416.169075,87,3393.313241
561.174253,113,3393.515377
631.57967,134,3393.756067
433.532635,85,3393.902644
686.76201,151,3394.16926
510.897254,116,3394.372514
490.410757,99,3394.554792
622.670256,122,3394.767652
762.247787,149,3395.037214
522.84785,109,3395.21818
416.616347,90,3395.366766
660.853919,133,3395.589852
403.119161,79,3395.728212
523.040338,117,3395.927135
619.284124,127,3396.142915
478.074842,95,3399.205803
467.758025,93,3399.333398
454.892546,95,3399.464457
634.975807,134,3399.640969
620.889122,122,3399.803915
493.199902,101,3399.936015
428.737103,85,3400.048086
602.949484,117,3400.231606
417.388764,94,3400.403003
598.149658,124,3400.647192
717.301714,143,3400.918015
709.775502,144,3401.194917
704.781217,150,3401.4876
535.30258,118,3401.711306
559.999201,114,3401.908857
523.720271,102,3402.10334
374.410107,83,3402.255239
494.717802,98,3402.436036
511.941248,100,3405.027376
610.980123,118,3405.184655
641.129778,137,3405.365644
726.639638,145,3405.561308
539.625848,109,3405.747293
572.986032,116,3405.955075
720.417038,145,3406.210846
588.765988,126,3406.426151
780.907576,158,3406.697081
567.257354,119,3406.905763
524.797673,103,3407.083029
503.538234,102,3407.26071
567.810511,108,3407.449912
570.934337,116,3407.67715
659.720215,125,3407.926636
604.806128,118,3408.134662
591.126749,125,3408.371874
538.129377,116,3411.310814
451.998516,89,3411.498584
476.573026,95,3411.680348
525.780078,105,3411.844459
428.184506,90,3412.00946
786.488986,158,3412.292876
510.577789,100,3412.480961
622.208294,120,3412.697796
482.19346,105,3412.886593
552.983334,106,3413.085967
573.759694,111,3413.302907
726.675889,144,3413.579362
549.658334,106,3413.768808
525.082886,105,3413.957967
478.15217,95,3414.155698
812.84084,165,3414.542627
612.743369,131,3414.816147
573.616153,113,3415.01758
545.327065,103,3418.556998
669.146522,129,3418.789434
673.477124,146,3419.04475
397.037512,84,3419.208449
461.314298,102,3419.403525
481.800654,97,3419.588805
508.961125,98,3419.78845
573.515237,110,3420.015336
516.542703,99,3420.228882
657.55958,126,3420.483947
534.31134,101,3420.682865
538.772802,118,3420.918985
563.584234,126,3421.173886
647.258304,132,3421.395149
564.123567,110,3421.539376
389.962338,77,3421.640515
515.444188,116,3421.794069
519.923364,101,3421.926598
236.149404,53,3421.994839
578.097631,112,3425.601762
613.646001,119,3425.830114
556.996653,126,3426.084589
567.829363,126,3426.35709
423.187008,95,3426.566288
644.029744,142,3426.853938
569.081761,113,3427.084078
874.507978,175,3427.399708
475.462091,105,3427.59017
572.436273,128,3427.817728
594.350669,118,3428.029639
442.099996,97,3428.213846
695.305358,134,3428.509939
438.710369,85,3428.695676
673.762348,131,3428.965503
932.324976,206,3429.391577
635.605991,126,3432.939581
526.603452,118,3433.20134
606.832656,119,3433.470879
839.663845,177,3433.871816
542.448218,105,3434.112188
552.963273,104,3434.351755
653.83627,131,3434.597914
521.612365,107,3434.768246
450.234241,92,3434.911201
623.501048,129,3435.107961
492.983482,93,3435.242397
517.171182,102,3435.377845
643.112877,134,3435.547559
514.707539,101,3435.67661
591.171083,121,3435.833173
549.890783,109,3435.972339
586.05,117,3436.124774
589.536633,112,3436.26712
483.649067,97,3439.23374
561.828738,106,3439.451452
539.396662,105,3439.639833
528.148106,105,3439.820373
644.97846,127,3440.035597
869.661643,180,3440.297508
585.990404,114,3440.453388
540.653164,120,3440.616148
498.172154,102,3440.754464
417.621816,87,3440.86703
561.356082,110,3441.011141
571.685577,126,3441.180365
575.894399,127,3441.345734
386.52324,79,3441.45088
605.620945,126,3441.61861
360.091482,73,3441.713218
437.406983,87,3441.826699
461.761269,94,3441.947582
692.198077,140,3445.482632
554.98159,115,3445.667702
577.436767,111,3445.828003
514.175192,100,3445.970042
563.068952,112,3446.125325
750.669919,153,3446.333102
571.352743,113,3446.487292
649.146379,132,3446.680732
557.775241,109,3446.865861
560.16756,111,3447.067352
816.890949,169,3447.390391
505.582885,106,3447.604551
533.811884,104,3447.823605
462.008683,90,3448.013885
442.333883,87,3448.213656
610.451412,127,3448.481179
464.953528,93,3448.671235
551.41869,119,3448.901721
697.264613,151,3452.330249
475.80091,96,3452.49776
560.647263,107,3452.675191
537.626263,107,3452.835854
650.658402,129,3453.005709
580.286039,131,3453.177637
285.172599,59,3453.261491
434.376888,92,3453.416138
492.76397,113,3453.606629
517.801621,105,3453.778413
728.37852,158,3454.031375
622.269915,117,3454.216215
490.189218,96,3454.366492
601.452399,116,3454.544936
494.678408,106,3454.713459
688.422569,143,3454.938708
820.39442,177,3455.225259
533.271895,101,3455.384336
587.283941,126,3458.689734
440.096267,85,3458.802742
600.421814,117,3458.949991
496.953523,105,3459.087884
487.230357,107,3459.230835
483.066533,106,3459.372234
444.090919,92,3459.491428
438.856027,99,3459.619643
613.144774,135,3459.795111
433.408661,95,3459.916277
667.131943,131,3460.087899
502.464096,98,3460.212319
720.6342,145,3460.422809
482.675109,109,3460.569686
552.054501,125,3460.738064
625.309552,123,3460.899756
401.1241,82,3461.01379
494.946973,108,3461.166258
493.833831,112,3464.464323
478.566014,101,3464.638269
495.256924,104,3464.780377
431.180752,98,3464.936384
530.848466,109,3465.12014
508.378813,100,3465.298196
722.433244,138,3465.499223
482.078765,96,3465.638473
540.102718,104,3465.77837
415.572946,81,3465.885878
608.968545,118,3466.041547
374.300169,80,3466.153582
476.000248,103,3466.286618
452.47143,89,3466.421235
628.319309,122,3466.639111
665.9057,145,3466.889051
507.504976,99,3467.027492
560.129436,110,3467.180105
616.357726,120,3467.340831
487.073386,98,3467.474319
531.623174,103,3470.734391
729.535416,143,3470.968446
585.291393,113,3471.152948
483.128008,108,3471.334018
620.672767,141,3471.562401
686.46549,137,3471.793426
584.465301,114,3471.947611
570.024553,119,3472.139035
499.444481,111,3472.324608
620.158407,122,3472.520216
687.87043,142,3472.741917
589.567462,124,3472.941168
362.660431,81,3473.076847
587.086544,122,3473.278811
381.917114,82,3473.411775
473.530562,95,3473.556756
399.308178,88,3473.674526
483.268738,105,3473.813694
396.63296,78,3477.080251
444.912168,85,3477.275185
585.549858,122,3477.551331
645.209623,128,3477.841288
606.276202,115,3478.101311
526.159977,100,3478.324827
523.023557,114,3478.579033
516.105209,99,3478.78763
601.149228,121,3479.048721
550.446811,107,3479.277482
478.537105,95,3479.482272
400.061247,91,3479.666303
553.147232,119,3479.879758
509.549293,98,3480.052639
453.627639,88,3480.213345
725.828593,155,3480.47945
611.053927,132,3480.660998
569.283765,116,3480.829066
891.862575,182,3484.036321
461.314764,105,3484.18443
366.558429,85,3484.301796
483.856982,95,3484.426256
569.150351,119,3484.576792
516.490745,112,3484.720925
683.631109,153,3484.924495
641.526567,128,3485.119836
421.358142,85,3485.251935
736.720295,145,3485.488068
489.188429,94,3485.63178
555.188945,117,3485.819885
505.67244,113,3485.996742
1033.79597,228,3486.347454
557.327273,109,3486.52304
272.471039,62,3486.622332
530.471445,118,3486.824095
724.319947,150,3490.291255
581.635741,121,3490.456881
457.6326,105,3490.602604
450.451134,106,3490.741725
452.994802,87,3490.855713
424.22879,98,3490.987075
499.111919,107,3491.129931
440.692033,97,3491.257516
500.653301,100,3491.387409
686.826679,152,3491.581061
438.137851,85,3491.692055
563.33585,111,3491.840013
500.984002,96,3491.97041
600.28274,110,3492.11201
473.449154,98,3492.234918
547.096734,121,3492.395417
692.122211,144,3492.57985
731.824176,149,3492.778131
651.948087,131,3496.207555
564.386512,109,3496.393114
598.340694,119,3496.595836
499.767705,112,3496.790376
668.582739,135,3497.04495
832.451919,176,3497.341786
512.958271,103,3497.518035
710.286266,142,3497.765934
550.655936,105,3497.94268
392.192136,87,3498.08938
530.937967,104,3498.268551
626.128144,128,3498.4924
515.120424,115,3498.692745
548.70916,109,3498.880634
557.827374,106,3499.058395
492.485313,96,3499.213624
712.499861,140,3499.443378
502.505009,98,3499.611477
429.184968,85,3503.048855
775.051057,149,3503.357604
477.954391,101,3503.570902
569.465797,110,3503.800913
529.199163,102,3504.01751
544.379294,121,3504.269916
485.152821,113,3504.515697
524.253366,119,3504.751896
641.413824,127,3504.976001
604.239527,125,3505.209108
513.725482,103,3505.399006
729.630686,144,3505.660714
638.82107,135,3505.903607
521.217206,103,3506.091576
592.282446,115,3506.290093
828.307343,169,3506.578206
406.029751,84,3506.745829
517.61742,100,3510.258379
503.2745,98,3510.477521
408.874208,78,3510.61387
523.589649,103,3510.750721
464.090369,96,3510.876148
543.366348,105,3511.014782
661.168266,136,3511.196744
473.135488,95,3511.346836
458.002484,92,3511.49748
611.403293,133,3511.709029
800.475768,175,3511.985736
475.326426,97,3512.151101
482.267113,105,3512.329595
496.52899,98,3512.502572
398.816023,80,3512.64322
640.826928,127,3512.874593
764.988303,160,3513.145393
602.596585,131,3513.375915
558.740615,111,3516.538386
548.360955,111,3516.681238
552.376591,123,3516.839165
532.059319,115,3516.99717
863.254332,175,3517.220488
425.832083,97,3517.343462
618.254195,124,3517.50513
597.45277,116,3517.658643
520.963255,100,3517.788011
613.195881,128,3517.968743
460.397573,94,3518.100055
683.164112,133,3518.343859
550.049098,111,3518.554785
470.180226,94,3518.724962
653.923265,129,3518.945065
454.153462,92,3519.10443
436.7588,97,3519.273184
612.475901,117,3519.477784
614.150095,123,3522.452219
633.153926,124,3522.613921
717.444013,143,3522.81062
580.38738,120,3522.987126
559.945886,123,3523.190523
471.862087,91,3523.337616
529.050472,108,3523.479566
492.85092,99,3523.614885
482.34925,94,3523.737989
474.877284,95,3523.861317
431.537599,91,3523.975662
458.692017,87,3524.089684
686.869862,144,3524.279948
715.864684,134,3524.498369
416.532338,91,3524.659785
431.446177,84,3524.811448
526.835041,112,3525.002578
495.646995,93,3525.164268
510.892589,116,3525.376233
501.718364,104,3528.436996
566.496476,113,3528.619665
525.620925,127,3528.811781
641.641585,130,3529.023443
576.510349,120,3529.223681
521.724027,102,3529.38755
572.479795,110,3529.585211
476.513852,99,3529.763099
596.258954,115,3529.971106
736.460798,144,3530.224234
811.444839,161,3530.508714
584.841928,114,3530.717908
523.847175,124,3530.938827
451.54176,107,3531.126711
479.239953,107,3531.323611
876.807352,175,3531.657291
548.201619,107,3531.849717
525.933699,103,3534.997729
559.102673,107,3535.138371
559.628448,112,3535.288304
556.484741,125,3535.452026
443.708423,89,3535.571233
633.571705,124,3535.730651
572.199973,117,3535.884411
660.047912,133,3536.061157
583.951339,124,3536.245433
395.308897,85,3536.374781
432.047793,94,3536.525963
583.37801,131,3536.7519
453.896377,101,3536.934657
553.245564,108,3537.141329
726.944492,148,3537.430155
495.157858,110,3537.639859
656.876612,144,3537.911275
660.213071,141,3538.189823
812.762188,167,3541.778992
714.784047,148,3542.026936
553.590894,109,3542.176821
636.661573,130,3542.346719
618.542516,130,3542.527018
598.171879,116,3542.739315
517.004426,104,3542.927088
858.317596,172,3543.249413
570.703789,113,3543.487795
447.216256,96,3543.686489
662.692806,127,3543.935176
556.501011,119,3544.151583
437.417506,85,3544.30993
523.526013,104,3544.507726
833.987237,178,3544.833754
578.897998,112,3545.064312
471.793902,91,3548.403435
880.838454,178,3548.638613
666.606394,133,3548.817877
406.013274,82,3548.92791
538.802953,101,3549.06156
616.589684,132,3549.247272
398.830619,78,3549.393452
566.806014,114,3549.604015
556.797604,107,3549.803398
517.720856,102,3549.996791
495.267485,100,3550.179803
579.936583,123,3550.418872
530.473566,110,3550.638526
463.208911,97,3550.824621
614.545271,118,3551.042496
652.720729,129,3551.246359
625.273162,121,3551.417544
612.444722,120,3551.586152
521.163172,104,3555.251971
783.322369,162,3555.53955
568.898611,109,3555.744853
556.559991,119,3555.974761
462.677814,92,3556.136604
552.633326,113,3556.323023
546.116092,123,3556.532952
518.705479,105,3556.720798
413.049865,80,3556.873209
510.585414,99,3557.046884
393.148764,86,3557.201944
460.900619,92,3557.369241
419.491748,97,3557.537194
645.747402,132,3557.768698
565.371798,110,3557.969975
539.771019,104,3558.162113
684.624943,135,3558.344893
557.635168,107,3558.492087
598.99928,123,3558.654694
532.330118,120,3561.470377
527.429118,103,3561.64507
698.214482,135,3561.891369
596.826381,122,3562.107497
579.654964,119,3562.318247
562.709058,108,3562.509969
450.613183,91,3562.67709
578.325935,116,3562.878117
609.256894,138,3563.114823
640.735738,127,3563.332152
473.895422,91,3563.502955
478.296314,89,3563.672662
719.18177,141,3563.931387
639.721996,141,3564.191521
505.542482,96,3564.361748
779.52392,150,3564.626007
389.421647,78,3564.761078
486.523117,108,3567.521695
477.111158,108,3567.722855
470.767764,106,3567.914104
357.633328,83,3568.060374
405.725184,93,3568.227444
656.310794,129,3568.459965
885.790004,193,3568.779412
460.167358,88,3568.944247
519.816019,105,3569.14542
744.397683,155,3569.434433
470.797976,92,3569.597107
634.689661,125,3569.813957
539.353136,105,3569.994699
502.7173,100,3570.170632
618.072538,120,3570.373048
417.369106,83,3570.517787
516.083941,101,3570.699367
686.098082,141,3570.935483
448.062549,85,3571.050669
540.308403,106,3574.208599
515.171453,115,3574.407803
626.308836,122,3574.640605
601.62295,137,3574.907295
484.158051,95,3575.100041
487.5852,104,3575.302321
448.806701,87,3575.463137
478.678506,93,3575.636465
657.411018,131,3575.872188
522.861976,99,3576.039538
530.700557,109,3576.22615
590.461059,119,3576.424145
654.832659,143,3576.65555
636.133071,128,3576.852942
563.922346,122,3577.051635
633.913202,127,3577.255425
505.906837,100,3577.422525
618.757477,116,3577.619761
655.608603,133,3581.129513
553.206179,104,3581.270397
620.518539,122,3581.436533
488.564633,97,3581.561087
510.60331,107,3581.705679
470.694072,93,3581.831155
598.687866,125,3581.992905
538.536872,113,3582.139744
735.173527,146,3582.337464
458.506915,94,3582.465789
681.031914,136,3582.649675
634.991633,135,3582.828407
473.461515,91,3582.94905
414.914387,89,3583.089734
580.959075,119,3583.273361
344.404592,76,3583.408167
524.748185,105,3583.593493
614.852195,125,3583.817191
525.5318,106,3587.173632
640.345727,126,3587.385638
551.378562,121,3587.594136
486.884505,95,3587.75538
726.947558,142,3587.99943
560.129463,107,3588.174799
534.597237,107,3588.355915
625.843844,132,3588.571002
522.139616,110,3588.765408
471.246281,90,3588.887049
611.698862,118,3589.045825
716.006241,155,3589.252111
509.441833,98,3589.382223
555.35008,111,3589.524785
628.938472,121,3589.684105
562.816539,110,3589.837382
632.36646,123,3590.0456
397.967279,78,3590.170734
447.555238,90,3593.557632
430.331051,99,3593.729762
549.599531,112,3593.925734
423.679355,94,3594.094611
591.49783,115,3594.293689
354.873478,78,3594.434518
697.837141,154,3594.689602
430.649525,98,3594.851845
487.524902,102,3595.024502
573.38254,111,3595.207155
489.381424,103,3595.372537
595.254983,116,3595.551099
693.548501,150,3595.78523
567.954534,126,3595.984246
562.571302,119,3596.173401
594.222563,114,3596.355057
581.055329,111,3596.530048
448.528679,87,3596.668061
521.988392,101,3596.840111
466.544272,100,3600.010402
683.660347,137,3600.258989
504.92653,100,3600.479562
565.029649,112,3600.737032
705.490134,152,3601.07164
613.162896,136,3601.372901
512.756053,114,3601.62497
761.674876,153,3601.962738
1015.889511,207,3602.409263
511.53083,98,3602.607191
617.420185,128,3602.825096
561.821909,124,3603.043604
720.378697,142,3603.266196
471.594374,106,3603.431224
534.910432,116,3603.620903
617.152448,118,3603.802523
677.235101,146,3607.331847
587.559312,120,3607.515543
534.969345,100,3607.687042
642.537544,132,3607.917051
521.506833,116,3608.115939
484.623203,104,3608.304117
577.053254,125,3608.518048
524.771553,114,3608.722666
597.151793,118,3608.928378
429.39749,85,3609.077734
533.24288,117,3609.262254
800.94302,175,3609.501185
698.79831,147,3609.704434
723.930154,154,3609.911382
624.648915,124,3610.08119
492.662552,97,3610.214939
506.536957,114,3613.674554
626.541332,121,3613.924373
525.027066,102,3614.139049
511.482876,105,3614.366715
695.921464,130,3614.641593
605.91739,134,3614.932757
517.646394,102,3615.149859
615.262553,121,3615.375077
438.502623,94,3615.548252
660.668865,143,3615.811475
611.775033,132,3616.051979
505.258081,100,3616.23237
569.302907,110,3616.424436
611.284018,122,3616.643808
448.859245,100,3616.79631
661.70515,132,3617.026623
440.648994,88,3617.188839
444.345023,88,3617.334553
509.241637,100,3617.51864
679.804034,132,3620.740431
460.208622,90,3620.861425
596.923051,117,3621.013885
600.826601,134,3621.195877
589.142126,116,3621.349977
436.899816,85,3621.465689
527.208151,102,3621.598021
533.341548,104,3621.740633
557.040168,108,3621.9264
668.255286,127,3622.15026
856.280903,164,3622.448344
526.793661,103,3622.638129
450.424199,93,3622.822802
481.272535,105,3623.027401
515.38255,100,3623.223996
487.822377,102,3623.44922
488.029677,96,3623.655142
611.032848,131,3623.902723
454.137498,92,3627.072815
539.155297,117,3627.27914
459.336109,91,3627.43672
366.992448,74,3627.565532
487.719829,105,3627.7418
509.426001,113,3627.902129
495.12882,101,3628.042312
613.172771,126,3628.215319
590.978216,114,3628.369385
673.985492,138,3628.561184
721.234087,142,3628.757503
644.912371,137,3628.972079
451.077614,102,3629.110419
724.979362,143,3629.334418
782.961869,160,3629.621495
565.288748,121,3629.821647
668.074333,129,3630.066046
611.88736,131,3633.218266
394.649,79,3633.320771
481.000832,94,3633.437017
523.551686,105,3633.574635
450.076067,91,3633.690673
495.422447,106,3633.826876
623.265493,118,3633.981684
605.119447,119,3634.136968
576.775002,112,3634.299975
552.618184,110,3634.496853
482.073319,103,3634.683161
421.738302,84,3634.838864
774.7453,158,3635.12326
934.830656,190,3635.454967
701.958628,134,3635.684461
458.190095,93,3635.841774
484.611627,107,3636.038151
636.910939,127,3636.311489
468.343366,105,3639.803826
434.610827,89,3639.990571
585.786946,117,3640.217977
628.391875,119,3640.423924
788.564292,154,3640.681903
685.01593,135,3640.925127
519.316945,112,3641.132884
548.869652,116,3641.342905
327.650439,74,3641.476362
499.812347,96,3641.650207
503.579953,102,3641.825853
536.207744,108,3642.014031
483.245986,96,3642.188989
446.640316,89,3642.371272
439.110031,98,3642.574399
532.541502,104,3642.779737
628.734932,127,3643.063577
497.254008,99,3643.281443
570.438058,124,3643.519652
628.322826,120,3647.343824
746.354285,148,3647.61395
746.331397,149,3647.880424
676.659309,129,3648.105112
452.973217,96,3648.286328
418.900867,95,3648.477207
516.39892,108,3648.708484
466.95785,88,3648.884661
682.63266,134,3649.177049
536.966572,105,3649.363343
530.976173,104,3649.535753
498.36045,95,3649.699526
602.214507,116,3649.899703
705.099191,140,3650.141624
518.737434,104,3650.315113
413.75051,85,3650.45663
584.301937,122,3650.656961
589.681619,115,3650.84447
588.763145,117,3653.465714
727.981064,143,3653.717712
511.531767,113,3653.928424
800.761097,165,3654.215878
502.400469,114,3654.41509
711.254104,138,3654.662636
520.145042,100,3654.833031
497.178903,99,3654.998486
542.536087,109,3655.216215
639.866213,127,3655.486184
664.344333,138,3655.762735
751.835339,152,3656.0869
576.237615,121,3656.30776
566.582344,107,3656.482819
526.221366,115,3656.675851
738.416994,145,3656.915723
563.00136,113,3659.870695
464.931226,91,3660.075133
807.844809,176,3660.473206
618.760742,129,3660.762153
730.304733,158,3661.036026
557.88204,107,3661.23996
533.401754,115,3661.4507
615.005805,125,3661.670588
521.523345,118,3661.910235
541.241623,112,3662.191678
554.985307,108,3662.443468
459.452026,101,3662.671978
844.7531,174,3663.06619
617.85893,125,3663.344734
401.10533,89,3663.552216
567.688243,124,3663.820225
471.292996,102,3664.041148
572.125582,127,3667.740991
587.886111,114,3667.980792
570.170679,113,3668.217372
879.794908,172,3668.553049
458.067227,93,3668.721667
503.95341,107,3668.908497
565.310796,110,3669.09477
726.889461,150,3669.305006
443.437808,88,3669.43933
503.064395,105,3669.614546
600.397246,118,3669.810044
622.72409,132,3670.01572
648.17259,128,3670.216167
588.955669,114,3670.398696
608.583464,135,3670.616771
481.489582,107,3670.785603
558.90331,113,3670.934683
546.728331,124,3674.545798
507.850306,101,3674.728364
508.135847,101,3674.876709
770.473006,163,3675.106627
451.23876,88,3675.23412
512.384271,97,3675.368809
766.873886,147,3675.578332
493.340423,109,3675.761585
568.453574,111,3675.947168
490.492791,95,3676.103644
598.40263,122,3676.290409
557.967626,111,3676.436738
623.674422,124,3676.601831
528.720982,104,3676.739242
469.289606,102,3676.873172
658.743125,129,3677.039141
575.622295,107,3677.182971
553.208791,105,3677.322983
450.899389,88,3677.437026
422.377135,94,3681.026517
523.651592,102,3681.202559
695.072266,140,3681.433738
642.679492,141,3681.659167
490.122637,109,3681.831971
485.409838,109,3682.000855
687.912882,138,3682.21711
544.894804,108,3682.386742
520.768356,118,3682.575188
365.057955,74,3682.69061
398.547464,81,3682.812762
638.992142,123,3682.989277
446.73166,93,3683.126238
616.26205,118,3683.313661
458.556348,102,3683.471232
532.454603,119,3683.639984
519.75074,115,3683.797603
537.708311,113,3683.9702
521.302003,102,3687.397451
674.616002,136,3687.606267
448.037694,91,3687.730768
586.580027,113,3687.888564
772.087637,150,3688.099809
350.00881,79,3688.208622
544.87622,108,3688.36601
458.165295,99,3688.502078
435.730492,84,3688.616052
640.806289,140,3688.830975
564.896453,128,3689.069379
486.017496,115,3689.272126
460.329728,98,3689.433934
620.867375,128,3689.643832
714.269788,143,3689.87142
475.495452,102,3690.050429
511.097604,107,3690.234974
485.220814,96,3690.397513
521.876718,115,3693.237709
613.385537,137,3693.423128
562.504503,107,3693.572763
410.959074,89,3693.695607
585.370176,121,3693.856725
419.374886,90,3693.980206
612.820458,118,3694.138611
594.427062,125,3694.307457
532.023495,118,3694.464586
570.884187,109,3694.612958
541.527151,114,3694.763934
520.746358,99,3694.894366
434.10322,83,3695.020265
405.074434,88,3695.168939
454.788467,100,3695.332813
883.731862,171,3695.601955
676.439249,133,3695.810942
539.834431,110,3696.014636
620.444356,133,3699.15939
532.924381,112,3699.372007
582.433583,121,3699.63379
481.390324,96,3699.839184
715.106167,162,3700.190403
555.20681,106,3700.372678
396.04482,78,3700.483842
598.925487,117,3700.636024
547.679738,123,3700.800509
600.035151,121,3700.958622
631.821746,130,3701.126533
523.836437,103,3701.261794
510.334267,114,3701.41273
522.47337,101,3701.584867
455.595399,99,3701.749698
547.769023,118,3701.947615
459.0511,106,3702.128758
643.31913,141,3702.365738
501.307215,105,3705.757255
464.009769,91,3705.916879
646.441647,141,3706.170199
638.711347,121,3706.396013
562.883574,107,3706.619086
445.737568,94,3706.814203
545.8373,104,3706.997035
602.242576,118,3707.21193
711.48271,142,3707.46659
488.556187,96,3707.641135
473.159453,105,3707.822702
644.120895,137,3708.041466
557.046435,114,3708.221751
773.352791,155,3708.463685
527.059235,107,3708.642997
607.651807,122,3708.877324
495.885979,105,3709.071726
464.978416,102,3709.258554
645.95126,130,3712.880557
755.341441,151,3713.18598
643.210773,126,3713.449416
655.757132,132,3713.726632
653.622552,145,3714.033887
529.617681,99,3714.23579
568.335372,123,3714.500344
648.20066,134,3714.773884
643.702923,143,3715.028237
522.466663,103,3715.2036
506.648679,115,3715.428994
505.998712,114,3715.672294
641.323556,137,3715.960942
434.624799,96,3716.159503
661.654544,130,3716.386009
381.495257,86,3716.527846
622.770249,137,3716.773206
541.11569,105,3720.397978
437.223554,85,3720.547096
472.312199,105,3720.72642
721.208512,145,3720.999189
503.21768,101,3721.196096
380.753301,83,3721.362358
591.573794,133,3721.6454
645.402197,123,3721.910282
692.214894,133,3722.18096
509.122343,100,3722.386876
542.040229,121,3722.647109
640.810509,125,3722.899431
536.678034,120,3723.151153
543.632956,117,3723.36234
429.0096,98,3723.535058
717.452725,143,3723.77956
412.092287,92,3723.929767
528.921852,107,3724.103534
534.176876,117,3727.596247
506.297888,109,3727.789435
521.382535,114,3727.988877
699.724453,143,3728.246797
522.129646,121,3728.498203
560.105469,118,3728.720446
466.475316,97,3728.920363
826.981664,167,3729.272624
493.275733,98,3729.472432
536.045258,120,3729.698756
469.981147,100,3729.887898
458.841796,93,3730.057324
485.51696,97,3730.225112
706.847767,140,3730.465511
733.677373,153,3730.733622
512.513788,111,3730.923055
476.067099,107,3731.109652
473.183175,106,3734.721305
865.657684,174,3735.042408
604.697241,134,3735.306185
860.249532,189,3735.654017
477.24942,96,3735.82125
569.887026,117,3735.979026
454.788275,90,3736.097438
457.388301,94,3736.223246
450.79763,101,3736.356602
657.373891,131,3736.526164
616.598683,121,3736.68744
530.734793,111,3736.837157
524.307683,102,3736.971628
563.903772,118,3737.122198
499.644811,108,3737.266072
536.854721,103,3737.400798
583.524346,114,3737.55409
590.248352,119,3737.716591
544.313374,107,3741.294386
495.700179,98,3741.468313
574.165909,111,3741.665122
758.721437,157,3741.938825
518.068892,112,3742.131276
490.543923,95,3742.294725
559.713436,126,3742.508186
681.439546,148,3742.83087
517.449942,99,3743.0456
665.949426,128,3743.321511
775.943238,148,3743.640956
671.09021,132,3743.926237
484.16698,98,3744.146468
545.674792,121,3744.430497
582.191736,119,3744.713445
827.793873,175,3745.040363
750.66764,150,3748.543628
477.265476,93,3748.712658
455.591828,99,3748.889664
542.769456,117,3749.077864
747.239927,146,3749.309319
527.738664,104,3749.478889
690.180592,138,3749.661651
521.981975,114,3749.812599
645.553977,124,3749.981389
598.105025,115,3750.132925
453.595393,97,3750.258207
875.135384,182,3750.496491
806.599043,166,3750.718116
439.943271,86,3750.853234
574.659105,113,3751.031806
557.000067,108,3751.212734
491.796827,94,3751.372351
709.636401,138,3754.519721
451.832644,99,3754.668898
410.45586,80,3754.794076
404.790067,83,3754.921675
483.461563,95,3755.074373
903.391668,182,3755.370287
598.234725,128,3755.569829
361.948296,80,3755.678248
572.229066,117,3755.831524
521.281311,98,3755.959447
537.506096,102,3756.09256
576.636883,122,3756.261225
520.566768,100,3756.402545
519.041769,102,3756.542833
407.503065,90,3756.660578
468.657377,100,3756.795003
534.631605,105,3756.939892
550.654232,107,3757.085157
560.976358,123,3757.264274
461.961571,101,3760.672637
708.666865,137,3760.888186
488.709848,95,3761.013401
579.488278,110,3761.155341
622.544293,134,3761.331949
474.433488,105,3761.472199
792.211076,170,3761.696449
406.632843,82,3761.804427
560.712862,108,3761.951139
571.28671,108,3762.09851
623.345115,125,3762.273721
372.422724,72,3762.373969
468.339364,100,3762.510438
462.825929,104,3762.654635
561.930848,122,3762.832341
618.535609,120,3763.003864
614.361617,125,3763.17922
525.011697,100,3763.320421
543.669574,116,3766.475772
511.543423,96,3766.604003
535.400099,104,3766.746502
561.047884,119,3766.905191
552.293607,104,3767.04072
518.98127,101,3767.168452
582.731833,115,3767.317912
324.689802,71,3767.440771
395.192426,79,3767.576089
510.979384,112,3767.77098
541.99162,104,3767.947708
483.516632,93,3768.115111
494.140084,94,3768.287879
508.277097,110,3768.486547
614.240379,122,3768.685464
614.830222,120,3768.856382
551.727596,106,3769.003481
1097.974631,224,3769.312163
638.045973,131,3769.501015
761.631019,156,3772.535327
620.769893,126,3772.73825
394.292543,87,3772.890583
388.807259,81,3773.036644
457.344722,91,3773.197145
348.753208,72,3773.32155
475.170975,92,3773.48239
702.826322,144,3773.728297
547.306267,101,3773.931289
690.468149,149,3774.218605
661.075521,130,3774.398586
732.281463,149,3774.602117
389.000357,85,3774.717009
539.341716,105,3774.858161
583.738295,126,3775.022216
553.562313,107,3775.168716
476.225096,96,3775.305844
633.07121,130,3775.485201
408.17711,91,3778.574143
492.912017,100,3778.748463
728.89675,141,3778.990066
530.044417,110,3779.183209
788.752885,169,3779.47273
450.40658,88,3779.60742
466.910102,95,3779.755406
569.851048,109,3779.926643
613.362414,123,3780.114949
632.119793,116,3780.30154
456.985167,90,3780.453665
542.916434,106,3780.636482
574.619503,125,3780.856912
663.321886,147,3781.106709
729.9964,161,3781.375441
420.3242,88,3781.527686
418.514098,82,3781.665949
502.939657,103,3781.836828
480.20982,94,3785.196856
545.447287,104,3785.385859
356.305211,82,3785.529945
485.564495,97,3785.695883
624.48417,120,3785.901887
444.191808,97,3786.067735
591.905516,116,3786.2742
527.924819,114,3786.475857
670.506554,131,3786.706461
519.047238,112,3786.859996
446.557204,104,3787.04118
551.355611,105,3787.218799
572.101903,118,3787.424928
454.772027,92,3787.588426
859.055686,183,3787.918198
429.589728,92,3788.087389
384.912847,75,3788.2116
346.153217,77,3788.339651
517.690431,112,3788.525204
698.429945,147,3792.111743
451.145137,87,3792.226489
521.930686,99,3792.352555
711.577147,138,3792.534934
453.562161,91,3792.653405
469.660109,99,3792.810667
380.223866,87,3792.953339
578.317925,126,3793.160602
682.158682,137,3793.408055
461.641857,89,3793.563239
707.200612,139,3793.805184
503.541011,104,3793.981079
859.835637,169,3794.276006
506.408747,104,3794.460634
531.001256,115,3794.67588
568.777948,116,3794.925989
493.931127,93,3795.133789
554.114562,107,3795.336794
515.072226,97,3798.877191
553.454883,106,3799.112407
619.376778,138,3799.421195
533.23593,102,3799.652337
508.620749,100,3799.865633
734.147167,151,3800.129233
437.629263,85,3800.278188
485.802511,108,3800.477968
574.994535,121,3800.695134
569.861494,109,3800.883807
311.033987,70,3800.995706
576.419785,129,3801.210385
573.500719,121,3801.430909
678.728652,136,3801.664559
465.704894,89,3801.819468
474.616541,91,3801.973374
565.86716,110,3802.150424
400.102162,81,3802.264617
509.244343,111,3802.433167
600.826121,117,3805.215227
662.586909,134,3805.440374
736.400236,146,3805.678108
600.805308,116,3805.837602
412.141887,80,3805.947548
691.528082,135,3806.124442
438.516134,83,3806.24689
562.081851,124,3806.463684
437.071434,87,3806.61644
631.553141,121,3806.821327
505.899984,99,3807.000021
479.086842,106,3807.192524
534.474399,101,3807.371433
649.69328,135,3807.600672
630.137633,121,3807.782898
520.967333,109,3807.939902
726.822868,141,3808.186239
469.203238,94,3808.355752
490.308388,107,3811.513279
474.505792,95,3811.637857
596.424549,131,3811.816708
590.906017,125,3811.983718
611.643236,134,3812.162776
564.032169,108,3812.344044
471.46072,95,3812.512458
546.999842,105,3812.689464
620.397852,120,3812.90079
403.355881,92,3813.062887
399.659898,79,3813.197957
654.551336,142,3813.43977
603.279379,137,3813.676064
589.338549,126,3813.892991
595.46492,116,3814.103213
675.802747,142,3814.351361
481.526378,95,3814.516824
541.352237,104,3814.689999
501.793268,110,3818.434718
479.001268,109,3818.615923
732.403695,142,3818.849113
633.811941,143,3819.087529
654.923225,135,3819.326989
507.980554,96,3819.505818
621.188391,138,3819.739844
571.040989,113,3819.949788
681.765466,150,3820.231828
492.012793,96,3820.439108
521.873428,114,3820.685856
719.885666,143,3820.99306
602.259207,117,3821.227916
443.605456,89,3821.390871
395.877098,90,3821.553559
517.42436,108,3821.748069
465.164082,95,3821.918856
584.350457,121,3822.10821
474.756679,93,3825.39133
578.765257,121,3825.584778
617.856427,123,3825.762146
833.82336,167,3826.058984
771.330508,155,3826.341156
881.735406,183,3826.722121
571.680332,115,3826.966465
630.120505,129,3827.241982
411.917746,84,3827.412551
443.224705,97,3827.585263
561.155501,108,3827.776809
523.831538,115,3827.983062
531.711127,105,3828.167131
601.150513,114,3828.355955
587.110187,115,3828.55312
861.185037,176,3828.846529
542.621971,122,3832.448959
598.805548,114,3832.652779
483.559723,104,3832.853718
583.894796,117,3833.098773
753.07761,148,3833.395706
613.561888,119,3833.618298
461.782216,92,3833.787409
691.156548,135,3834.027282
505.101986,99,3834.199183
569.924157,114,3834.390942
563.168159,118,3834.584779
669.744968,139,3834.807845
646.285553,137,3835.009627
445.304776,99,3835.142373
694.072408,140,3835.327507
449.230528,89,3835.450466
611.965619,119,3835.611368
600.92918,130,3838.132601
594.142879,126,3838.350445
562.424231,126,3838.576268
494.296249,97,3838.753555
692.467622,150,3839.025633
464.464521,90,3839.183182
673.908404,135,3839.418338
605.917052,118,3839.635489
586.826926,118,3839.866445
487.888445,104,3840.091771
508.055086,105,3840.309171
537.594766,121,3840.542477
556.191341,106,3840.724952
477.040717,105,3840.895176
418.026051,82,3841.024383
654.873,142,3841.249961
362.914135,82,3841.381118
485.887315,92,3841.530411
513.981901,112,3841.710866
605.594365,136,3844.60508
720.058874,154,3844.87866
587.788978,115,3845.089963
466.95738,94,3845.2595
587.530767,126,3845.484653
422.856646,90,3845.641902
488.150451,109,3845.822696
465.164509,95,3845.980212
617.518988,133,3846.206187
660.392966,132,3846.429671
681.762904,135,3846.666066
689.096848,145,3846.86554
561.054925,107,3847.006882
514.404926,105,3847.18534
669.873576,151,3847.428691
461.366616,99,3847.594747
478.696878,95,3847.734154
480.130978,92,3850.398499
647.160547,140,3850.597512
631.739234,123,3850.816207
586.229287,118,3851.020548
657.79567,126,3851.249511
398.370958,81,3851.389768
588.177261,119,3851.557827
537.229342,105,3851.718337
645.607678,126,3851.92801
447.31453,98,3852.095103
503.809626,108,3852.271972
409.053562,80,3852.406654
465.230222,92,3852.558978
898.784738,193,3852.886384
533.908375,102,3853.059161
503.153587,114,3853.251158
535.549921,102,3853.41978
577.951101,112,3853.593087
535.184187,107,3856.991373
584.755562,114,3857.13869
577.305774,113,3857.286952
640.255341,140,3857.503093
391.555201,82,3857.653959
477.13169,106,3857.84391
571.754839,120,3858.072602
509.617097,100,3858.252252
535.184922,116,3858.422216
624.144496,129,3858.601203
503.961176,97,3858.735955
480.152529,106,3858.885866
393.585761,91,3859.007217
466.044418,99,3859.144135
639.722225,140,3859.338491
607.332075,119,3859.504623
479.193193,110,3859.661852
561.838644,114,3859.816344
587.153651,117,3862.587347
377.070806,85,3862.74626
475.556281,96,3862.924023
573.349702,109,3863.129627
529.156554,115,3863.34659
539.734343,118,3863.572657
452.314175,90,3863.742071
586.617682,116,3863.934503
647.405068,144,3864.190809
525.792848,103,3864.356869
504.729131,98,3864.494627
543.313691,103,3864.630478
574.826847,138,3864.823193
502.936147,100,3864.962312
638.697381,120,3865.129248
808.192346,161,3865.351628
691.629727,158,3865.574954
632.322471,126,3865.749269
542.046676,106,3868.600719
859.971309,166,3868.888516
483.176477,102,3869.068897
643.042252,126,3869.286035
636.623272,134,3869.519456
489.779981,100,3869.693882
774.353861,158,3869.978538
526.250124,101,3870.164094
425.612965,93,3870.327751
663.314273,133,3870.542288
527.452315,101,3870.703145
609.847939,120,3870.899111
568.380594,123,3871.112264
1006.779098,206,3871.440303
464.990143,106,3871.617718
496.230704,109,3871.800231
654.31974,125,3874.992928
364.127151,77,3875.0945
584.767629,117,3875.258313
757.269243,158,3875.479539
436.625285,85,3875.598996
580.321275,125,3875.77607
668.894928,130,3875.962389
651.666948,140,3876.159753
584.330643,113,3876.308747
506.063961,102,3876.447938
591.411118,114,3876.598463
538.227709,117,3876.759698
523.670888,100,3876.919401
468.594679,95,3877.086705
526.124164,104,3877.261757
603.403377,117,3877.465757
565.513308,123,3877.662651
457.889595,86,3877.80567
531.625564,120,3878.006237
525.882433,101,3881.245744
386.203928,82,3881.405882
577.804936,111,3881.610719
460.949223,103,3881.804729
563.492106,110,3882.005141
608.695877,121,3882.222127
522.136663,114,3882.424469
680.706468,152,3882.685896
695.940038,136,3882.928044
475.46019,96,3883.104946
513.723935,100,3883.279752
473.240846,108,3883.480569
425.637074,92,3883.639883
357.18612,79,3883.781917
571.77595,110,3883.979641
543.543574,105,3884.171731
478.22806,96,3884.343545
433.849962,83,3884.485806
549.730515,108,3884.667585
568.468294,113,3887.986814
625.644242,123,3888.191647
747.842348,147,3888.44216
498.943406,96,3888.605705
427.18601,95,3888.764205
502.753848,115,3888.955535
637.909437,123,3889.157823
419.177593,96,3889.316045
624.928577,124,3889.518951
605.546508,134,3889.755197
617.249446,120,3889.964029
695.223414,135,3890.193499
383.013309,76,3890.34063
414.039595,90,3890.514374
685.002645,138,3890.749891
572.063533,111,3890.931505
597.19668,117,3891.094436
733.911201,152,3893.985972
510.753573,99,3894.116384
592.643039,112,3894.266212
513.533441,100,3894.397738
635.770972,137,3894.582097
418.100906,90,3894.712933
529.944503,114,3894.876407
619.68992,138,3895.063737
689.527142,132,3895.280966
586.702545,113,3895.480441
551.843315,106,3895.67189
505.480495,99,3895.8537
427.776548,93,3896.031167
859.447715,168,3896.344635
558.083791,111,3896.558517
471.800434,96,3896.719687
571.772865,126,3896.93818
518.555379,106,3897.127869
568.333186,131,3900.922729
644.170853,132,3901.14892
470.582921,92,3901.276824
516.145895,118,3901.44404
732.937859,144,3901.69902
625.993392,127,3901.933575
599.078988,117,3902.151841
609.145859,120,3902.390838
576.628334,114,3902.61503
476.387893,99,3902.784593
517.158037,100,3902.951925
551.598304,110,3903.13738
580.411038,124,3903.363653
618.231274,118,3903.568164
658.964464,132,3903.806615
562.450194,109,3904.009857
543.462713,106,3904.19324
577.435334,116,3904.378363
827.548515,171,3908.088241
541.293487,103,3908.233192
615.946055,117,3908.398685
476.399859,106,3908.550141
474.332269,99,3908.687387
696.68845,146,3908.904338
755.001764,163,3909.193795
605.532437,119,3909.405698
563.959848,119,3909.625835
429.256986,87,3909.781612
528.297979,109,3909.976467
576.570801,110,3910.169847
595.716315,115,3910.346187
627.715954,121,3910.507029
405.558548,91,3910.635992
607.923738,117,3910.796526
577.863568,111,3910.947144
390.287566,93,3914.409546
539.915706,107,3914.602442
479.236172,94,3914.758978
615.7092,130,3914.991633
531.115102,106,3915.194732
448.723398,86,3915.36641
533.08034,104,3915.568149
585.452,111,3915.783158
516.611819,115,3916.00951
463.811609,90,3916.183459
569.130113,108,3916.398391
780.206324,172,3916.705103
485.320614,99,3916.862347
517.611615,111,3917.033999
646.245898,126,3917.228931
506.043091,97,3917.3842
503.325583,115,3917.565841
635.676265,126,3917.778435
576.650286,117,3917.962096
487.231332,94,3920.930947
477.054128,101,3921.067583
592.624615,119,3921.232887
544.50172,104,3921.378789
519.327063,116,3921.538272
502.592745,98,3921.704286
543.760107,106,3921.89309
556.092825,112,3922.0967
414.243332,95,3922.267076
582.505399,119,3922.475793
538.342743,123,3922.685385
506.502337,110,3922.864994
535.218158,104,3923.006139
556.021853,123,3923.174284
495.316631,104,3923.318469
464.280083,90,3923.443193
543.484177,105,3923.582203
731.46922,163,3923.802687
471.644656,91,3927.091824
619.073739,127,3927.310111
527.648567,100,3927.444679
543.661599,119,3927.640409
561.324242,121,3927.852532
623.550514,135,3928.082833
477.177805,96,3928.254284
554.066186,107,3928.431171
573.917098,109,3928.622231
431.074266,91,3928.775638
758.589627,148,3928.980844
499.798414,99,3929.110707
555.200988,121,3929.274349
598.161213,132,3929.457804
721.306393,140,3929.70254
691.717525,138,3929.949979
571.968102,113,3930.152709
574.888314,122,3930.419425
544.121481,114,3933.172611
515.231728,98,3933.30593
431.615453,84,3933.422144
488.052164,93,3933.547171
499.212263,97,3933.676734
508.335661,98,3933.81238
570.648416,128,3934.051865
558.000839,119,3934.296597
714.41286,153,3934.588338
718.030135,137,3934.810266
554.546381,107,3934.98446
575.288268,111,3935.167008
448.453893,98,3935.328269
613.881429,126,3935.542277
501.231354,97,3935.706293
576.684829,109,3935.889739
549.67537,109,3936.074168
557.491631,121,3936.271126
570.543952,116,3939.849001
580.838981,111,3940.010087
587.638992,112,3940.16223
430.440783,87,3940.280585
609.259087,126,3940.475976
515.813584,101,3940.643488
662.301397,127,3940.848681
635.405501,145,3941.10501
455.259315,87,3941.256353
606.647938,122,3941.468495
518.974394,103,3941.64387
467.439901,102,3941.818864
673.752633,130,3942.038803
465.828188,97,3942.206254
521.854259,116,3942.402172
628.49445,140,3942.643669
573.310759,125,3942.855012
467.021172,106,3943.037206
623.041863,132,3946.167171
519.354982,102,3946.344737
548.047884,107,3946.517905
752.65536,166,3946.761541
637.005071,134,3946.982181
500.841275,98,3947.145278
626.198061,136,3947.365298
701.203729,136,3947.593109
620.756084,131,3947.818242
826.153637,170,3948.116523
558.223813,126,3948.351085
929.840758,196,3948.70953
755.36033,149,3948.981284
494.923717,95,3949.151211
606.594877,119,3949.367687
621.252897,123,3952.615876
584.677112,123,3952.822472
512.859717,101,3953.00757
523.852047,103,3953.1879
694.938749,153,3953.443543
485.094655,102,3953.598289
421.943399,91,3953.744724
593.719512,121,3953.934898
464.350552,91,3954.075808
511.447572,112,3954.253187
702.218974,145,3954.483376
421.588032,82,3954.619406
603.436714,133,3954.831631
518.627358,112,3955.011835
371.098476,79,3955.137403
631.384323,120,3955.333064
396.299809,92,3955.48787
628.49078,129,3955.708426
737.646387,143,3955.956666
497.112569,110,3958.948105
729.862053,160,3959.227766
488.321701,92,3959.393585
516.738709,98,3959.565917
471.772274,91,3959.729745
688.942729,149,3960.042702
560.919725,110,3960.284319
562.108092,115,3960.529002
494.489529,107,3960.757923
599.82547,119,3961.015724
573.468688,124,3961.218767
534.943966,102,3961.390369
579.014746,111,3961.577516
584.906609,123,3961.790036
656.833444,142,3962.035152
479.341038,93,3962.200214
517.768266,114,3962.392801
544.05896,106,3965.609373
731.066693,152,3965.807993
534.179926,107,3965.981886
484.828073,92,3966.135513
615.702117,131,3966.35084
654.473503,125,3966.553457
548.33091,121,3966.767995
529.474202,113,3966.967417
562.227408,113,3967.165255
674.006445,134,3967.397457
428.110812,97,3967.572778
487.1201,108,3967.770897
502.039362,105,3967.965909
637.902778,126,3968.190812
667.141671,140,3968.439518
517.723648,100,3968.618734
456.174627,96,3968.780597
590.213442,116,3968.991533
513.582877,109,3972.625687
506.98278,113,3972.833208
402.643346,81,3972.973596
641.841494,132,3973.19652
654.67008,124,3973.407461
577.073195,112,3973.602691
435.5015,94,3973.772162
610.897136,128,3974.002566
588.856544,128,3974.23993
523.857908,103,3974.433927
542.525696,121,3974.653886
471.383501,99,3974.8321
562.806743,123,3975.046963
522.241267,100,3975.231605
645.121914,143,3975.486334
624.687314,118,3975.697226
800.386154,158,3975.949509
534.799177,103,3976.127599
681.097432,147,3979.699464
614.321253,119,3979.862838
313.981336,72,3979.960521
596.517862,134,3980.145286
515.464377,109,3980.289124
535.148806,122,3980.450288
636.651588,124,3980.614938
490.355414,107,3980.762762
568.93603,121,3980.927155
610.799357,134,3981.108181
439.597859,103,3981.280144
540.178365,108,3981.467454
395.744953,82,3981.60905
536.226556,119,3981.812088
541.645172,107,3982.012245
599.606796,115,3982.244918
558.543774,111,3982.477238
618.158049,137,3982.712802
696.378921,142,3986.126644
639.414792,132,3986.357968
600.849571,123,3986.542993
886.152871,174,3986.819589
576.637784,116,3987.031352
405.40132,98,3987.206659
476.115912,93,3987.376876
597.058211,120,3987.593172
518.233533,102,3987.777243
350.112717,78,3987.911469
521.618431,112,3988.142285
518.008812,101,3988.351238
512.722745,112,3988.557749
755.391707,153,3988.833151
547.303559,108,3989.031458
790.52834,159,3989.333561
622.830698,129,3992.889239
709.38393,143,3993.148139
456.908277,89,3993.307819
591.647514,128,3993.54048
503.181476,101,3993.727315
467.367039,107,3993.925264
476.411358,95,3994.094886
796.592092,159,3994.369443
560.502616,120,3994.590682
467.375097,94,3994.760224
651.517238,128,3994.990067
670.32711,132,3995.221843
480.12591,97,3995.396601
615.843561,118,3995.606523
692.685699,136,3995.853891
558.737345,118,3996.075894
437.237408,86,3996.224316
604.189443,117,3996.42743
629.414424,135,3999.747546
541.41506,106,3999.895482
514.54497,103,4000.04255
588.639584,127,4000.21753
619.65254,130,4000.394554
531.03847,105,4000.582729
544.204933,112,4000.780121
602.355354,126,4000.965458
568.530101,127,4001.162668
514.590352,108,4001.346367
507.357562,111,4001.537339
538.03562,109,4001.725824
474.826252,102,4001.89811
560.891385,117,4002.094422
681.395326,140,4002.333069
736.571685,144,4002.526134
493.696155,96,4002.690844
655.354477,129,4006.230137
490.698768,94,4006.399711
531.81303,109,4006.595984
504.526578,108,4006.780457
644.018717,143,4007.036221
469.452526,109,4007.235126
568.331531,112,4007.463845
594.432697,127,4007.673669
532.058608,106,4007.859364
607.948086,118,4008.060218
569.714466,128,4008.280691
433.865002,97,4008.461711
626.877813,134,4008.696463
512.262887,97,4008.884171
598.381955,117,4009.094712
497.560696,110,4009.30333
664.892088,131,4009.548306
714.427555,145,4009.799473
407.865447,80,4013.158511
488.907831,100,4013.346578
668.209893,135,4013.592421
428.726906,82,4013.750271
538.525386,110,4013.955404
519.507434,111,4014.164493
622.792701,139,4014.425695
628.846564,134,4014.699081
495.240958,98,4014.887476
509.612685,111,4015.126493
529.725634,102,4015.366829
684.28637,132,4015.630857
552.337076,112,4015.792925
575.375253,115,4015.952893
590.311422,123,4016.123702
668.316316,126,4016.295178
638.940378,131,4016.46572
441.032848,91,4016.581408
520.46279,116,4019.867431
662.14976,131,4020.097016
675.376214,131,4020.316413
600.999778,118,4020.509632
563.145187,117,4020.71085
572.318496,113,4020.91692
371.932956,79,4021.057643
715.161965,141,4021.306841
611.054765,122,4021.520067
447.497018,99,4021.693834
785.476757,157,4021.974778
480.591421,106,4022.151415
470.942736,95,4022.314392
457.256751,99,4022.468828
637.722192,128,4022.646054
458.061324,89,4022.762746
479.286112,102,4022.90062
516.763037,102,4023.033782
528.671212,114,4026.579661
497.559814,111,4026.733031
641.997484,127,4026.949227
575.409169,112,4027.139675
374.69678,85,4027.276913
651.299992,135,4027.522939
798.10285,156,4027.803588
612.798107,137,4028.050924
496.281185,92,4028.205395
634.083777,121,4028.410321
502.593474,97,4028.57102
445.452696,88,4028.717309
518.851366,103,4028.85552
601.866319,115,4029.013437
572.948597,114,4029.16398
650.670114,132,4029.340553
469.150769,89,4029.466001
538.719683,103,4029.60911
745.365208,148,4032.55692
693.41899,149,4032.763599
489.781426,97,4032.894229
616.183613,135,4033.119469
534.092328,102,4033.296893
604.165721,123,4033.505841
616.244854,121,4033.727249
567.507822,113,4033.931524
602.079579,120,4034.151298
713.716498,144,4034.402184
563.131886,112,4034.606179
605.768677,121,4034.811376
519.391283,111,4034.971026
495.142493,98,4035.111008
619.743683,120,4035.286617
521.404477,100,4035.423934
467.209188,100,4035.563689
650.285001,137,4038.676961
540.735442,105,4038.890407
712.020423,139,4039.187893
455.652956,101,4039.39162
551.031612,120,4039.626004
623.219743,141,4039.88287
709.153295,138,4040.128793
493.552798,95,4040.303734
619.145835,138,4040.556242
671.013629,133,4040.786055
559.743457,118,4040.990383
598.38638,114,4041.187361
569.304074,112,4041.389489
590.858182,115,4041.593119
442.49791,88,4041.72261
383.057506,85,4041.838371
424.074783,98,4041.967572
689.293668,147,4042.156939
745.673187,151,4045.989853
500.743964,113,4046.193369
611.213445,117,4046.403361
621.638668,127,4046.611612
571.383216,113,4046.818872
601.960413,118,4047.045476
638.783996,132,4047.291117
629.448353,123,4047.52914
510.018714,104,4047.739301
521.323223,116,4047.952482
489.892166,101,4048.101397
612.570869,123,4048.293986
485.813375,109,4048.471404
549.429299,105,4048.60851
392.968838,87,4048.726847
697.620757,135,4048.94464
709.936545,148,4049.176119
469.889551,90,4052.749564
483.744684,94,4052.931874
531.699322,100,4053.112144
760.456516,150,4053.381628
499.341913,99,4053.563156
511.921502,100,4053.742722
442.560999,98,4053.92022
386.401869,81,4054.061623
740.584569,158,4054.28968
534.044714,105,4054.435674
654.883292,132,4054.616382
590.188778,117,4054.774224
505.976483,97,4054.902156
580.857639,118,4055.056101
710.004077,139,4055.293594
525.535401,108,4055.484868
413.94134,82,4055.596538
434.916881,85,4055.705935
487.901088,94,4055.83151
456.082177,102,4058.982193
609.720806,118,4059.17048
424.601089,97,4059.341425
416.861506,88,4059.490196
713.649508,140,4059.75356
574.437879,109,4059.960366
667.08987,133,4060.161379
417.938599,96,4060.31597
474.925562,99,4060.474685
423.834433,84,4060.604841
429.780906,96,4060.761403
401.089895,87,4060.896848
724.651641,159,4061.149187
611.025002,125,4061.347272
627.033307,132,4061.563992
476.145148,100,4061.718933
540.388303,107,4061.883234
567.102697,110,4062.06131
579.438612,122,4062.265105
697.966143,137,4065.755716
600.677267,133,4065.98395
445.526307,88,4066.128283
591.455291,114,4066.309587
517.232946,116,4066.490837
725.583741,142,4066.710189
473.335684,104,4066.880821
545.652369,105,4067.05028
706.191968,157,4067.298733
532.19002,104,4067.463089
787.813974,153,4067.717507
569.998311,112,4067.901929
749.723603,150,4068.125519
692.246706,133,4068.308229
455.00638,91,4068.432865
601.678992,117,4068.593847
747.222992,144,4071.856018
625.659675,135,4072.099143
426.841832,96,4072.268514
554.035389,110,4072.462391
430.671396,98,4072.633128
492.575599,94,4072.799197
737.228425,143,4073.05876
452.98492,103,4073.259104
448.867977,98,4073.481053
513.645343,113,4073.733529
446.187935,103,4073.959771
597.568038,117,4074.214956
623.710294,122,4074.49849
844.609328,170,4074.904428
555.357582,109,4075.17087
558.712255,125,4075.462599
507.26543,112,4075.629557
680.835799,130,4075.82536
519.105897,105,4079.214754
562.640247,112,4079.468913
438.719751,101,4079.70264
406.037111,82,4079.888863
479.217075,92,4080.087969
602.103402,117,4080.354907
521.668738,101,4080.565024
547.334542,117,4080.791815
678.485877,139,4080.997935
601.571874,114,4081.205439
569.724898,111,4081.39601
457.663804,90,4081.544183
771.025606,150,4081.78486
510.146798,103,4081.958975
445.560004,85,4082.0999
565.448102,126,4082.323781
631.728394,125,4082.539033
631.387693,122,4082.72338
413.743795,95,4082.8791
738.48478,147,4086.248911
320.229696,64,4086.332199
715.883904,150,4086.536611
375.87713,82,4086.648354
775.366933,158,4086.856681
567.180328,108,4087.002105
610.358452,134,4087.185735
568.687488,123,4087.388747
601.72635,135,4087.595833
536.981851,118,4087.789142
531.349226,116,4087.997201
761.02509,150,4088.25069
470.451736,89,4088.405369
379.086953,84,4088.549593
491.623417,108,4088.725296
468.629401,105,4088.911454
658.320877,128,4089.13346
558.076488,107,4092.575103
594.487726,115,4092.78573
677.68367,135,4093.018873
558.642514,116,4093.227989
532.131605,107,4093.412882
758.338178,160,4093.692872
617.863318,117,4093.908102
656.081251,126,4094.178098
598.219061,116,4094.332425
637.922175,128,4094.524472
388.455426,90,4094.673966
599.985812,115,4094.857023
452.077555,103,4095.023623
710.914903,138,4095.222374
699.960253,141,4095.416894
678.292238,135,4095.650613
636.787596,123,4095.871603
852.36508,170,4099.001738
518.478766,112,4099.150748
569.116275,112,4099.301371
489.625327,95,4099.42919
587.057187,115,4099.583088
562.288428,107,4099.724742
711.668514,142,4099.919593
725.990937,142,4100.109218
710.195016,140,4100.296035
555.223835,110,4100.441365
457.830948,92,4100.563263
529.220817,102,4100.703149
513.50848,104,4100.872265
661.190755,131,4101.086961
543.636743,100,4101.236764
563.384688,115,4101.393805
565.685789,121,4101.55967
560.954905,110,4105.000254
530.915114,114,4105.196373
600.05316,119,4105.404642
470.848478,106,4105.596902
645.27146,138,4105.845657
407.034669,80,4105.984941
573.509467,111,4106.177494
482.92145,90,4106.335087
616.869468,124,4106.545784
548.958197,120,4106.710963
603.537362,126,4106.88055
577.879052,114,4107.030018
677.44991,135,4107.221364
571.197346,129,4107.44902
613.117299,123,4107.718782
699.347231,154,4108.031412
534.499257,103,4108.191917
740.303556,147,4111.768562
523.168005,101,4111.905682
772.043641,168,4112.128465
559.595135,107,4112.272713
435.740268,97,4112.403759
515.013932,113,4112.560385
649.558222,125,4112.724506
489.183997,98,4112.853159
536.601506,115,4113.009755
558.244675,117,4113.163449
743.114634,165,4113.387645
690.290404,137,4113.605528
516.806747,100,4113.824154
472.31311,92,4114.021919
659.781736,129,4114.291267
673.919505,129,4114.55199
535.991699,106,4114.770093
609.746193,125,4118.24054
598.671379,115,4118.464828
555.145713,122,4118.625199
575.853392,110,4118.772009
598.419539,132,4118.951891
615.78276,134,4119.133237
478.207139,108,4119.278035
498.253601,102,4119.417815
460.081937,93,4119.54177
598.017232,116,4119.70048
573.837657,111,4119.877613
670.954812,145,4120.125634
638.281831,140,4120.394049
538.294689,108,4120.620665
471.805211,103,4120.83509
475.67683,93,4121.037065
600.892623,131,4121.322255
544.351771,106,4121.553331
563.466501,110,4124.266517
588.681913,119,4124.422625
568.478809,110,4124.564553
660.026394,131,4124.733697
611.589846,117,4124.883578
508.851554,96,4125.004645
555.273838,127,4125.171348
547.246939,107,4125.308396
704.066046,145,4125.49723
643.063236,128,4125.67008
542.302254,117,4125.841416
652.719828,131,4126.061206
483.998305,104,4126.245437
561.755959,113,4126.425997
531.77762,102,4126.592787
477.031737,111,4126.784015
516.072073,107,4126.99738
557.87062,118,4127.243072
535.142603,102,4130.968846
585.913762,116,4131.212203
680.899917,131,4131.48947
633.679527,124,4131.65378
562.404258,111,4131.807009
563.547846,113,4131.958346
598.925381,130,4132.136386
638.053894,138,4132.333565
517.085184,99,4132.46624
571.975985,127,4132.643566
644.344795,132,4132.850688
527.374315,106,4133.044703
699.135433,135,4133.316844
605.786501,117,4133.554497
455.025253,106,4133.770772
512.070354,104,4133.989699
587.202885,113,4134.225888
536.282117,117,4137.817405
591.42602,113,4138.06064
480.303627,105,4138.288197
662.857192,135,4138.545285
634.246792,138,4138.795779
436.242253,86,4138.95066
518.134263,117,4139.161843
532.798951,106,4139.391997
442.165135,85,4139.568617
590.770392,129,4139.836669
464.101713,101,4140.033872
534.617975,112,4140.255872
907.13663,172,4140.602567
604.179916,131,4140.884807
662.841566,144,4141.180351
609.223802,117,4141.420799
585.318424,131,4141.67671
758.48121,149,4145.494262
572.833394,117,4145.739372
525.426854,122,4145.997771
656.649679,144,4146.309108
668.6236,148,4146.614316
514.81742,110,4146.848645
597.922144,119,4147.090486
554.367554,116,4147.331642
538.07787,101,4147.547264
607.477547,123,4147.82156
521.732711,104,4148.033804
371.900428,84,4148.151207
669.17947,134,4148.332005
637.64437,145,4148.519197
552.792422,107,4148.656081
612.075961,124,4148.814786
609.730726,138,4148.99173
437.026422,90,4152.556345
590.64846,115,4152.796317
622.694537,136,4153.071879
533.808987,119,4153.327157
720.717614,148,4153.633368
542.555514,103,4153.855808
795.03498,155,4154.175767
616.959015,122,4154.380996
505.674297,106,4154.558261
552.798845,114,4154.727262
448.387881,93,4154.849396
591.807186,118,4155.000677
546.29433,111,4155.14133
399.195585,89,4155.251405
511.028254,96,4155.373487
388.938244,88,4155.486799
551.212046,126,4155.645238
488.316761,96,4155.768942
526.855855,105,4159.281108
768.681559,160,4159.622428
632.246923,134,4159.907226
632.492073,128,4160.184458
733.128392,153,4160.478582
606.187812,119,4160.689392
719.719805,138,4160.948179
470.580207,110,4161.152646
638.179435,124,4161.376316
371.23692,78,4161.533303
597.346948,120,4161.788148
427.658521,83,4161.960775
783.547726,155,4162.29287
429.959537,83,4162.468733
717.589096,142,4162.763875
479.652453,97,4162.967491
672.782287,146,4163.284071
567.13235,111,4166.728976
648.503036,131,4166.975141
666.047029,143,4167.233874
636.257591,128,4167.474711
473.713602,91,4167.675992
552.088763,107,4167.910786
784.713814,157,4168.259519
586.257297,114,4168.500764
492.279069,110,4168.731963
642.553332,131,4169.004302
649.186298,140,4169.298983
579.818182,114,4169.556715
654.46337,133,4169.759419
498.008161,110,4169.916061
552.44573,105,4170.062981
592.886868,129,4170.244679
759.165076,164,4173.399182
528.915529,106,4173.544276
441.887949,99,4173.682763
717.986251,141,4173.887826
621.36225,123,4174.096503
879.69174,182,4174.392484
524.191056,118,4174.586599
474.409588,92,4174.736407
428.260859,91,4174.888275
463.285068,97,4175.013791
695.353218,135,4175.186822
472.390499,99,4175.316081
404.867982,82,4175.425624
669.409246,144,4175.620353
504.088902,99,4175.753641
755.290353,144,4175.949354
526.864209,103,4176.093408
579.806876,122,4176.262111
677.366498,130,4179.11645
672.424471,137,4179.299506
430.951133,89,4179.421841
581.777625,123,4179.5957
778.378349,160,4179.824263
542.399331,108,4179.972625
530.921532,104,4180.120212
567.900575,109,4180.275725
666.125816,126,4180.454327
539.135187,105,4180.603626
802.273186,177,4180.846213
495.083229,112,4180.999037
507.436152,97,4181.132442
426.27838,98,4181.259863
541.894636,106,4181.399784
563.937436,124,4181.575601
474.476786,93,4181.704459
479.102453,112,4184.721252
510.08317,100,4184.864764
576.159972,117,4185.065558
500.321592,110,4185.251633
719.868306,157,4185.56553
686.666902,134,4185.885302
398.158998,81,4186.064146
783.220654,153,4186.421636
589.041589,134,4186.667568
778.248881,167,4186.943756
489.290922,112,4187.133361
537.128658,114,4187.331542
439.502016,94,4187.490356
808.152348,164,4187.77733
454.224679,105,4187.921126
429.355359,94,4188.048922
579.815863,115,4188.203685
460.382711,103,4191.472555
759.785796,152,4191.825623
654.257696,146,4192.169889
614.245483,123,4192.381753
531.441202,118,4192.589106
374.995668,78,4192.715415
516.570199,115,4192.901389
521.039645,112,4193.094764
594.77863,120,4193.282293
352.915587,78,4193.395295
643.763476,124,4193.575216
591.301472,124,4193.755965
573.141702,119,4193.916406
652.50888,135,4194.10057
553.443191,117,4194.253493
709.915909,150,4194.45437
730.855069,143,4194.64564
653.808904,128,4197.630798
613.172771,119,4197.798635
492.550557,111,4197.990172
574.532787,121,4198.206662
618.010406,136,4198.450536
480.017061,95,4198.614056
617.140875,131,4198.839353
406.693516,90,4198.99118
481.681236,96,4199.14553
621.505815,122,4199.3418
816.61391,163,4199.60994
586.070098,114,4199.790896
498.678757,98,4199.949158
779.252868,173,4200.228093
613.942668,119,4200.417474
452.808471,99,4200.574508
504.045484,117,4200.787872
597.367726,122,4203.965415
527.294158,111,4204.117225
571.928602,123,4204.279472
551.487138,112,4204.420498
541.831837,112,4204.566915
450.775001,89,4204.681275
696.512485,142,4204.897372
576.13378,114,4205.057476
472.030747,97,4205.191245
691.029947,136,4205.378776
521.057836,100,4205.517545
430.811017,94,4205.649475
552.258609,118,4205.843432
878.400972,175,4206.125724
516.934732,101,4206.288744
380.155411,86,4206.438812
385.465387,85,4206.580378
498.394643,118,4206.748671
678.286763,145,4210.020314
565.165572,121,4210.184194
543.08462,120,4210.35588
479.142662,111,4210.503206
588.321161,127,4210.67363
513.514436,113,4210.825255
480.99792,113,4210.97201
516.705856,101,4211.10731
559.306156,126,4211.28134
631.593993,133,4211.458893
573.361321,127,4211.628813
507.624762,116,4211.782151
678.795237,133,4211.960439
839.603271,172,4212.20414
779.933132,156,4212.422565
498.115579,109,4212.579526
617.376907,120,4212.754891
518.302035,116,4215.980541
577.820041,114,4216.232501
547.093561,123,4216.490443
796.733245,162,4216.826124
462.809685,104,4217.048882
957.278163,207,4217.495547
634.682453,132,4217.786144
469.573776,92,4217.979976
1059.002,230,4218.485499
457.991091,94,4218.694733
521.126046,104,4218.92299
554.543987,107,4219.131835
715.912679,143,4219.416878
446.28472,89,4219.589149
652.115498,145,4219.869626
646.136805,135,4222.867476
544.70541,106,4223.013391
641.543079,127,4223.183913
492.58835,106,4223.321521
530.189523,111,4223.468534
772.883803,162,4223.687695
800.79399,164,4223.909414
596.495708,119,4224.077072
436.705179,99,4224.218507
480.941653,95,4224.349611
768.736431,152,4224.569077
440.493759,97,4224.698603
514.716995,119,4224.858896
643.242762,124,4225.032321
552.193632,107,4225.208365
484.24335,109,4225.390567
646.066372,144,4225.633295
497.644665,100,4229.054816
948.187137,190,4229.312406
458.49947,105,4229.457046
507.640842,113,4229.610337
422.350154,94,4229.736176
404.425962,77,4229.837633
688.872401,157,4230.05593
503.714884,97,4230.190516
467.630361,93,4230.316469
696.428527,151,4230.521765
682.99914,143,4230.718123
806.384059,170,4230.944712
474.594583,92,4231.071518
656.911484,133,4231.272645
581.711654,119,4231.476259
561.457393,129,4231.692194
648.071042,131,4231.911807
621.640112,129,4234.933542
505.797598,115,4235.082408
640.758394,126,4235.246912
619.333469,124,4235.402999
436.817635,98,4235.536447
622.552089,136,4235.713108
501.843249,112,4235.860589
514.152306,100,4235.995151
621.151985,121,4236.155748
420.919952,93,4236.279994
588.77088,115,4236.436364
693.286714,148,4236.625573
523.597811,101,4236.757791
583.053219,113,4236.909703
683.386393,145,4237.099079
490.552937,97,4237.236057
505.519278,113,4237.426385
442.728522,103,4240.748077
862.360628,190,4241.047217
433.726816,86,4241.186334
459.400596,97,4241.340855
579.748971,114,4241.527021
666.21234,129,4241.706992
586.120967,115,4241.861319
549.139395,108,4242.04791
382.574918,83,4242.19321
404.106044,83,4242.335901
548.649566,123,4242.558446
404.595234,93,4242.727177
539.322862,109,4242.919858
594.984537,117,4243.123012
497.761288,114,4243.337279
724.780224,142,4243.597256
470.582911,101,4243.785404
634.378193,122,4244.010619
877.843768,175,4247.283937
535.320154,106,4247.461491
520.289115,117,4247.665891
456.760424,94,4247.843505
448.488951,85,4248.025189
422.084307,96,4248.241131
557.086158,109,4248.432624
525.60738,112,4248.576976
536.936198,114,4248.727859
711.043545,150,4248.933423
441.693348,101,4249.066538
443.252363,100,4249.204743
530.207681,103,4249.341258
568.082667,108,4249.488728
503.782039,105,4249.625427
561.489536,125,4249.789022
634.483854,121,4249.970538
459.715485,91,4250.134259
586.727679,113,4250.32488
719.292366,147,4253.739192
570.369118,123,4253.898579
475.929063,109,4254.046142
539.940932,105,4254.188138
580.037444,119,4254.34189
612.125622,121,4254.494301
546.386306,125,4254.655307
622.814153,121,4254.815136
494.831497,115,4254.961755
512.807726,98,4255.092079
430.728812,93,4255.214933
643.946242,127,4255.386554
632.394835,122,4255.552513
584.065422,115,4255.701961
477.228253,94,4255.827965
439.732206,86,4255.944239
626.160016,121,4256.106441
587.972799,115,4256.267395
511.508186,98,4259.418217
442.065525,93,4259.549107
471.847906,96,4259.684652
490.356492,99,4259.829372
578.535735,113,4259.988075
523.736883,115,4260.137855
617.741462,123,4260.305987
607.082021,123,4260.467871
657.993529,144,4260.656173
563.485101,121,4260.810298
608.471608,120,4260.965311
676.934578,140,4261.141219
537.665635,104,4261.270513
619.228786,129,4261.434775
663.757143,129,4261.597974
541.594382,104,4261.737128
430.344446,98,4261.86579
464.052146,90,4261.98249
592.943809,114,4265.27413
749.080284,147,4265.585914
653.477923,128,4265.8619
673.123768,134,4266.094266
448.738395,104,4266.267612
597.99142,137,4266.494352
485.585689,95,4266.644265
525.404502,117,4266.84042
623.822354,122,4267.011505
764.58979,154,4267.212541
624.460504,133,4267.388746
432.435645,101,4267.520972
551.847515,126,4267.682684
482.398921,110,4267.825654
645.297253,131,4267.994152
412.377233,85,4268.098387
747.188484,167,4270.947009
401.695666,90,4271.111334
391.964905,87,4271.263973
658.506762,128,4271.509856
456.912125,101,4271.685171
482.724129,99,4271.861357
470.920459,91,4272.02581
527.399379,108,4272.224129
486.914142,100,4272.405277
496.193708,100,4272.585337
702.771685,135,4272.816088
586.380344,127,4273.029914
580.523178,110,4273.209534
350.928664,80,4273.352835
624.897455,123,4273.601944
616.403716,125,4273.881383
473.574855,105,4274.11516
589.864944,121,4274.361436
570.647683,120,4274.58071
489.425737,113,4277.840139
562.577562,108,4278.031321
572.994881,112,4278.22169
623.063683,127,4278.398743
453.816994,87,4278.512491
567.329181,114,4278.700987
442.9208,101,4278.850559
454.063791,91,4278.979102
534.151196,118,4279.148467
599.586578,131,4279.326915
617.321452,139,4279.526302
544.058066,110,4279.685775
601.00491,120,4279.853673
740.593465,150,4280.057218
757.031349,149,4280.258943
555.911007,106,4280.398892
596.839068,133,4280.577674
574.258917,111,4283.742543
552.530744,107,4283.92629
508.650586,116,4284.151613
425.989823,93,4284.363077
670.997626,134,4284.656688
546.742818,105,4284.895695
838.935724,169,4285.275432
529.778119,109,4285.531091
554.157421,107,4285.772412
661.567024,129,4286.042598
612.631174,116,4286.284422
700.017318,149,4286.605251
606.481866,136,4286.869782
573.11346,115,4287.024451
692.919174,133,4287.20809
567.335145,112,4287.355201
476.122421,93,4287.479568
604.182775,136,4290.80568
492.589089,93,4290.982967
597.320282,116,4291.217983
593.314672,125,4291.440687
636.54542,132,4291.680555
752.477301,148,4291.943964
526.380254,112,4292.129701
501.317209,101,4292.280536
393.670248,87,4292.39803
525.119444,103,4292.541029
470.243606,108,4292.687393
464.339153,91,4292.813431
509.016073,116,4292.970123
592.58926,131,4293.147261
606.970755,118,4293.307895
580.220914,117,4293.469882
581.846593,112,4293.618927
567.01403,118,4293.770491
476.175246,106,4297.088353
610.297961,137,4297.37635
548.525867,109,4297.604465
530.941826,102,4297.796089
663.436485,130,4298.026867
620.603418,122,4298.250407
594.067215,129,4298.479809
766.610173,156,4298.749393
435.39301,102,4298.923625
457.893449,92,4299.074461
787.751852,158,4299.330455
728.273243,154,4299.576826
792.564639,161,4299.839798
522.959498,109,4300.019421
536.216825,102,4300.186235
622.948424,137,4300.431102
666.102281,128,4300.668253
875.909966,177,4303.87925
400.868731,86,4304.030053
444.588459,99,4304.21077
462.404062,89,4304.369264
602.129502,116,4304.582755
521.31385,105,4304.776178
582.156503,123,4304.999832
584.178382,115,4305.20603
589.32925,127,4305.437142
533.118427,121,4305.658775
681.128972,143,4305.906735
743.31693,147,4306.172024
589.753819,112,4306.406769
474.527356,90,4306.600693
722.072669,144,4306.87695
638.202792,138,4307.136401
569.727023,115,4307.33584
784.943191,154,4311.170183
433.673362,84,4311.314925
413.275759,83,4311.459587
659.698404,125,4311.673005
567.761637,109,4311.858135
652.328564,128,4312.084919
625.861465,120,4312.293155
650.905461,134,4312.547831
621.945893,121,4312.789345
555.92795,108,4313.005184
525.934562,104,4313.206591
681.929072,131,4313.469439
532.432025,102,4313.670997
467.53471,104,4313.867114
887.219749,170,4314.14965
512.41056,114,4314.311865
614.066265,118,4314.477662
475.748452,92,4317.365894
421.750357,93,4317.544775
658.411698,129,4317.727304
599.47598,117,4317.941792
442.234547,89,4318.102181
676.44261,129,4318.323552
559.402474,111,4318.540385
671.809541,143,4318.810931
637.184109,121,4319.00672
558.436714,108,4319.193336
585.696746,117,4319.389669
587.040582,114,4319.584054
464.402475,105,4319.774036
463.377998,89,4319.932887
484.948572,110,4320.148825
531.180941,112,4320.340062
575.491168,130,4320.549104
722.006275,152,4320.792414
548.408409,106,4324.029692
686.402766,144,4324.294563
647.759606,128,4324.524847
477.395651,99,4324.699398
483.727267,107,4324.882693
573.916916,110,4325.073702
635.894676,138,4325.312054
510.012417,100,4325.478062
637.412287,121,4325.681782
664.749924,139,4325.907156
538.205753,115,4326.103917
544.356695,108,4326.291067
520.513681,102,4326.430004
505.500967,111,4326.586926
522.415353,119,4326.754098
562.32151,113,4326.915453
745.339463,143,4327.123696
440.183919,86,4327.238966
473.248924,105,4330.544339
568.853813,113,4330.76716
695.545852,139,4331.034977
447.351561,96,4331.214556
482.07065,93,4331.401959
562.240809,117,4331.632142
603.049179,120,4331.863381
491.623774,101,4332.050058
425.217404,96,4332.220375
551.630215,115,4332.416054
579.520323,117,4332.61847
514.120204,121,4332.82643
533.168985,120,4333.034124
546.183853,110,4333.217073
487.665974,99,4333.385146
360.347721,77,4333.507928
586.821972,116,4333.692082
490.489981,96,4333.841564
642.087439,126,4337.166675
628.865605,123,4337.397804
602.220639,129,4337.630056
442.840276,87,4337.776269
552.719109,108,4337.965965
750.887797,145,4338.227923
489.902216,110,4338.453598
588.652003,119,4338.684815
872.655768,182,4339.027263
516.634959,103,4339.224738
547.055292,116,4339.447891
418.198769,84,4339.630449
449.646535,88,4339.819509
453.520667,108,4340.052509
475.356515,95,4340.256998
602.471568,123,4340.536031
593.399558,118,4340.810174
453.577316,99,4341.015948
584.437281,132,4344.62639
553.60626,113,4344.837453
519.352522,116,4345.065629
505.551127,97,4345.23709
602.235107,117,4345.451352
512.864349,101,4345.641734
607.615796,118,4345.866476
660.446683,131,4346.115115
511.630754,98,4346.296423
592.775193,120,4346.512718
530.05836,119,4346.728458
683.520892,133,4347.011194
550.609504,106,4347.236689
587.962534,116,4347.490573
463.242204,107,4347.713777
542.975793,106,4347.945193
483.798386,112,4348.203488
638.298938,125,4348.492761
561.840659,112,4352.232935
470.110984,95,4352.400059
562.129983,109,4352.589552
604.479973,119,4352.799733
684.830802,152,4353.066473
434.559256,88,4353.215407
561.968208,109,4353.410567
710.857612,146,4353.661436
469.989016,90,4353.820638
561.354212,120,4354.014687
621.96454,124,4354.215716
503.105261,98,4354.375667
268.715872,59,4354.45395
474.268174,91,4354.596524
600.980388,129,4354.801771
622.601355,122,4354.98083
609.047733,117,4355.168756
749.246603,161,4355.418941
715.022948,154,4359.080886
595.145793,133,4359.262956
697.262998,138,4359.446711
693.322683,138,4359.625389
945.828694,199,4359.884754
600.825123,123,4360.04951
760.076359,147,4360.241024
754.900986,148,4360.43699
527.650658,105,4360.574222
531.942658,101,4360.707915
472.863706,93,4360.83946
591.827117,112,4360.990915
485.216121,97,4361.146196
571.006979,119,4361.351871
517.697227,108,4361.529887
465.248973,94,4361.699719
699.171889,149,4365.228729
537.910507,102,4365.408056
497.067783,94,4365.569101
619.600041,117,4365.774079
459.92886,90,4365.926189
464.660863,106,4366.106102
599.623299,117,4366.311559
388.358393,75,4366.441173
575.014072,118,4366.643914
541.30559,107,4366.833777
600.254702,117,4367.041556
645.734826,127,4367.277994
582.963912,115,4367.512975
655.835425,130,4367.763551
697.176338,134,4368.004082
684.389823,134,4368.244904
506.355772,94,4368.407684
505.594424,99,4368.58814
496.768762,98,4368.772365
473.325268,92,4371.761328
581.888376,124,4372.035566
635.706517,125,4372.302073
510.754593,97,4372.519511
587.247236,121,4372.786071
616.268042,133,4373.077776
602.276101,115,4373.316022
884.393448,178,4373.693706
693.60852,131,4373.948712
622.198272,119,4374.190066
591.514584,115,4374.412539
639.309407,131,4374.667897
491.371357,97,4374.85836
502.107627,99,4375.049252
528.986502,106,4375.264567
628.677071,138,4375.532161
477.410685,107,4375.747662
716.196915,149,4379.066235
512.649823,116,4379.326772
606.009268,139,4379.631732
517.261522,101,4379.822694
457.578591,86,4379.982786
458.845727,91,4380.15151
629.363622,123,4380.390446
686.289594,140,4380.671444
663.463439,128,4380.926812
676.190533,132,4381.17954
653.197925,129,4381.424825
562.191646,108,4381.616143
680.746799,136,4381.8783
640.382334,133,4382.163681
502.018725,98,4382.390705
655.941052,140,4382.672936
533.927926,103,4382.861514
637.025418,124,4386.397856
472.091312,96,4386.565982
714.411904,140,4386.821563
790.848753,181,4387.156235
640.210212,124,4387.381903
519.431439,112,4387.57877
605.584396,128,4387.786966
582.943673,112,4387.990155
528.840219,108,4388.183367
409.973659,83,4388.334823
429.245369,100,4388.522886
471.328911,93,4388.694592
625.640128,118,4388.898516
526.251358,112,4389.087375
805.8246,155,4389.350079
523.983159,110,4389.53436
541.021347,108,4389.687662
562.613494,115,4392.846083
498.611436,94,4392.986624
463.046748,89,4393.137464
508.308759,98,4393.309324
606.114311,120,4393.520126
422.892971,91,4393.6831
671.916094,127,4393.924762
676.575219,143,4394.21133
509.697983,102,4394.410827
664.296459,133,4394.682428
601.303374,132,4394.962596
631.225328,124,4395.219376
618.405042,122,4395.446599
587.518874,117,4395.672412
714.592917,141,4395.935028
686.365264,138,4396.186786
544.105741,104,4396.400825
457.970514,91,4396.598271
502.734832,101,4400.304185
489.176057,110,4400.536927
473.407014,91,4400.717594
527.533257,121,4400.938155
507.337472,97,4401.108136
528.750463,104,4401.296456
605.379997,130,4401.518871
582.173515,112,4401.70156
726.342624,149,4401.926884
702.034996,142,4402.139187
591.396473,113,4402.342963
831.512398,167,4402.64721
597.408326,115,4402.846719
541.521966,115,4403.008162
571.315362,120,4403.166271
646.524655,129,4403.336469
461.803857,99,4403.470863
584.997222,115,4406.458093
612.739951,132,4406.68945
511.683361,121,4406.897459
545.427961,105,4407.071931
611.135978,135,4407.286321
594.406838,118,4407.504197
472.927769,92,4407.670613
596.12393,130,4407.890386
520.933294,99,4408.025887
528.9944,119,4408.189888
563.180617,107,4408.336763
710.15149,140,4408.534866
727.807823,141,4408.72825
676.650198,134,4408.916562
467.714908,102,4409.055887
550.548648,116,4409.217998
755.96818,144,4409.420473
739.602662,162,4412.325979
446.422124,92,4412.506155
528.389995,100,4412.686538
632.740602,123,4412.89714
623.00592,136,4413.127676
500.20222,101,4413.305365
582.546215,118,4413.511508
457.990098,92,4413.701861
850.609402,171,4414.043364
547.563618,107,4414.2538
535.591535,104,4414.430223
545.192563,103,4414.605444
551.834745,108,4414.786875
489.047443,98,4414.934743
532.069323,101,4415.101241
587.236571,129,4415.315355
676.715804,139,4415.551234
644.363712,142,4415.775637
659.365408,136,4418.54879
804.686927,158,4418.776891
550.196146,108,4418.938385
636.227426,128,4419.119574
592.865501,117,4419.283895
484.56125,110,4419.447638
509.257254,107,4419.599767
663.395808,131,4419.778888
489.847431,113,4419.930689
558.138834,123,4420.091407
445.912853,100,4420.218267
439.827621,85,4420.328174
700.285541,140,4420.513384
837.694952,179,4420.756017
635.03023,126,4420.931041
343.791456,79,4421.04147
763.159014,151,4424.245667
509.011325,101,4424.379352
520.849686,103,4424.519774
411.942068,90,4424.649758
783.134422,154,4424.866786
504.089908,96,4425.00285
543.183593,125,4425.177497
488.03465,116,4425.338374
330.871926,77,4425.444371
697.609174,140,4425.641351
422.597346,83,4425.758561
584.099342,113,4425.921119
666.714557,127,4426.0912
485.086209,93,4426.215602
389.000963,86,4426.331204
442.876731,97,4426.459624
734.514885,145,4426.68422
435.510751,87,4426.83544
671.359449,129,4427.072928
581.547839,123,4430.176745
520.160513,107,4430.355999
934.344646,183,4430.67877
572.487015,115,4430.878438
692.30881,136,4431.123085
495.34335,105,4431.306547
620.789722,136,4431.552883
829.413822,167,4431.841475
412.092083,89,4431.997384
602.694525,135,4432.246326
585.847974,119,4432.462802
583.201214,120,4432.688148
553.180438,118,4432.905938
749.316684,156,4433.246352
429.469917,98,4433.472353
495.172438,110,4433.728777
751.965112,147,4437.625744
510.935876,111,4437.815227
575.328308,112,4438.007037
675.937616,151,4438.258632
690.181505,137,4438.504872
646.914737,128,4438.761541
430.870597,83,4438.936011
419.170142,96,4439.136658
564.807863,117,4439.374458
569.287985,116,4439.627768
450.775949,93,4439.815239
629.555747,125,4440.075969
756.022058,157,4440.436416
672.814109,131,4440.736835
371.615614,82,4440.927739
732.004711,160,4441.293473
495.581063,98,4441.506912
555.602881,123,4445.19894
648.156399,127,4445.467762
633.747425,123,4445.732633
567.592238,112,4445.948665
676.800754,131,4446.180448
550.848761,107,4446.365556
604.479779,135,4446.60958
605.384676,131,4446.846916
704.227465,135,4447.074154
532.085866,106,4447.227905
589.462585,117,4447.393728
502.413492,99,4447.52741
694.429319,141,4447.714732
561.551375,112,4447.868625
568.015773,114,4448.018884
654.001361,128,4448.191479
717.954697,140,4448.37817
673.764077,142,4451.733379
534.830944,108,4451.944042
428.459041,96,4452.149145
523.56876,100,4452.349791
888.551387,176,4452.695267
695.182197,144,4452.968479
464.480431,89,4453.143094
526.336947,102,4453.33369
495.558196,101,4453.497265
553.683355,108,4453.68795
530.668116,107,4453.862039
457.070487,103,4454.029514
535.636551,106,4454.201035
570.814584,110,4454.381588
491.368348,99,4454.513187
577.965174,113,4454.662151
591.322703,113,4454.811075
550.24563,105,4454.942624
626.232619,120,4458.394473
708.847388,143,4458.597152
473.888803,92,4458.74029
489.699728,95,4458.918116
419.911051,84,4459.073186
537.509936,103,4459.25569
576.219906,109,4459.453221
550.655675,116,4459.599447
550.529856,111,4459.772679
651.402121,127,4459.983038
452.549776,102,4460.148171
640.519285,139,4460.36823
545.085213,122,4460.535907
687.098784,149,4460.741747
571.058625,111,4460.891914
682.770563,147,4461.088918
567.61133,115,4461.241631
704.947356,145,4461.437013
475.759816,90,4464.6469
490.764286,95,4464.82301
588.968781,111,4465.011964
583.097566,131,4465.248657
795.795035,162,4465.524536
558.522314,109,4465.701885
605.283154,115,4465.920608
475.314264,105,4466.107437
637.316768,126,4466.338449
413.350487,90,4466.503968
610.000156,116,4466.700191
709.189359,138,4466.89801
551.060765,115,4467.047614
545.084509,116,4467.200063
655.305977,136,4467.381441
682.452874,147,4467.574904
732.07787,149,4467.774937
528.378052,105,4470.921698
403.46836,90,4471.092511
744.745977,145,4471.358593
606.635872,118,4471.57578
347.87809,76,4471.716129
568.803918,108,4471.909757
586.239497,113,4472.115226
508.864946,98,4472.294518
490.739467,112,4472.509094
588.041299,131,4472.706219
641.361832,123,4472.885469
574.435595,113,4473.051068
501.131589,97,4473.191288
514.347043,99,4473.331188
710.249386,137,4473.524043
831.335336,174,4473.77382
544.671811,104,4473.923976
446.591028,87,4474.044218
479.632111,91,4477.653568
591.291803,113,4477.797353
881.670627,177,4478.044414
496.177462,112,4478.201968
511.713653,101,4478.341789
441.573618,99,4478.481952
676.08377,131,4478.664836
530.701284,99,4478.804309
482.321906,93,4478.931004
738.026178,143,4479.130457
789.991686,169,4479.365752
279.549681,60,4479.441666
560.829936,112,4479.596024
550.698218,108,4479.748224
794.178616,157,4479.96931
523.538461,103,4480.112704
543.778327,108,4480.263044
1080.333309,219,4483.855577
571.408992,114,4484.054312
736.7337,143,4484.320492
742.49317,152,4484.606555
519.920898,99,4484.785888
429.457852,94,4484.96722
624.278049,130,4485.206189
600.068518,120,4485.425876
499.659687,96,4485.599926
603.336039,124,4485.829449
623.661898,125,4486.061441
562.346401,117,4486.274408
560.089025,113,4486.481112
406.907411,82,4486.633686
428.932279,97,4486.813723
573.958458,109,4487.016195
818.891638,162,4487.320935
555.891961,110,4490.2946
672.87221,134,4490.510083
535.444344,104,4490.694997
742.175386,160,4490.961038
610.90457,120,4491.150985
584.804439,133,4491.363988
707.237251,139,4491.582935
459.981161,103,4491.754337
606.367881,117,4491.93965
704.367844,150,4492.187568
518.497138,113,4492.374878
634.12217,124,4492.598394
812.601081,167,4492.89497
551.912181,107,4493.093472
693.557474,138,4493.323911
719.145286,139,4493.525724
802.567064,156,4496.775565
614.596363,118,4496.97372
526.893997,100,4497.138936
418.423795,91,4497.301126
442.634104,90,4497.464774
446.287159,100,4497.64994
351.727257,78,4497.768337
591.112805,129,4497.956523
613.447314,116,4498.12345
698.186756,140,4498.323722
692.509814,135,4498.519808
567.532991,116,4498.683474
384.895928,88,4498.8112
631.025923,137,4499.005131
640.583574,139,4499.207872
453.185705,89,4499.362816
565.677473,109,4499.544568
532.829747,114,4499.727348
545.443646,103,4503.263694
591.94729,117,4503.49403
490.422091,111,4503.716831
363.606872,80,4503.867868
657.723721,138,4504.122104
631.682816,122,4504.333112
544.358888,106,4504.531287
559.435037,106,4504.724452
665.173845,129,4504.961574
590.296532,114,4505.144005
744.403691,148,4505.394698
564.538642,122,4505.596261
539.036793,113,4505.790485
554.908213,105,4505.969146
530.525976,100,4506.1363
575.10409,130,4506.35513
606.487954,129,4506.573595
518.556754,114,4510.130887
620.681596,137,4510.390173
540.977522,105,4510.588696
492.954321,94,4510.764606
647.291473,127,4511.005505
613.957603,135,4511.246666
477.481351,106,4511.426095
595.886974,120,4511.646572
866.829724,174,4511.983589
413.298014,90,4512.147569
377.58985,82,4512.292982
693.712204,138,4512.539475
488.084473,97,4512.710903
653.610229,130,4512.93923
583.339626,117,4513.134987
605.219352,120,4513.293113
425.957325,94,4513.41978
418.080833,94,4513.544189
637.227271,123,4517.206673
501.330353,96,4517.390068
636.614222,124,4517.632667
672.295675,142,4517.895648
447.40538,104,4518.09259
476.493998,108,4518.291313
799.993636,161,4518.584565
623.448803,141,4518.83592
786.954422,160,4519.060698
706.273544,138,4519.302575
684.960975,141,4519.533301
537.763251,116,4519.742107
498.706297,98,4519.913508
469.193558,107,4520.095059
643.775324,136,4520.283817
567.406939,112,4520.432509
585.064295,127,4523.984001
511.555344,117,4524.20322
553.238289,120,4524.449687
672.262164,145,4524.78579
674.076232,152,4525.068907
483.715254,109,4525.250325
707.796846,147,4525.503987
563.365624,106,4525.696279
597.556002,118,4525.906141
629.280699,127,4526.116481
493.96533,107,4526.287096
756.820706,151,4526.545602
646.765448,140,4526.74023
643.349046,127,4526.913731
691.093895,136,4527.09177
877.929519,173,4527.321431
688.981531,153,4530.403002
529.74228,103,4530.583145
513.025294,111,4530.772724
393.289456,87,4530.917702
491.357367,97,4531.054939
467.311783,97,4531.194285
505.885518,100,4531.334156
771.443171,154,4531.558925
430.446082,86,4531.676767
531.120704,123,4531.85002
599.71601,127,4532.029462
699.258636,137,4532.217586
548.832509,117,4532.370507
734.717757,143,4532.567947
344.40834,74,4532.670495
632.966478,124,4532.841713
577.8043,113,4533.002769
755.747111,165,4533.237345
510.356327,113,4536.668201
475.41669,107,4536.820619
825.655004,170,4537.084166
640.504928,133,4537.320913
657.319051,126,4537.540873
534.617214,109,4537.724905
597.575324,116,4537.920228
502.860103,98,4538.091431
735.510638,160,4538.349187
576.61649,114,4538.533792
639.836715,122,4538.735717
644.847193,142,4538.981213
656.488071,133,4539.203103
751.219278,154,4539.416516
821.050279,161,4539.675564
545.725931,105,4543.163544
413.900485,99,4543.334207
457.196311,89,4543.461821
560.191334,121,4543.630039
428.973255,83,4543.745103
679.223052,134,4543.923563
465.799363,90,4544.078974
627.600573,120,4544.277901
549.473318,107,4544.45111
698.379291,133,4544.662136
484.859813,104,4544.830597
509.714325,100,4544.992671
602.818601,136,4545.218142
534.454262,109,4545.406043
715.33557,139,4545.633995
440.424689,93,4545.794218
942.696258,193,4546.11119
689.009715,133,4546.333983
568.710075,126,4549.648049
564.590775,110,4549.793531
454.476215,92,4549.918761
467.537285,94,4550.048548
688.096551,130,4550.221045
572.991705,121,4550.383396
494.389063,97,4550.514591
599.173847,115,4550.669493
521.264925,98,4550.799465
504.945025,97,4550.930228
562.88505,108,4551.071686
740.977728,143,4551.284125
931.309325,189,4551.531044
598.144522,118,4551.692843
525.933407,104,4551.834345
574.946197,116,4551.997136
450.122533,88,4552.116635
445.818113,99,4552.25154
453.112888,88,4555.140338
480.745739,96,4555.275771
741.927049,158,4555.493644
643.99164,123,4555.669101
473.994584,91,4555.799366
757.329159,151,4556.013407
487.188415,96,4556.145369
540.55799,108,4556.297977
730.285814,157,4556.506656
532.325226,107,4556.64886
859.061894,172,4556.883822
753.091396,149,4557.083586
485.051834,111,4557.234252
619.36565,122,4557.401796
434.857289,88,4557.557266
510.731955,110,4557.741508
766.06766,146,4557.983201
591.536884,129,4561.608663
534.11387,101,4561.765667
511.922072,100,4561.930588
540.772468,106,4562.10586
483.097235,105,4562.277357
661.006572,147,4562.522841
830.555561,164,4562.783088
609.606514,122,4562.992162
514.312786,98,4563.175564
525.226042,103,4563.360495
414.620951,81,4563.504247
673.040368,133,4563.739633
636.073938,126,4563.94783
460.67841,102,4564.135006
362.401826,84,4564.288296
427.273043,85,4564.435648
919.589158,180,4564.733314
679.251364,143,4567.851223
609.398249,136,4568.031814
553.103841,109,4568.182025
629.401059,122,4568.34604
591.211917,114,4568.496184
665.33866,130,4568.670351
521.646495,108,4568.814278
566.330538,108,4568.959701
407.342954,88,4569.07683
422.187637,93,4569.199474
514.510828,118,4569.357434
559.434223,125,4569.528352
563.773384,108,4569.678026
343.568684,77,4569.776812
657.928083,125,4569.943006
583.174119,111,4570.090253
541.019845,115,4570.241777
576.483468,111,4570.410959
754.980424,165,4573.92853
693.336257,136,4574.143932
532.296962,103,4574.307363
655.298225,125,4574.51097
553.89306,107,4574.685236
629.35318,143,4574.917663
535.292606,103,4575.083333
730.953451,144,4575.307343
556.949654,121,4575.508036
455.771649,105,4575.68319
532.346277,107,4575.856349
764.619112,147,4576.095355
521.242795,121,4576.286225
512.72012,102,4576.455577
611.631927,119,4576.660755
611.495227,130,4576.896278
410.432372,90,4577.061862
460.331277,88,4577.219868
637.253434,125,4580.512137
580.421954,113,4580.68675
614.35396,118,4580.873497
531.89371,105,4581.049283
472.725564,90,4581.194039
797.640452,167,4581.460019
587.181736,127,4581.662269
666.143034,148,4581.899164
577.178113,135,4582.115586
492.469887,100,4582.277742
647.335127,133,4582.4935
471.001776,91,4582.618973
706.763071,150,4582.832609
487.767023,97,4582.970782
649.640804,126,4583.151037
461.667695,92,4583.285596
616.414851,117,4583.453837
551.895308,108,4586.471508
534.538525,106,4586.609389
551.206545,105,4586.74275
667.224638,130,4586.913543
718.769339,162,4587.119767
582.978348,113,4587.269973
515.923871,106,4587.414298
556.76795,103,4587.551731
562.6097,108,4587.70022
540.727972,106,4587.841047
495.252073,101,4587.97811
674.266831,136,4588.155705
603.177115,117,4588.310566
722.564483,148,4588.526081
532.90454,103,4588.707556
625.144965,130,4588.946776
410.152931,88,4589.103287
435.127436,98,4589.300912
704.406614,140,4592.676462
595.871532,126,4592.840167
576.408039,112,4592.986003
567.548453,116,4593.136186
523.430686,102,4593.270877
518.054008,118,4593.427809
621.249218,127,4593.593114
544.03711,111,4593.739579
530.796352,106,4593.877144
581.086323,112,4594.019867
542.96724,109,4594.161827
374.503182,82,4594.268058
534.033865,121,4594.429421
567.980692,124,4594.599538
689.754532,137,4594.791559
487.477878,93,4594.92025
521.479053,101,4595.07694
564.059825,113,4595.286797
516.022931,117,4598.623163
517.255227,104,4598.760098
653.376969,129,4598.9315
547.649677,121,4599.090637
835.216781,161,4599.304606
680.695755,137,4599.490456
825.80186,163,4599.702675
519.081966,109,4599.841151
628.422514,126,4600.003835
700.006858,136,4600.176734
590.056711,118,4600.339953
787.839098,152,4600.581659
593.278373,117,4600.764378
398.143329,80,4600.88796
537.161851,104,4601.05463
487.740369,101,4601.211715
648.892746,125,4604.533278
507.083984,115,4604.69787
563.243742,112,4604.852032
438.571526,88,4604.971412
550.352631,108,4605.113331
633.828719,136,4605.299661
558.598598,109,4605.453197
496.972461,97,4605.584221
647.385461,140,4605.771732
684.77756,146,4605.971882
475.26148,94,4606.096655
535.013275,102,4606.229927
637.951569,123,4606.386469
669.451366,140,4606.568884
637.973542,145,4606.764399
590.222069,116,4606.921403
685.502055,129,4607.101098
611.367089,130,4610.374295
425.742422,97,4610.613265
676.908192,133,4610.90177
641.616191,142,4611.158756
438.496063,98,4611.343331
959.201741,190,4611.682723
405.759915,83,4611.832409
520.931011,109,4612.030474
637.164922,123,4612.203229
565.327077,117,4612.348185
690.644046,133,4612.518934
452.0507,92,4612.634958
553.174711,113,4612.782648
670.324111,127,4612.955568
539.424273,107,4613.104379
572.033967,124,4613.270972
602.946104,115,4613.427546
609.820543,118,4613.587016
529.356527,106,4616.195768
599.764166,119,4616.356821
766.291316,150,4616.566049
602.891211,140,4616.757833
626.203156,124,4616.958622
426.016258,95,4617.124021
750.671755,146,4617.38495
452.14073,100,4617.559128
459.523038,101,4617.739771
714.034469,151,4618.005401
474.295474,95,4618.174659
556.036874,110,4618.367902
578.499776,116,4618.57493
654.77597,127,4618.803264
417.975581,82,4618.948155
501.463964,115,4619.166671
529.67175,114,4619.390951
595.432132,123,4623.085229
503.444886,114,4623.337697
708.156334,138,4623.599209
538.407678,103,4623.747114
604.469583,118,4623.912506
829.922194,167,4624.174578
560.719864,107,4624.370034
649.244545,130,4624.607089
532.728521,104,4624.79856
517.089786,100,4624.977652
678.119612,132,4625.224902
592.397379,119,4625.436686
764.46639,154,4625.705176
636.284404,124,4625.909185
568.938017,112,4626.062295
628.954696,120,4626.228442
533.910987,107,4626.377021
495.573421,113,4629.63221
710.902543,139,4629.846644
634.066999,124,4630.053106
662.291947,129,4630.283562
637.707136,142,4630.546736
493.144972,109,4630.752342
766.982394,152,4631.049061
419.807849,81,4631.208853
468.159074,97,4631.395797
740.301637,146,4631.689527
477.758353,105,4631.896868
806.286269,169,4632.240223
789.867709,154,4632.5285
743.410901,147,4632.7999
568.149456,110,4632.995896
597.504288,120,4633.204862
563.407267,114,4636.29432
510.206139,100,4636.453669
644.536127,145,4636.657888
531.289575,110,4636.837568
603.942487,126,4637.063707
668.16095,129,4637.31995
631.658088,124,4637.573733
493.029564,97,4637.768859
515.797008,97,4637.948303
615.438072,123,4638.168793
564.624708,110,4638.366563
755.953712,149,4638.610378
436.39145,95,4638.760497
669.216317,132,4638.972055
513.122574,100,4639.126934
443.21268,95,4639.275729
640.842204,142,4639.499955
472.976848,105,4639.66981
471.869298,108,4642.834698
637.01505,130,4643.076232
576.242068,116,4643.246489
571.424828,124,4643.414509
508.343839,98,4643.551042
670.111275,134,4643.778815
512.585114,115,4643.974987
526.025646,104,4644.155664
521.428341,117,4644.383573
552.186669,120,4644.599118
488.970114,97,4644.779467
494.088046,97,4644.96423
458.582115,101,4645.098901
527.30379,116,4645.257454
488.354932,101,4645.391005
641.114392,123,4645.55605
536.482377,107,4645.699898
413.59874,95,4645.822821
477.988834,97,4649.214916
539.130172,120,4649.387478
512.292279,116,4649.556357
544.670561,111,4649.711924
817.31794,158,4649.959991
615.229318,137,4650.193826
559.221806,128,4650.410263
539.45107,107,4650.595532
612.440848,117,4650.797446
524.011607,100,4650.95987
806.486351,151,4651.228565
427.403898,87,4651.365987
442.482023,98,4651.532109
658.810962,133,4651.743896
543.152142,103,4651.912475
616.517759,135,4652.128107
521.829896,105,4652.29324
642.271895,125,4655.229892
571.753435,118,4655.437119
626.115581,119,4655.636319
563.159968,126,4655.854459
646.234707,136,4656.081145
474.007674,93,4656.236415
642.907147,124,4656.442402
492.239469,97,4656.60287
497.272562,96,4656.763502
606.03875,121,4656.973556
578.120591,111,4657.165679
443.948863,103,4657.353037
487.286336,98,4657.53064
467.647988,107,4657.72701
656.170883,125,4657.952779
491.724713,103,4658.145558
968.403469,189,4658.520559
527.07277,101,4658.753342
578.739447,123,4662.384484
682.653167,137,4662.586891
756.969958,161,4662.819245
459.807816,91,4662.949165
498.930972,98,4663.092631
446.925245,102,4663.241485
544.743704,107,4663.426629
705.377146,140,4663.665847
652.738105,137,4663.898946
659.34228,139,4664.13418
635.358917,123,4664.336969
492.95065,97,4664.504308
651.114785,125,4664.720744
567.332468,115,4664.931403
691.631756,132,4665.174925
533.501436,103,4665.363088
495.564044,97,4665.546969
574.994309,132,4669.002795
567.171332,110,4669.232237
533.916094,119,4669.451841
714.486144,142,4669.707583
679.699705,149,4669.912252
809.504287,171,4670.140921
553.401277,104,4670.282875
681.160292,129,4670.459809
624.636857,122,4670.622744
623.085389,137,4670.807287
572.373449,119,4670.963935
633.062003,137,4671.220849
580.341005,129,4671.471347
571.399884,110,4671.72479
714.475357,139,4672.038522
731.920091,157,4672.39993
821.034386,169,4676.115626
521.556125,122,4676.340618
509.650973,107,4676.53493
571.665857,112,4676.740927
598.872217,125,4676.979016
471.358264,94,4677.156194
650.489597,141,4677.396869
590.715623,121,4677.593174
665.287648,151,4677.829828
680.463639,135,4678.072131
725.155139,156,4678.368302
522.977446,101,4678.553221
636.685295,127,4678.73383
479.549199,109,4678.884007
659.838413,129,4679.096187
484.135919,96,4679.264789
601.293831,119,4682.719216
436.025433,87,4682.83794
875.345234,176,4683.083323
567.246748,131,4683.259219
425.69507,85,4683.384379
495.701875,100,4683.570996
708.254302,141,4683.844656
513.07195,103,4684.018631
601.884081,118,4684.230513
562.100962,109,4684.417229
691.277586,134,4684.653328
577.57655,131,4684.895134
667.622839,129,4685.120141
478.440002,95,4685.300912
753.684258,145,4685.581262
581.243826,130,4685.821207
517.953323,100,4686.003679
687.636038,137,4689.329518
466.161845,91,4689.482071
686.638311,134,4689.71699
644.33872,133,4689.942382
710.809976,139,4690.198328
479.83019,101,4690.379343
716.243126,154,4690.639025
559.464221,109,4690.822927
498.269152,101,4690.975152
535.515233,104,4691.150267
493.866576,100,4691.337031
485.379577,97,4691.503351
507.267681,115,4691.665983
689.710328,133,4691.852315
605.200931,129,4692.035741
669.364985,137,4692.226319
457.749969,104,4692.399574
693.539604,136,4695.536783
497.212785,99,4695.706052
700.798887,136,4695.953399
632.724912,120,4696.175038
483.826994,93,4696.347091
564.003358,110,4696.543251
555.351528,117,4696.749452
589.599949,113,4696.961661
624.124283,126,4697.193779
686.828662,140,4697.439912
547.164601,111,4697.642721
505.2209,112,4697.83713
551.224202,110,4698.024741
766.790947,161,4698.271267
502.774099,100,4698.409089
420.01507,94,4698.539104
479.922666,96,4698.672378
490.668726,108,4698.818412
483.433446,109,4701.442702
623.713386,126,4701.671646
579.141836,110,4701.869458
494.221971,117,4702.067243
575.836668,113,4702.259482
663.183192,130,4702.476274
486.849014,107,4702.658683
644.376839,140,4702.915255
541.970947,106,4703.104634
509.12754,107,4703.289927
700.384893,138,4703.564804
609.285075,132,4703.816449
631.464307,124,4704.027077
662.461198,132,4704.259776
706.261158,156,4704.558797
603.799726,121,4704.771743
601.714298,134,4705.012243
472.027007,106,4708.111387
768.080437,152,4708.313678
490.785556,99,4708.441345
523.978651,102,4708.610418
479.549481,92,4708.774131
573.145842,115,4708.934021
560.008314,111,4709.093697
352.911657,80,4709.203948
563.376695,112,4709.375349
504.395302,97,4709.563504
527.489324,101,4709.750675
616.251514,121,4709.966452
718.39815,138,4710.235889
484.847268,111,4710.44617
552.641138,108,4710.640929
602.875699,119,4710.814942
637.812492,123,4710.996446
549.025735,124,4711.214978
582.121891,114,4714.272569
323.295839,72,4714.36883
610.936271,116,4714.525615
467.384544,104,4714.66885
761.41247,148,4714.868079
608.667702,120,4715.030505
726.005829,155,4715.23883
445.807959,89,4715.359981
637.509335,125,4715.530935
591.137677,113,4715.697574
747.624066,146,4715.911108
487.088037,104,4716.061016
666.604759,144,4716.288615
595.869417,113,4716.495851
520.43806,105,4716.69383
731.82215,145,4716.967048
604.57909,129,4717.198294
565.662423,110,4720.355101
869.111954,176,4720.662943
621.562287,118,4720.830464
562.595106,123,4720.996307
610.696526,126,4721.159879
513.847299,110,4721.306785
441.167305,99,4721.454287
693.620866,153,4721.734226
707.039287,158,4721.960595
653.642513,130,4722.142097
547.877929,112,4722.300947
656.788784,143,4722.503387
416.450851,91,4722.665076
676.635721,148,4722.938721
493.195311,109,4723.138213
516.794994,116,4723.334035
403.71362,90,4726.721962
553.98546,108,4726.908898
647.595236,144,4727.143276
693.860128,140,4727.336179
549.898447,106,4727.476019
659.464882,131,4727.656029
631.565227,133,4727.830772
722.035894,142,4728.021592
755.020137,154,4728.232464
1000.488216,200,4728.513811
439.772532,99,4728.651186
484.018337,109,4728.823492
592.420827,129,4729.060669
456.025988,91,4729.209604
657.484411,124,4729.382713
565.449907,125,4729.559875
437.263238,100,4729.700996
618.479936,121,4732.690423
733.610122,156,4732.942821
428.649172,96,4733.086659
500.914681,112,4733.242342
540.073322,111,4733.397686
566.603892,108,4733.575164
553.06886,127,4733.794693
524.703991,106,4733.975059
620.423433,136,4734.214025
497.042195,110,4734.402646
592.707792,115,4734.566795
621.931638,133,4734.755
479.573183,107,4734.909461
654.182673,125,4735.095437
694.434384,134,4735.346627
616.206474,127,4735.577626
691.98465,138,4738.662375
643.773019,126,4738.870171
610.301985,119,4739.066236
484.811372,92,4739.213142
582.352013,114,4739.393687
648.833283,141,4739.629849
522.001401,116,4739.833146
689.298923,136,4740.057232
662.794299,134,4740.281073
746.718425,163,4740.572979
523.739184,116,4740.794397
650.889326,136,4741.065314
788.532587,166,4741.403407
793.518991,172,4741.736196
620.557659,127,4741.969683
509.167628,115,4742.179576
598.081462,117,4745.935284
585.614068,131,4746.187315
596.085467,118,4746.413625
426.600651,98,4746.607061
467.000118,107,4746.798221
539.114279,106,4746.984927
695.2633,148,4747.25111
574.297997,113,4747.426742
645.444164,143,4747.687963
580.332948,111,4747.881217
645.402454,125,4748.098672
659.713662,139,4748.351067
734.685313,146,4748.620468
603.459618,116,4748.833939
544.755464,111,4749.01819
586.65049,110,4749.191026
632.708445,130,4749.371831
458.769783,106,4752.845207
627.220256,139,4753.043197
788.761278,150,4753.291039
668.79498,147,4753.565695
618.996016,130,4753.828521
500.23387,114,4754.047031
652.283219,126,4754.273796
659.535896,132,4754.519134
504.364056,98,4754.701883
622.893169,123,4754.920833
556.016798,109,4755.112512
460.903336,96,4755.27874
422.76418,92,4755.435488
498.286972,111,4755.636094
599.05991,137,4755.873682
676.363845,147,4756.122653
513.567356,115,4756.306694
704.892535,136,4759.746153
609.257027,129,4759.982048
640.76793,138,4760.227059
375.913999,75,4760.370939
568.626729,114,4760.627934
593.867655,118,4760.885698
536.912317,103,4761.07801
621.194161,120,4761.272986
778.710339,164,4761.533548
610.122719,124,4761.74451
629.125989,120,4761.949491
507.669534,101,4762.122838
895.6546,180,4762.425134
632.503731,121,4762.632776
641.380791,123,4762.855072
531.224587,117,4763.018859
499.912689,97,4765.969214
596.156957,135,4766.156054
329.980156,74,4766.261985
494.965585,97,4766.393271
567.994123,129,4766.656101
544.55948,109,4766.879161
484.587063,105,4767.098687
734.485459,145,4767.380095
586.693764,117,4767.558299
522.158594,101,4767.742857
622.489098,121,4767.965008
522.494623,101,4768.147594
520.304946,118,4768.367438
696.389821,146,4768.609126
767.458751,150,4768.85988
569.408251,112,4769.057093
667.171398,131,4769.302165
676.155117,129,4769.531006
751.590405,148,4772.766156
521.657059,100,4772.93737
732.18426,159,4773.230178
604.82469,114,4773.439291
557.462324,129,4773.669249
638.406168,120,4773.887344
655.687085,130,4774.120888
650.173073,130,4774.312232
535.787333,111,4774.496244
703.947584,135,4774.729309
685.881623,131,4774.97758
560.056736,113,4775.191064
520.945257,104,4775.39279
622.737681,120,4775.620478
749.246621,146,4775.88943
694.572873,154,4776.188783
563.275821,106,4779.719813
579.200373,126,4779.941073
602.936632,118,4780.162081
517.685299,100,4780.347713
570.380798,117,4780.547594
479.352317,95,4780.697031
583.121483,113,4780.879531
801.203319,159,4781.154494
503.572138,105,4781.345645
520.185283,104,4781.537029
654.319364,144,4781.805443
650.045107,131,4782.046864
598.047309,124,4782.276896
532.927155,105,4782.469671
551.869041,118,4782.70563
673.825604,131,4782.984214
565.889395,110,4783.226586
542.100568,116,4786.154776
517.982288,105,4786.298485
725.620506,149,4786.513671
470.789612,93,4786.646723
637.203683,123,4786.828641
657.788674,129,4787.037558
647.243586,125,4787.246827
626.539917,144,4787.485087
633.903031,128,4787.700362
636.13537,132,4787.928806
552.52005,109,4788.116261
635.304502,122,4788.320427
662.805348,146,4788.558905
662.759918,131,4788.768587
477.642272,109,4788.954703
611.870139,120,4789.141921
407.271218,94,4789.264269
598.277614,115,4792.206847
654.332832,132,4792.417242
607.797355,117,4792.613242
414.238419,92,4792.735864
621.638159,120,4792.918981
464.413338,88,4793.060878
703.987259,138,4793.294861
804.283518,153,4793.555306
395.347456,77,4793.681139
480.31363,100,4793.845454
521.683154,103,4794.018939
740.859628,153,4794.270706
509.355429,102,4794.444407
691.339264,140,4794.6823
584.935915,117,4794.876557
516.311314,113,4795.07041
551.584303,107,4795.246875
570.923618,111,4795.430714
603.789832,129,4798.987318
554.961737,119,4799.246631
769.770968,150,4799.574409
652.412389,126,4799.858498
603.424261,126,4800.151762
604.66897,138,4800.460865
427.43337,92,4800.672738
493.787812,117,4800.938328
678.166401,132,4801.207228
625.14461,119,4801.4108
770.842301,149,4801.606793
461.608475,92,4801.729215
551.207713,126,4801.904849
586.781134,115,4802.068485
558.507004,125,4802.246073
605.92229,119,4802.414231
554.081418,120,4805.870823
685.725516,141,4806.188341
533.488357,118,4806.44087
517.64159,116,4806.60843
657.049072,135,4806.793627
692.557955,138,4806.991169
650.407148,129,4807.175751
616.923062,125,4807.352923
623.520617,121,4807.524892
486.09648,95,4807.66363
568.64176,113,4807.829764
615.047074,118,4808.030826
568.004186,123,4808.24933
460.54546,102,4808.415463
514.616261,116,4808.61257
621.05247,140,4808.849612
573.425282,127,4809.062018
429.604187,93,4812.160114
662.797213,129,4812.349183
518.881514,102,4812.486064
573.506403,118,4812.677713
626.584293,124,4812.906019
557.774368,109,4813.107198
663.04656,125,4813.335729
708.068894,147,4813.609995
626.395398,124,4813.839161
604.905955,120,4814.063842
666.033464,134,4814.306247
539.045902,121,4814.545938
557.408326,110,4814.761241
697.496727,147,4815.021167
665.623193,128,4815.19234
635.263967,130,4815.379982
534.074539,101,4815.524648
516.128606,100,4818.423292
596.229065,117,4818.662455
501.287819,96,4818.83555
690.055707,138,4819.090714
522.198647,116,4819.308736
536.794462,104,4819.496406
554.676814,125,4819.731953
400.21103,92,4819.90584
588.356861,112,4820.112239
497.976649,107,4820.307915
741.373067,160,4820.615412
624.12487,133,4820.880647
477.619165,104,4821.085532
459.725134,97,4821.268694
570.464894,112,4821.472055
723.370878,145,4821.753373
474.158863,95,4821.942958
609.503862,127,4822.181122
580.332822,110,4825.072574
594.31014,130,4825.24982
582.877672,117,4825.408657
647.513493,137,4825.604557
369.359137,81,4825.723872
662.058054,133,4825.912582
576.994152,112,4826.071072
692.845141,135,4826.264127
527.884453,102,4826.416323
534.182065,107,4826.569455
681.763043,147,4826.785159
489.292128,97,4826.952018
395.801908,87,4827.119785
648.27247,136,4827.323918
511.481296,99,4827.468796
560.430768,118,4827.633177
525.542234,116,4827.792612
632.674529,129,4830.587446
511.932574,115,4830.740988
654.226747,130,4830.929482
549.275798,110,4831.085411
418.645072,98,4831.224732
622.321932,132,4831.408261
597.361045,135,4831.619241
636.250036,129,4831.851444
577.095767,128,4832.050522
508.172421,114,4832.217487
538.837085,106,4832.379821
672.94382,138,4832.611645
677.801816,143,4832.853522
659.730733,130,4833.072708
556.607949,108,4833.254815
644.000458,124,4833.455705
619.374142,126,4833.628657
638.209589,134,4836.549896
629.406156,120,4836.718084
506.551424,97,4836.846692
588.984283,130,4837.018277
550.269899,107,4837.162108
650.719518,124,4837.374361
434.585242,86,4837.529402
561.896323,115,4837.739011
679.801218,129,4837.973565
539.795576,105,4838.159899
554.239824,109,4838.357986
782.929103,163,4838.669853
731.083179,149,4838.927058
406.497855,89,4839.060441
824.167658,164,4839.285263
570.187222,123,4839.459454
692.763165,140,4839.66405
600.269007,116,4843.07058
714.22012,144,4843.274806
808.525194,159,4843.552712
596.901532,123,4843.75127
407.487979,93,4843.911421
604.424337,127,4844.126639
560.072054,111,4844.326336
643.237084,126,4844.548342
543.674322,119,4844.756495
641.092427,131,4844.993435
601.358122,120,4845.212575
564.963607,108,4845.410464
601.238212,114,4845.622463
573.636095,131,4845.853923
514.554141,105,4846.055236
617.836581,125,4846.276715
464.495692,91,4846.447641
645.016662,130,4849.492599
544.233734,117,4849.667079
367.023712,83,4849.819305
627.923647,125,4850.046242
564.24754,114,4850.245977
597.959316,122,4850.472899
603.109058,116,4850.68966
663.981371,131,4850.934196
660.435197,129,4851.175416
573.612667,114,4851.369275
503.771003,102,4851.540599
707.341937,148,4851.783896
593.967448,130,4852.001358
720.705325,140,4852.223484
543.457371,106,4852.395792
488.714057,107,4852.571489
638.21986,121,4852.761876
565.711935,108,4855.93749
701.934521,140,4856.14049
458.541818,102,4856.287333
670.604476,132,4856.474358
596.674294,117,4856.653537
507.333815,113,4856.812367
374.843184,80,4856.921018
714.961036,141,4857.118936
525.665944,112,4857.278526
568.198747,117,4857.44022
344.741488,76,4857.565373
648.595927,136,4857.794429
604.62922,118,4858.007259
550.262434,109,4858.206696
636.38614,133,4858.434814
464.693539,99,4858.575116
610.451316,119,4858.738467
436.522107,85,4858.856165
496.580552,101,4862.211077
693.381404,138,4862.466504
537.316922,105,4862.65585
510.035229,100,4862.822752
471.676391,107,4863.007305
580.403645,117,4863.211075
573.671748,124,4863.40694
604.040086,117,4863.593722
570.561937,125,4863.789942
565.31631,116,4863.98099
511.716187,117,4864.186465
674.257141,144,4864.442032
571.193465,111,4864.630049
554.236181,107,4864.832641
615.14902,119,4865.071983
686.677252,133,4865.333566
626.14161,118,4865.565041
593.757716,122,4868.745445
547.289539,105,4868.970145
567.610684,109,4869.210724
659.324862,131,4869.52244
474.354969,91,4869.735477
423.02026,90,4869.879442
574.281057,115,4870.033226
560.614826,109,4870.180463
594.543768,116,4870.336313
523.657303,108,4870.48092
485.623408,97,4870.612892
567.473785,111,4870.761973
564.159742,122,4870.93156
777.340211,158,4871.155713
702.244455,138,4871.355165
523.895919,101,4871.538049
623.333239,128,4871.763398
490.346924,100,4871.937456
575.510529,111,4875.361527
611.063903,123,4875.63008
574.997782,114,4875.87675
559.371036,120,4876.089996
575.604377,110,4876.286178
549.122607,121,4876.499936
598.875722,118,4876.706785
688.834681,132,4876.939448
547.271352,106,4877.130981
708.330724,139,4877.389295
744.434478,156,4877.683161
530.195945,104,4877.888232
527.531757,115,4878.11708
595.466447,114,4878.330942
514.483748,101,4878.515746
501.541769,111,4878.727618
505.793571,109,4878.956211
738.676891,150,4881.966098
523.45017,101,4882.104336
634.989783,126,4882.270262
657.336178,133,4882.436806
659.035767,140,4882.61657
526.332661,102,4882.748891
654.658802,130,4882.9225
682.383477,134,4883.104438
550.977673,110,4883.304554
754.898091,147,4883.546125
639.257207,135,4883.781796
528.926362,104,4883.966982
576.040988,112,4884.172269
392.518061,87,4884.328542
706.575558,158,4884.631441
517.041611,115,4884.865398
595.195808,117,4885.088481
606.621017,121,4887.935406
433.586269,102,4888.070688
556.980298,117,4888.227728
595.421156,116,4888.382464
245.931968,54,4888.453134
342.416626,71,4888.548311
743.984167,144,4888.738706
560.531922,110,4888.883128
641.316601,143,4889.076585
651.865511,143,4889.2672
584.417779,113,4889.416405
903.180506,182,4889.672014
673.56494,149,4889.883641
551.760049,118,4890.054943
592.070249,115,4890.262069
670.22177,133,4890.498513
551.197985,105,4890.690385
571.828209,115,4893.938681
714.522904,145,4894.135618
432.344315,98,4894.269319
666.524562,134,4894.445725
626.225949,126,4894.613877
681.86053,141,4894.806247
631.057479,122,4894.969301
508.712848,116,4895.12479
612.781334,119,4895.283874
528.661469,108,4895.433492
478.278212,107,4895.581109
658.212198,135,4895.804576
561.340892,109,4896.010081
466.136439,90,4896.189317
597.433394,116,4896.414623
591.319131,112,4896.592711
682.239336,131,4896.796431
548.039717,109,4896.990322
573.422874,110,4900.599168
543.040901,104,4900.797575
413.185216,95,4900.961868
642.901698,130,4901.190675
807.860411,172,4901.488654
706.730387,143,4901.721853
690.845887,133,4901.943545
450.48311,95,4902.107022
575.28817,115,4902.316799
545.688671,109,4902.51747
637.490317,131,4902.764302
587.582996,113,4903.011173
587.660622,113,4903.245266
625.389306,139,4903.536734
749.441741,145,4903.815582
772.945897,147,4904.098978
640.259903,128,4907.390424
394.527889,87,4907.502964
694.148142,138,4907.685801
599.872608,115,4907.838102
438.470278,86,4907.955475
599.256923,114,4908.121338
506.727826,99,4908.301835
494.93733,97,4908.477908
595.795213,117,4908.684317
519.549697,99,4908.872921
539.459994,117,4909.089299
730.410082,148,4909.381356
791.740385,160,4909.712767
663.324447,147,4910.001539
488.929558,94,4910.17982
501.813223,105,4910.359881
511.981369,100,4910.542495
605.18517,116,4910.761105
578.128966,124,4913.392044
482.328532,92,4913.55879
623.406345,125,4913.78399
498.422725,99,4913.961333
554.464208,110,4914.151981
457.682191,88,4914.310498
616.038606,117,4914.521648
525.350312,116,4914.733876
644.434912,127,4914.9796
490.314022,95,4915.150253
557.89887,117,4915.362448
501.356179,113,4915.56899
334.024773,77,4915.710529
897.082719,183,4916.0438
520.561817,101,4916.258498
674.39697,133,4916.512183
582.669257,124,4916.719733
704.158747,138,4916.964675
710.455605,146,4920.760818
580.170871,129,4920.994733
429.478126,96,4921.148344
560.89869,111,4921.306293
602.387062,120,4921.531084
565.237398,109,4921.738539
628.00398,122,4921.980557
447.60167,89,4922.168197
565.545462,111,4922.386457
542.032156,108,4922.601054
743.968595,144,4922.864077
506.183614,98,4923.055621
695.501631,135,4923.311856
525.373751,117,4923.536266
600.472791,115,4923.716084
572.698874,115,4923.882778
449.172868,109,4924.0296
545.708211,110,4927.766783
596.64014,121,4928.047922
698.900597,134,4928.313228
661.959979,137,4928.575521
543.65273,105,4928.759383
504.612035,118,4928.978041
560.859738,110,4929.183566
589.49377,129,4929.410275
540.358298,119,4929.576167
575.029117,128,4929.789092
534.851316,118,4930.003495
497.300749,100,4930.191524
475.832594,95,4930.369956
560.161401,109,4930.573025
696.328535,139,4930.825145
691.756175,147,4931.08914
637.113683,120,4931.292619
589.989196,127,4934.120218
545.962529,123,4934.346626
541.73835,104,4934.551062
490.317541,98,4934.744087
598.022004,118,4934.97994
605.8535,115,4935.242923
500.919534,97,4935.427259
490.498583,95,4935.606689
570.35593,128,4935.838079
516.1171,109,4936.021706
624.067179,124,4936.239468
500.435104,95,4936.411494
634.83237,126,4936.618829
435.368312,87,4936.765489
753.302228,148,4936.957235
436.727834,98,4937.091515
615.875261,120,4937.258208
675.500329,132,4937.432776
578.462039,115,4940.65729
663.756991,129,4940.87721
525.186802,99,4941.051166
526.304611,104,4941.238484
536.996486,104,4941.421361
562.325839,108,4941.610806
680.1174,132,4941.847767
581.350969,113,4942.032061
567.165314,109,4942.21044
500.14179,111,4942.399143
601.00751,129,4942.619141
752.917259,152,4942.879821
664.016306,145,4943.131158
655.899465,144,4943.374516
619.697326,122,4943.582062
552.303109,107,4943.731853
607.029642,118,4943.892568
516.701946,100,4944.031498
549.549678,110,4947.118289
623.183566,143,4947.324466
699.403917,136,4947.548555
721.54353,143,4947.784607
707.154212,134,4948.016378
681.93367,135,4948.247083
560.156551,108,4948.448044
483.002714,97,4948.618997
755.996863,150,4948.908448
660.327941,132,4949.157899
545.468505,107,4949.39165
729.881283,142,4949.61033
586.728147,120,4949.772527
578.009659,115,4949.92846
462.135619,90,4950.049558
494.872044,97,4950.182327
854.941907,172,4953.062861
612.573414,119,4953.278205
435.79106,84,4953.436318
611.937687,118,4953.675102
572.220485,115,4953.895492
678.853615,132,4954.13582
643.222972,136,4954.360677
417.32387,94,4954.514636
406.081163,91,4954.676811
675.754856,138,4954.930713
553.082307,114,4955.13069
451.813421,101,4955.310012
538.058977,106,4955.495712
410.594324,83,4955.643564
418.397023,88,4955.791104
614.609854,119,4955.997113
602.993444,117,4956.219588
566.243993,111,4956.414195
504.162102,100,4956.595941
789.919953,161,4959.665625
644.745451,129,4959.904708
728.134531,141,4960.16222
688.938004,139,4960.429005
658.936998,131,4960.665854
680.240401,148,4960.924134
552.496269,114,4961.075633
650.143849,127,4961.249421
450.567434,91,4961.376026
554.389269,120,4961.553462
536.324745,123,4961.772292
674.289263,133,4962.020062
710.780446,142,4962.283522
560.517924,126,4962.487351
507.536513,116,4962.659314
494.056578,98,4962.793905
719.330395,141,4966.209466
632.503574,124,4966.458392
655.460056,126,4966.709306
684.418621,146,4966.972764
809.379588,173,4967.268666
625.721078,125,4967.449669
491.201012,110,4967.619692
464.06253,107,4967.799861
607.764868,120,4968.005669
971.007985,207,4968.347522
839.125103,177,4968.655716
642.384031,124,4968.927559
533.02633,112,4969.083301
500.977257,97,4969.215012
494.655696,97,4969.347524
540.437834,123,4972.623534
497.545021,96,4972.805753
533.811139,104,4973.009022
862.948411,178,4973.35375
638.643723,131,4973.608515
548.901581,107,4973.810261
621.311202,141,4974.049632
575.941809,108,4974.227866
449.519968,102,4974.394737
527.833766,103,4974.567617
676.48418,149,4974.774006
517.193685,118,4974.933846
575.129475,119,4975.093042
676.853053,144,4975.287534
619.160271,129,4975.456649
501.73855,96,4975.587257
530.624561,107,4975.735609
619.102411,116,4979.052269
498.031746,97,4979.246443
631.25471,123,4979.4775
869.436049,174,4979.776962
493.231262,104,4979.962181
626.946533,122,4980.189748
565.827959,111,4980.403841
602.612763,119,4980.641373
527.587037,104,4980.873883
581.223582,111,4981.118326
554.125482,108,4981.364038
625.268116,117,4981.614998
379.379736,84,4981.796615
699.695384,139,4982.104216
627.920354,121,4982.380951
627.466365,123,4982.667956
521.413595,100,4982.884361
605.681655,116,4983.139065
716.263348,137,4986.584138
537.197459,105,4986.743157
593.570451,116,4986.931626
589.744843,112,4987.112204
497.520947,99,4987.270587
616.010484,118,4987.453363
593.744035,111,4987.620088
429.536814,87,4987.735417
561.356579,115,4987.887902
619.908892,131,4988.07242
611.055216,117,4988.236653
522.823705,100,4988.369116
583.488312,120,4988.532112
669.33808,145,4988.724586
546.186083,105,4988.870592
512.550093,101,4989.011157
728.679956,150,4989.212326
583.051777,116,4992.446088
685.330918,135,4992.699611
672.153108,149,4992.974588
518.772232,100,4993.166856
629.496102,123,4993.440103
403.022487,77,4993.601336
606.952466,119,4993.873955
618.37237,131,4994.165671
613.416684,126,4994.391718
617.296432,119,4994.608172
538.360827,101,4994.791875
590.587322,118,4995.006433
576.11295,114,4995.214744
683.181799,141,4995.46266
614.552646,137,4995.707507
548.286463,124,4995.904863
560.85917,110,4996.083549
477.698745,93,4996.238928
478.642259,111,4999.820583
552.294096,112,4999.966723
554.698895,107,5000.105942
523.587707,101,5000.241277
523.691577,118,5000.395124
498.766985,116,5000.549981
712.229375,142,5000.744547
728.2431,139,5000.924273
563.999557,113,5001.075891
396.220076,88,5001.194158
598.468628,126,5001.3675
599.869337,132,5001.549253
487.366316,99,5001.684943
403.22292,80,5001.789356
573.770439,112,5001.942285
621.429378,121,5002.137731
598.338782,117,5002.343126
477.65486,96,5002.501416
537.486147,110,5005.674473
576.591009,118,5005.884731
522.97512,111,5006.098409
668.839493,140,5006.402427
747.631816,149,5006.740833
620.963473,121,5007.012632
583.02998,113,5007.272737
544.933828,105,5007.526117
579.112116,110,5007.763344
702.547678,134,5008.045006
849.521771,170,5008.280644
731.701505,148,5008.489912
985.081616,199,5008.76861
750.614582,148,5008.980856
687.559179,149,5009.188629
520.285607,101,5012.733889
609.043343,127,5012.917852
575.850267,111,5013.068546
588.629776,122,5013.238226
579.266927,126,5013.450999
312.872449,63,5013.556715
584.622484,120,5013.750512
756.352417,154,5013.988976
875.419562,190,5014.287535
583.776175,111,5014.472915
658.228258,129,5014.68633
514.07574,114,5014.883387
614.638509,119,5015.082429
497.984125,113,5015.279262
643.105919,124,5015.517684
590.471491,113,5015.684694
654.8236,127,5015.865938
707.232569,139,5019.333234
546.369062,109,5019.482446
526.733339,106,5019.627469
424.158424,95,5019.776289
602.467491,117,5019.964568
427.076486,92,5020.091392
585.306426,132,5020.27437
567.809454,110,5020.429669
456.207736,91,5020.560107
729.751014,143,5020.765217
538.528274,117,5020.934745
815.635208,162,5021.160171
682.88556,136,5021.355737
536.380812,105,5021.505568
651.670419,130,5021.685488
586.475443,131,5021.878172
711.052685,141,5022.079387
543.588911,106,5025.537914
638.440661,134,5025.843671
576.294201,110,5026.101881
768.549136,155,5026.4375
644.831902,127,5026.663392
733.757017,159,5026.931471
636.679238,121,5027.130717
563.458532,111,5027.318483
727.491454,150,5027.551959
589.301615,115,5027.743009
588.535799,114,5027.931135
515.552096,103,5028.119845
583.283725,127,5028.295861
639.561413,124,5028.469194
596.921242,115,5028.622821
552.763211,120,5028.783299
542.950458,104,5032.228888
690.398541,145,5032.504939
581.500683,113,5032.675342
724.717746,143,5032.874588
393.464901,87,5032.994035
668.924233,144,5033.201011
521.794115,117,5033.373548
769.586711,145,5033.574099
586.014308,123,5033.737562
459.509544,101,5033.881255
670.740449,132,5034.061445
458.695426,101,5034.195533
643.403948,141,5034.392129
635.366688,121,5034.551831
466.277022,94,5034.680017
612.98957,136,5034.901527
544.33809,106,5035.049664
733.142232,151,5038.48944
626.864826,122,5038.701557
678.312459,135,5038.948254
647.891786,123,5039.174592
575.625477,113,5039.387458
600.4891,117,5039.60555
654.705379,141,5039.913987
530.089053,102,5040.152886
761.387069,164,5040.534631
492.593198,96,5040.753944
539.600023,120,5041.018254
728.637618,141,5041.321283
585.887964,113,5041.559489
775.288776,158,5041.85463
656.89999,127,5042.083786
467.166977,106,5042.273214
788.468702,158,5045.67298
523.930051,119,5045.833201
627.240763,122,5046.003766
451.197793,98,5046.133624
532.056796,110,5046.278318
597.510462,114,5046.427906
826.786319,168,5046.649903
601.815185,115,5046.836757
776.537891,153,5047.098089
459.959857,86,5047.236315
675.053966,131,5047.444954
643.25911,128,5047.648914
586.159605,116,5047.837088
534.093241,107,5048.009666
769.795724,152,5048.25482
845.911299,171,5048.52998
688.241345,132,5051.974133
578.072611,111,5052.162353
600.379745,121,5052.369222
664.093955,143,5052.592629
655.280392,146,5052.84848
465.238599,105,5053.038208
588.288255,129,5053.26937
640.944183,128,5053.49201
544.877662,118,5053.692408
708.79035,137,5053.899189
611.04187,139,5054.090526
488.289237,96,5054.218373
685.49176,138,5054.40325
607.552897,118,5054.570602
692.541352,148,5054.794833
560.868617,107,5054.9879
539.207865,104,5055.181087
539.50846,120,5058.530604
779.546756,154,5058.741158
567.248718,110,5058.894274
703.267641,136,5059.080467
553.345709,114,5059.238916
522.412485,113,5059.417719
523.406574,102,5059.583787
547.814039,107,5059.764693
595.412934,115,5059.949564
785.896348,165,5060.226896
593.747365,117,5060.435179
515.157933,114,5060.644619
752.297789,153,5060.917468
624.54557,120,5061.135812
420.541759,88,5061.28245
706.678962,151,5061.520264
670.952422,150,5064.89728
517.944225,103,5065.034185
582.365206,119,5065.191345
877.631563,182,5065.438658
703.257204,137,5065.621644
557.616967,111,5065.770476
571.662563,114,5065.916023
683.289927,144,5066.105839
641.533979,130,5066.275605
671.968015,133,5066.452724
522.579628,102,5066.591687
784.59196,158,5066.811767
913.029583,186,5067.066204
634.817865,124,5067.230842
699.525933,143,5067.42279
495.99197,100,5067.590225
644.114665,123,5070.769776
529.838915,112,5070.918513
564.369513,110,5071.070388
665.364671,131,5071.245967
427.000804,95,5071.375586
553.557372,108,5071.525924
643.011304,129,5071.699713
418.358365,94,5071.828611
695.470415,138,5072.022953
623.423827,118,5072.1865
706.394555,137,5072.372221
455.70248,91,5072.489732
496.400568,103,5072.626229
572.803939,122,5072.791463
682.878742,130,5072.9692
437.661775,90,5073.087126
492.013971,95,5073.217571
651.708243,126,5073.383718
506.014998,100,5076.34884
661.563443,134,5076.598324
645.156371,127,5076.863986
807.286918,160,5077.163558
680.523959,149,5077.413303
602.745931,116,5077.606897
488.962862,106,5077.790097
575.352816,111,5077.99192
456.810996,100,5078.165956
583.814815,112,5078.349868
610.105621,121,5078.561214
864.260558,176,5078.815061
377.303872,75,5078.911766
611.055856,131,5079.086418
603.380399,119,5079.247563
555.354452,107,5079.394312
580.326531,122,5082.888988
501.612197,114,5083.05082
558.16649,106,5083.21001
608.634553,120,5083.379743
503.907131,97,5083.514157
612.87649,124,5083.686201
606.494226,130,5083.886913
596.838434,120,5084.090494
665.52039,132,5084.317605
322.320422,75,5084.440664
629.072063,127,5084.640296
525.013595,99,5084.788424
730.397137,143,5085.034521
644.635472,128,5085.243511
626.28044,140,5085.473403
506.373196,103,5085.637731
692.868282,137,5085.858916
665.273751,134,5086.039535
448.228351,92,5089.026139
623.30288,134,5089.216012
578.211804,118,5089.384623
602.610066,123,5089.547714
660.698334,137,5089.727204
662.543442,130,5089.902825
708.662025,149,5090.101367
754.822423,143,5090.308337
586.357547,114,5090.470795
670.158397,141,5090.666021
459.035919,101,5090.806558
581.33022,113,5090.965114
572.177618,108,5091.1152
540.747108,120,5091.286346
616.260639,121,5091.489312
607.412852,128,5091.723859
572.677972,109,5094.779998
581.546572,112,5094.989093
636.437532,127,5095.222989
696.859757,136,5095.479533
533.371114,101,5095.661133
429.59621,84,5095.80333
683.415828,136,5096.046989
697.120806,135,5096.291805
654.665198,131,5096.468912
667.272605,153,5096.708218
519.118944,115,5096.897185
623.428629,120,5097.091685
458.916791,106,5097.255946
528.635675,108,5097.458425
517.538984,101,5097.64889
497.443952,96,5097.825793
614.942673,121,5098.048359
482.532354,92,5098.215807
669.704712,132,5101.636295
387.372447,89,5101.787221
543.325974,103,5101.95992
457.676673,97,5102.11945
620.67757,119,5102.316859
736.034895,159,5102.57217
695.265481,141,5102.761782
575.600021,112,5102.913802
579.890165,116,5103.073533
597.299076,114,5103.224411
656.770228,126,5103.402694
453.917358,103,5103.55432
481.203587,96,5103.690325
475.470532,106,5103.841171
498.929643,95,5103.972733
418.701843,81,5104.081685
405.141767,92,5104.210807
432.46566,97,5104.349963
628.615874,138,5107.58495
544.141054,126,5107.804641
491.36196,97,5107.972317
734.846448,145,5108.191038
686.759395,133,5108.392421
648.708851,125,5108.56989
680.165897,136,5108.763915
594.386319,115,5108.954311
520.509991,102,5109.117806
430.998709,89,5109.260459
569.95105,120,5109.448378
568.464401,111,5109.632499
616.983491,131,5109.842221
555.312722,111,5110.021076
714.345762,143,5110.250819
604.369823,118,5110.438977
723.140885,137,5110.658257
496.233541,98,5113.665817
540.850394,112,5113.83351
344.682389,71,5113.93371
440.058888,87,5114.059866
784.890095,151,5114.271087
497.741093,96,5114.408544
817.348066,164,5114.639704
618.846252,122,5114.821353
577.589721,112,5114.983047
638.062303,143,5115.180734
823.512717,174,5115.410653
541.970875,113,5115.565454
669.726822,133,5115.752326
540.615648,105,5115.892145
447.355641,85,5116.000973
448.893996,88,5116.118717
738.829083,145,5116.31903
452.98283,87,5116.435068
633.062738,137,5119.252161
418.400446,92,5119.416377
830.245564,159,5119.710783
608.867716,123,5119.919903
657.403568,128,5120.13237
720.648738,157,5120.410959
981.652628,188,5120.727861
562.755923,112,5120.925627
332.236644,76,5121.057362
595.653606,135,5121.285672
719.065787,141,5121.514851
682.408313,136,5121.743333
715.380793,143,5121.977295
769.590782,153,5122.227484
647.681805,124,5122.433844
606.930202,121,5125.958993
482.698785,102,5126.133597
523.018066,118,5126.325467
617.151194,120,5126.515846
709.372934,143,5126.766995
552.8564,120,5126.966724
456.570725,89,5127.087886
606.958696,135,5127.275563
607.501205,119,5127.488207
696.045454,157,5127.778823
745.086551,163,5128.123689
674.011024,142,5128.313976
938.018997,185,5128.566928
637.127139,133,5128.745243
540.207068,105,5128.894771
499.507816,110,5129.069237
631.104903,126,5132.086296
515.165922,105,5132.284496
823.744605,167,5132.663117
519.656805,103,5132.897128
676.775383,138,5133.214931
540.949132,107,5133.455332
601.980422,117,5133.628793
459.810771,92,5133.799201
768.612158,148,5134.068506
401.426235,78,5134.193887
577.903565,110,5134.392258
652.286609,135,5134.631714
658.242351,142,5134.873906
551.044844,106,5135.047354
553.057224,105,5135.222045
561.637341,128,5135.422354
707.224271,144,5135.619409
568.158194,109,5138.802235
810.869451,161,5139.060552
550.318842,104,5139.231422
578.852712,114,5139.418141
634.259373,122,5139.61446
391.014905,88,5139.764518
640.679794,121,5139.965937
653.785177,125,5140.166821
604.259254,130,5140.384792
556.392049,107,5140.531279
475.047762,91,5140.653508
691.864532,143,5140.849849
466.948378,104,5140.987662
624.285193,121,5141.150331
445.551564,88,5141.272269
652.924198,130,5141.485365
505.523613,99,5141.652274
573.191596,109,5141.837468
521.585624,102,5144.789637
388.090936,87,5144.932841
531.768518,104,5145.111448
731.33031,141,5145.352127
580.987724,113,5145.547794
733.885478,151,5145.812065
576.766472,109,5146.00073
527.139294,114,5146.204404
343.388906,76,5146.333752
969.84993,204,5146.614719
317.477637,71,5146.713756
519.56188,118,5146.901329
701.975168,160,5147.162948
502.620001,97,5147.314659
384.052508,77,5147.438842
597.114215,122,5147.637158
682.459247,142,5147.871687
434.743206,81,5148.009267
357.485952,78,5151.374205
533.184377,104,5151.557944
598.952877,115,5151.758716
601.954733,121,5151.95965
675.980457,130,5152.155467
520.790458,105,5152.303523
561.319272,109,5152.459836
654.660263,128,5152.645035
545.416929,107,5152.802483
598.188992,117,5152.984472
476.452096,94,5153.145406
663.672408,129,5153.337287
489.297308,109,5153.485932
555.127772,108,5153.633618
536.256691,105,5153.787664
605.597602,115,5153.983582
639.328399,126,5154.199847
655.555758,127,5154.407586
524.687921,105,5157.737054
586.404971,121,5157.940655
585.309121,132,5158.16643
583.940672,112,5158.351168
584.479578,122,5158.5601
688.736134,138,5158.787577
742.570152,144,5159.021076
593.322078,121,5159.215105
559.732001,118,5159.40426
633.654117,123,5159.602448
605.888209,118,5159.796704
680.16523,148,5160.009651
383.990093,80,5160.144348
517.485626,99,5160.314189
507.097374,116,5160.51249
596.037197,128,5160.725882
618.641032,126,5160.941623
716.167464,154,5164.581873
473.332264,92,5164.739106
633.496181,121,5164.958069
594.926287,118,5165.174373
709.536825,140,5165.432674
571.868492,109,5165.598959
743.415372,146,5165.796727
763.281433,162,5166.0126
561.48453,128,5166.199165
732.719674,155,5166.465388
540.47382,117,5166.667337
671.026667,129,5166.859039
591.750091,115,5167.01202
453.919127,89,5167.14565
620.620294,124,5167.350223
590.909384,132,5167.579206
375.485124,86,5170.289696
519.788387,104,5170.447089
479.714866,105,5170.627975
550.860629,118,5170.844323
779.654703,160,5171.156058
706.745792,141,5171.463163
675.181381,130,5171.739185
674.521534,137,5172.009001
581.635983,111,5172.215988
816.227107,165,5172.525031
692.963027,145,5172.771146
685.190491,149,5173.023548
603.378163,117,5173.244634
553.035047,112,5173.464809
689.891538,131,5173.655378
426.96028,94,5173.783694
563.436281,108,5173.935092
604.674226,117,5177.296515
538.339697,105,5177.497467
438.062656,91,5177.660181
544.782027,104,5177.853044
428.312984,96,5178.031424
546.660425,105,5178.231354
653.106917,142,5178.479004
551.355481,107,5178.677067
545.58579,108,5178.878199
723.507392,144,5179.145196
574.220011,129,5179.381295
624.395479,124,5179.61378
701.25317,135,5179.880808
683.212768,132,5180.092225
550.221982,109,5180.241114
671.833411,134,5180.421132
423.497022,95,5180.551529
556.095461,124,5184.219758
523.952291,101,5184.366857
616.805806,134,5184.630565
683.371759,133,5184.872735
584.88061,115,5185.073844
606.477833,120,5185.244093
373.153752,86,5185.364258
559.129854,112,5185.523989
492.004082,98,5185.66387
672.384213,131,5185.850355
558.845469,121,5186.085377
712.401165,150,5186.408605
599.059628,129,5186.648325
666.173246,129,5186.886647
557.005407,106,5187.080288
281.65755,63,5187.191249
826.810121,164,5187.560592
721.131514,142,5191.192467
413.501565,84,5191.345063
861.230536,170,5191.643558
610.596088,119,5191.851946
630.755321,138,5192.073208
575.899069,116,5192.257844
565.49707,108,5192.4407
570.216541,114,5192.647378
622.617566,136,5192.884192
510.829294,105,5193.073411
702.783252,137,5193.295806
691.570696,132,5193.510473
524.697957,105,5193.680682
1037.556052,227,5193.992406
461.217345,100,5194.122333
701.970299,149,5194.319702
471.177636,90,5197.516386
683.954727,136,5197.773306
661.350449,141,5198.032562
452.295031,100,5198.20912
662.628477,135,5198.45048
397.810528,92,5198.615143
596.044415,133,5198.84973
517.364938,105,5199.031184
540.133741,105,5199.213101
726.564181,158,5199.487856
599.049012,120,5199.697687
491.295074,98,5199.869891
583.396312,136,5200.105246
588.127016,121,5200.317545
651.017262,128,5200.536092
736.915864,145,5200.725827
611.920777,127,5200.898252
612.71463,123,5204.112637
789.626592,158,5204.404572
551.269416,118,5204.609157
513.968067,101,5204.781926
521.421374,116,5204.977421
580.206184,111,5205.171909
574.022053,114,5205.378012
619.201018,123,5205.603379
588.391616,115,5205.813888
540.911702,120,5206.034326
722.59342,145,5206.300059
656.706694,139,5206.556965
467.863319,91,5206.719042
583.096141,129,5206.956714
675.990941,132,5207.202046
541.416045,103,5207.388417
495.303926,96,5207.573693
397.171059,90,5210.727137
647.350957,135,5210.913823
719.592089,139,5211.089731
534.443149,121,5211.26173
614.079454,121,5211.470131
505.752755,98,5211.639405
589.73634,116,5211.839757
554.141353,115,5212.035251
687.242968,135,5212.26971
537.207536,103,5212.445158
508.832455,101,5212.621991
655.752125,128,5212.836299
629.75621,131,5213.043886
517.904968,115,5213.230555
528.126838,102,5213.396556
535.184463,106,5213.582386
694.837112,137,5213.831259
541.664116,109,5214.008367
616.152241,121,5217.485233
617.968862,118,5217.730935
470.979515,96,5217.927419
552.17583,111,5218.111403
441.503767,96,5218.269183
600.685303,128,5218.481187
592.105293,118,5218.676799
713.536758,154,5218.938321
635.550247,134,5219.159609
607.595582,118,5219.364042
511.153132,113,5219.558462
696.482604,136,5219.791285
690.788499,144,5220.033185
521.486513,108,5220.228113
465.221336,95,5220.371906
392.894204,90,5220.502977
734.001476,145,5220.709884
779.390274,152,5224.201613
462.655187,105,5224.383369
614.322861,120,5224.598009
649.190123,125,5224.812199
487.577665,108,5224.993878
542.917418,124,5225.197573
568.219084,117,5225.401627
572.904328,109,5225.582919
633.589412,134,5225.811205
585.741662,117,5226.007362
542.417078,108,5226.195671
655.207111,125,5226.427978
383.950011,83,5226.581282
639.277904,126,5226.807935
548.489098,106,5226.986381
741.569944,142,5227.223941
603.452406,122,5227.441243
580.085587,117,5230.456268
675.59552,136,5230.744103
805.895061,178,5231.146837
494.764915,112,5231.371641
839.81339,168,5231.613663
584.103036,117,5231.772761
548.321614,107,5231.917714
416.114091,93,5232.069469
405.04611,90,5232.22809
594.83363,118,5232.439837
640.25521,145,5232.707958
560.862538,111,5232.901207
719.237878,143,5233.146688
560.306677,109,5233.331027
810.317887,159,5233.603325
444.089984,91,5233.758962
585.769006,116,5233.958801
716.787402,140,5237.639664
547.436077,122,5237.857445
770.489642,150,5238.125421
627.547394,137,5238.368452
540.704085,126,5238.610164
418.354661,92,5238.797397
543.826142,106,5239.008799
661.116407,144,5239.230215
452.159081,93,5239.360613
493.361339,111,5239.518806
469.773238,93,5239.651039
499.282539,106,5239.799483
364.591953,82,5239.916143
499.43437,102,5240.076224
696.583906,136,5240.271114
593.738801,113,5240.422617
569.352181,119,5240.579244
536.418926,105,5243.873696
667.438739,129,5244.107408
516.280517,108,5244.292857
1092.229187,222,5244.61003
441.985351,98,5244.744269
599.69436,122,5244.915246
512.683802,100,5245.056142
425.763494,93,5245.223788
664.875914,133,5245.455958
525.929223,110,5245.640487
767.055897,147,5245.888759
585.14464,129,5246.108967
462.713592,104,5246.286717
694.54047,138,5246.511158
478.924188,94,5246.666635
909.003135,180,5246.954353
572.625445,125,5250.322815
430.327409,94,5250.5089
494.768377,104,5250.691538
816.820841,157,5250.971504
539.681231,104,5251.160223
799.533873,161,5251.450468
685.513512,145,5251.717989
314.111558,72,5251.843173
552.318018,128,5252.07048
590.989842,131,5252.305435
793.869201,165,5252.603426
801.068953,158,5252.900245
677.377928,133,5253.149388
981.807541,203,5253.513561
662.590861,132,5253.754786
698.638643,141,5254.014156
621.88831,126,5257.060162
560.214934,110,5257.262164
625.369959,134,5257.507539
513.541238,107,5257.695971
485.878856,111,5257.889115
533.764807,110,5258.077849
585.491421,115,5258.276443
427.68465,96,5258.441684
832.978197,165,5258.718583
574.187104,120,5258.923769
488.556801,93,5259.086031
592.519245,114,5259.284068
654.501781,127,5259.497387
705.998776,148,5259.752968
313.467742,71,5259.86055
1014.587043,201,5260.188617
578.462425,130,5263.634521
594.178156,135,5263.863241
509.710391,108,5264.040897
591.172622,121,5264.246969
677.768729,135,5264.455529
767.330041,156,5264.703057
664.035701,129,5264.921217
431.960623,88,5265.067106
452.565464,99,5265.232872
643.460642,128,5265.446514
594.850733,123,5265.653482
627.928132,132,5265.868607
663.754241,138,5266.090052
693.612261,140,5266.29765
584.714807,113,5266.468267
660.691597,129,5266.703546
641.947689,141,5266.957313
473.471629,101,5270.152745
618.166465,120,5270.355891
525.411804,115,5270.549414
630.278198,137,5270.782326
706.312722,155,5271.033651
641.333388,149,5271.272981
617.351571,119,5271.476869
442.100798,91,5271.634198
704.208161,137,5271.87137
639.850482,125,5272.072622
560.415917,123,5272.272359
528.921661,110,5272.446761
441.170613,100,5272.614148
664.655478,133,5272.845585
273.620566,60,5272.945831
708.975522,140,5273.183537
416.187683,94,5273.339932
686.30853,143,5276.570552
583.653741,125,5276.749171
589.539948,135,5276.940831
516.447019,115,5277.100556
670.125873,132,5277.289638
571.396578,110,5277.449655
730.70624,143,5277.721202
731.126783,143,5277.982914
734.032868,147,5278.248818
617.577539,125,5278.466469
610.164116,128,5278.694436
677.236989,132,5278.92741
742.647366,144,5279.180702
641.357031,136,5279.425987
609.436785,126,5279.654804
614.577945,121,5279.881451
661.486282,143,5283.549073
541.366033,106,5283.787289
719.655837,144,5284.090688
545.510393,112,5284.32544
601.717333,127,5284.558309
597.289037,124,5284.72295
773.666493,159,5284.937198
593.945382,122,5285.09778
494.10337,109,5285.243409
548.14271,117,5285.396153
559.336599,118,5285.550554
702.239502,150,5285.753378
459.742753,95,5285.874555
634.842447,133,5286.050966
422.417359,95,5286.181709
519.100012,109,5286.3277
577.763823,127,5289.708076
409.340713,91,5289.892012
521.184131,99,5290.021122
682.667868,136,5290.193321
555.781071,123,5290.351906
782.755169,156,5290.552643
672.340354,129,5290.715314
691.575993,138,5290.89427
551.41643,117,5291.042573
439.322357,95,5291.165571
569.411955,113,5291.317323
566.812283,113,5291.470896
574.091589,115,5291.630745
675.316507,133,5291.808758
470.148744,90,5291.933491
554.098826,111,5292.079692
526.595931,105,5292.222193
612.563328,121,5292.38953
499.813659,108,5295.377107
436.121702,95,5295.540177
671.258394,143,5295.772675
527.507125,104,5295.946312
427.710112,84,5296.083111
753.236705,147,5296.330083
543.186158,108,5296.51455
651.81674,128,5296.733974
595.045232,112,5296.919752
540.978762,110,5297.096481
292.544309,66,5297.194705
800.682913,157,5297.44543
856.034523,181,5297.731694
799.603512,153,5297.971825
726.46035,140,5298.201082
619.756874,118,5298.396526
377.752986,85,5298.538346
557.187334,110,5301.690373
451.215012,103,5301.839137
542.76802,127,5302.016142
600.52838,123,5302.192592
551.034271,122,5302.365964
673.690633,137,5302.55286
546.565114,106,5302.702315
485.177841,104,5302.859849
598.188948,117,5303.022716
628.411896,120,5303.19594
680.382888,133,5303.376838
660.229763,130,5303.552449
586.033915,114,5303.701969
593.992422,126,5303.862847
671.220343,140,5304.045241
596.101972,134,5304.224525
540.522096,112,5304.370862
566.888227,114,5307.561049
604.58769,125,5307.768909
597.445753,115,5307.970774
355.528901,80,5308.101417
457.546684,90,5308.232165
548.342256,107,5308.396164
678.181544,131,5308.638138
851.24489,171,5308.951118
501.833398,105,5309.145731
490.159945,111,5309.346389
596.661974,119,5309.557496
545.830725,107,5309.746873
495.948478,99,5309.91579
521.415574,98,5310.086158
608.479377,126,5310.301538
581.697582,123,5310.478685
614.491194,125,5310.650756
714.51455,137,5313.974597
501.338935,110,5314.149092
663.719375,142,5314.358043
592.834845,130,5314.528854
692.926922,154,5314.740621
525.761039,105,5314.882882
620.412557,116,5315.036698
554.232093,110,5315.184592
631.48749,136,5315.363859
571.125233,114,5315.517288
570.888394,117,5315.695431
552.410105,108,5315.865448
505.029529,116,5316.044359
688.36269,134,5316.257269
607.44928,118,5316.441669
422.113299,90,5316.579163
765.438671,165,5316.840856
428.800297,84,5320.136408
516.823552,103,5320.351546
573.991542,112,5320.501376
558.674931,113,5320.648634
810.535393,178,5320.885364
676.642162,139,5321.069201
443.097816,100,5321.203542
812.871488,159,5321.415148
569.920349,123,5321.576977
735.875798,145,5321.82117
361.565652,80,5321.957678
707.397516,142,5322.207698
668.005095,131,5322.436695
482.731082,95,5322.599942
679.814534,141,5322.84064
466.066724,95,5323.002298
705.282359,137,5323.238193
646.735526,130,5326.658482
336.456962,78,5326.76692
577.015256,128,5326.932598
552.115624,125,5327.095117
500.642087,100,5327.233772
685.40512,136,5327.43328
696.305363,143,5327.655097
448.980007,88,5327.795455
473.498012,93,5327.942773
544.718512,109,5328.089799
624.294076,136,5328.265624
513.523493,103,5328.400618
479.438698,94,5328.522179
652.870315,139,5328.697108
473.891572,106,5328.84547
531.94931,103,5329.011103
666.401531,129,5329.215408
772.91265,149,5332.622428
929.574001,188,5333.024185
420.334272,94,5333.216879
585.464598,114,5333.456198
537.540136,106,5333.672088
644.608652,126,5333.841662
422.886595,91,5333.963667
710.781863,155,5334.173256
647.611257,128,5334.347564
586.289902,123,5334.508942
664.466132,136,5334.695283
686.716383,141,5334.879616
587.988437,118,5335.032578
708.53784,141,5335.213482
587.755274,120,5335.369838
561.29201,123,5335.533476
453.648254,103,5335.7002
570.676625,117,5339.031687
573.510446,117,5339.212536
566.230571,112,5339.40931
632.296154,133,5339.652242
764.448729,154,5339.965073
481.626449,96,5340.177855
683.712975,142,5340.490134
553.649332,121,5340.762169
556.01285,126,5341.028778
642.757749,134,5341.317039
587.585584,114,5341.559102
508.49561,102,5341.767955
669.434089,134,5341.994822
502.254905,104,5342.175877
636.404371,123,5342.377563
510.359443,98,5342.553688
725.760437,153,5342.810879
562.059126,116,5346.325915
624.591715,130,5346.551953
649.695241,137,5346.798244
634.221471,123,5347.022516
671.249551,131,5347.246199
628.921911,126,5347.465127
729.225305,139,5347.723337
664.258162,128,5347.99026
608.163894,133,5348.272535
720.257646,143,5348.492643
607.640211,119,5348.660291
510.619403,113,5348.815971
710.944369,153,5349.031244
520.919653,103,5349.179127
601.970338,121,5349.348911
627.240529,120,5349.516922
658.580805,143,5353.333124
623.791597,140,5353.637726
739.448683,144,5353.958982
587.322787,119,5354.21841
512.348299,101,5354.442835
685.278558,150,5354.791459
403.000321,86,5354.987066
425.689405,85,5355.179821
595.423816,125,5355.467235
724.711161,139,5355.782674
547.802727,107,5356.032017
496.436843,99,5356.256129
1005.696495,205,5356.711101
625.506611,121,5356.943657
653.955783,131,5357.158534
473.614517,92,5357.30871
586.182942,120,5360.989433
618.801757,124,5361.198509
389.265874,88,5361.349962
651.327654,129,5361.575585
642.023814,143,5361.819604
861.773798,191,5362.147207
546.833836,122,5362.3405
762.62221,149,5362.554661
632.681698,131,5362.750506
431.375622,90,5362.897688
492.271544,111,5363.074411
576.056998,120,5363.287625
443.532756,99,5363.483619
497.44651,115,5363.711552
749.554461,144,5363.979571
616.491694,123,5364.178086
427.847451,85,5364.295267
790.2427,156,5367.455133
509.678088,101,5367.62617
744.49949,147,5367.877403
790.757272,162,5368.14844
437.665623,88,5368.314071
297.946895,59,5368.413935
585.952812,132,5368.661746
562.517868,109,5368.864109
579.521995,121,5369.059025
570.917533,121,5369.264562
680.296227,139,5369.505691
823.512654,166,5369.797475
713.319277,146,5370.061133
659.995375,134,5370.291685
641.517478,126,5370.466707
695.163882,144,5370.668779
655.944136,131,5373.434506
654.329446,136,5373.641406
613.03563,129,5373.854347
572.100139,113,5374.044847
514.849361,110,5374.236028
737.031737,144,5374.470827
568.828784,121,5374.632506
617.061897,128,5374.809355
729.972268,145,5375.011752
582.931581,117,5375.199971
456.522848,100,5375.387232
542.087109,108,5375.576851
512.598974,118,5375.835202
572.836812,124,5376.089627
769.322132,155,5376.394237
583.637974,121,5376.601793
453.371495,102,5379.820674
698.534629,137,5380.131409
353.517846,83,5380.320488
658.553482,126,5380.602909
481.92453,101,5380.829572
557.972862,108,5381.082421
716.054483,144,5381.41286
608.656307,125,5381.72148
582.502051,111,5381.946528
580.374976,117,5382.145556
766.774561,158,5382.413018
561.037439,109,5382.599477
592.854312,130,5382.79939
539.265045,109,5382.975517
693.866222,141,5383.199171
739.72518,152,5383.401827
636.585794,149,5383.609584
633.476502,124,5386.803814
559.661477,125,5386.98013
882.896013,174,5387.234727
531.979277,119,5387.402234
636.520559,124,5387.576605
615.429658,122,5387.790523
582.89683,117,5388.007133
424.093955,96,5388.174851
444.366399,96,5388.306834
488.380055,95,5388.461788
593.280554,116,5388.644692
722.88195,144,5388.913899
542.633038,116,5389.126421
496.47472,111,5389.335683
527.621378,107,5389.532036
450.162901,90,5389.686194
474.538542,108,5389.883695
564.868371,108,5393.334843
599.184757,117,5393.542546
445.691722,97,5393.697377
637.593267,145,5393.932062
489.994434,109,5394.123661
763.360709,147,5394.392206
437.914597,96,5394.578175
642.092249,125,5394.796268
671.860591,136,5395.028912
591.98328,121,5395.243075
511.440907,116,5395.456854
596.381611,118,5395.664243
444.755577,95,5395.829901
620.170814,134,5396.064777
712.167654,143,5396.347758
690.022374,135,5396.590703
685.083063,154,5396.795328
479.389988,98,5400.061098
719.610121,152,5400.319094
559.31908,123,5400.549553
539.92818,123,5400.787663
422.501339,91,5400.979475
711.090001,152,5401.303291
526.046367,102,5401.50411
977.568835,194,5401.881808
462.142332,104,5402.082661
620.499227,134,5402.345337
536.888046,107,5402.550138
621.019077,120,5402.73647
522.253506,108,5402.880361
641.449553,130,5403.097267
579.292833,131,5403.325665
669.471316,134,5403.560922
522.867178,118,5406.099153
607.88228,118,5406.298195
701.985968,134,5406.53157
744.039941,149,5406.792312
624.089538,137,5407.034587
553.580488,107,5407.217738
654.685263,136,5407.452497
622.218632,125,5407.667341
605.665314,122,5407.86592
521.962172,117,5408.058872
600.884964,120,5408.285628
506.200287,99,5408.462141
519.580621,104,5408.649776
561.570559,127,5408.892205
924.966793,185,5409.234587
424.628771,94,5409.424696
453.024769,103,5409.653475
439.278911,100,5412.303649
604.614992,126,5412.514358
952.617351,186,5412.839252
651.548806,139,5413.096729
853.232623,170,5413.404805
651.677816,129,5413.641588
488.904285,104,5413.827504
386.175725,87,5413.979515
439.435279,94,5414.147671
572.233975,116,5414.333826
547.525252,109,5414.515428
553.963296,120,5414.715526
608.766317,119,5414.923952
397.196439,87,5415.08488
819.820818,160,5415.328575
622.461068,122,5415.494855
513.803385,112,5415.643363
514.781706,104,5418.928076
688.251964,131,5419.171626
702.708958,137,5419.437321
637.824506,139,5419.705422
644.336064,129,5419.950207
587.107476,126,5420.188894
586.50108,115,5420.418107
553.885751,107,5420.616361
671.230619,135,5420.831132
473.247204,107,5421.017562
743.899661,152,5421.300557
566.836879,116,5421.50789
440.375875,89,5421.665748
816.919978,166,5421.908313
616.797017,123,5422.072043
712.407933,135,5422.251161
657.789187,128,5425.8984
514.130207,114,5426.119373
496.325164,104,5426.315784
573.725191,109,5426.523115
557.708167,110,5426.737373
642.438234,125,5426.915228
637.317431,128,5427.099575
395.722406,82,5427.21051
647.866152,125,5427.437233
622.920027,140,5427.690158
670.601143,147,5427.954294
413.243505,87,5428.113819
666.959611,129,5428.356274
532.295205,121,5428.569346
673.987685,148,5428.767746
667.487944,129,5428.937159
586.229449,112,5429.088085
501.006303,114,5432.106486
592.961379,113,5432.316522
526.578096,104,5432.521789
564.050744,108,5432.730001
607.337281,118,5432.964217
674.194127,133,5433.217783
687.451275,134,5433.474755
646.264763,127,5433.708556
541.677641,105,5433.912417
629.44341,140,5434.182273
570.809887,110,5434.389581
674.654669,131,5434.600182
778.638534,156,5434.809527
707.867578,140,5434.995487
441.810695,88,5435.114426
632.739488,123,5435.280373
559.96327,115,5435.435131
485.110407,101,5437.995164
721.628147,141,5438.246006
428.038055,84,5438.399304
324.968809,69,5438.511181
581.102074,116,5438.709403
1087.321894,218,5439.096532
617.639613,138,5439.330459
525.785467,103,5439.503828
642.242724,123,5439.71236
491.850776,96,5439.877282
648.073112,142,5440.124756
398.072967,81,5440.255918
902.85811,181,5440.553149
652.488105,124,5440.747718
724.272498,143,5440.976875
629.767818,141,5441.194884
368.522659,82,5441.329785
561.779684,109,5444.813024
497.699169,112,5444.995183
494.504453,113,5445.174993
471.985531,94,5445.323323
545.259765,112,5445.507871
637.716499,134,5445.736176
518.705501,121,5445.91978
522.964043,116,5446.123411
604.119055,116,5446.331129
831.376936,158,5446.562185
568.746403,128,5446.785277
482.86771,109,5446.985275
662.271909,144,5447.245873
673.749204,140,5447.485751
543.948064,122,5447.703049
496.629094,104,5447.893184
697.475121,135,5448.139859
576.162106,120,5451.412772
661.235641,150,5451.621192
691.035663,134,5451.798321
584.900031,118,5451.960652
441.917162,101,5452.093583
649.058447,126,5452.271405
667.052202,137,5452.457816
596.366807,130,5452.632731
637.500892,143,5452.839767
588.941071,122,5453.009423
1036.024722,214,5453.334991
588.475704,129,5453.549354
662.755122,131,5453.780902
829.227078,166,5454.069891
499.007746,104,5454.242508
586.763538,131,5457.721256
548.54674,107,5457.963826
580.761291,116,5458.234981
905.370123,192,5458.655873
460.124297,104,5458.890831
518.649708,113,5459.152945
409.400731,81,5459.344126
470.695734,99,5459.581725
580.176914,116,5459.851139
456.383565,94,5460.067434
656.162107,126,5460.309727
542.99842,122,5460.520417
651.008331,130,5460.744457
669.423743,139,5461.00883
569.881976,113,5461.221076
282.495397,64,5461.339045
536.472476,106,5461.526916
542.112121,116,5461.712916
647.128429,124,5464.621232
492.257093,97,5464.788644
541.723667,118,5464.99539
724.76222,154,5465.272217
537.90682,106,5465.474436
658.945647,134,5465.725067
306.309598,65,5465.848169
384.460238,79,5465.990502
582.173954,123,5466.218158
621.057182,124,5466.446413
557.489396,107,5466.586926
602.71363,137,5466.775615
504.810599,99,5466.910899
351.917568,81,5467.020348
539.257319,121,5467.184203
677.46963,146,5467.391644
643.917646,127,5467.622619
559.787192,106,5467.806787
654.180418,128,5471.481416
669.396971,143,5471.741799
523.650693,103,5471.938896
527.073631,102,5472.120675
752.434764,149,5472.400119
654.587951,131,5472.636222
628.5729,134,5472.865058
680.120886,132,5473.089999
710.338989,145,5473.333438
547.339898,109,5473.51572
622.965416,137,5473.750934
563.818184,112,5473.939298
586.704999,111,5474.126549
527.293786,104,5474.313543
633.011653,124,5474.535863
569.414046,115,5474.737895
554.364952,106,5477.692143
669.937056,132,5477.910852
506.84541,115,5478.110322
876.554942,179,5478.399464
607.649362,136,5478.655644
549.972976,119,5478.886829
836.08517,174,5479.223895
522.398399,114,5479.43977
640.345298,125,5479.661903
552.829008,126,5479.895352
600.271925,129,5480.128601
614.945537,124,5480.351564
672.369063,132,5480.590153
655.44761,143,5480.816965
505.347132,100,5480.974743
570.074057,111,5481.131055
513.810254,100,5484.64566
486.257109,114,5484.853204
686.243904,151,5485.121585
636.886616,126,5485.35145
515.94575,113,5485.565232
608.414953,132,5485.814437
612.90876,123,5486.044864
462.024808,98,5486.225892
557.257707,108,5486.435075
561.543943,109,5486.630577
513.281553,114,5486.827528
514.634669,107,5487.003478
474.391711,103,5487.177215
522.309132,114,5487.362787
596.134512,118,5487.547039
415.958567,84,5487.658114
561.946323,122,5487.819388
621.707962,135,5487.997138
475.337265,92,5491.428525
587.285279,130,5491.667349
530.860596,105,5491.859751
587.307206,114,5492.073243
436.329995,83,5492.233479
423.52881,96,5492.430658
697.241724,138,5492.707222
607.590821,120,5492.947001
583.715482,118,5493.158335
726.486322,151,5493.432069
659.522393,129,5493.667211
377.62727,87,5493.826158
714.173629,143,5494.082802
643.136719,123,5494.300853
673.678395,133,5494.539057
594.77481,127,5494.767243
736.46656,159,5495.048928
921.924493,183,5498.218928
864.240702,170,5498.511816
447.577351,100,5498.698835
564.231478,111,5498.86081
380.549537,78,5498.968121
648.052701,126,5499.163102
626.514132,122,5499.369814
569.538614,113,5499.571876
654.965754,146,5499.780109
642.944687,139,5499.966513
542.72794,105,5500.109026
533.177275,105,5500.250571
604.575957,118,5500.409451
401.972548,81,5500.517896
492.742136,97,5500.651314
482.669586,96,5500.780437
524.862718,110,5500.924783
561.873178,114,5504.144353
764.046283,144,5504.385975
715.988419,137,5504.630463
614.376377,121,5504.841882
752.772089,147,5505.103149
450.285843,104,5505.283132
478.546432,106,5505.471941
483.44825,98,5505.632977
466.109395,104,5505.811538
618.085988,131,5506.006377
571.548056,128,5506.182701
647.835206,136,5506.409301
668.36877,136,5506.607333
701.780224,140,5506.832162
605.646066,117,5507.037714
551.880984,109,5507.226529
566.524577,124,5507.437422
715.625621,143,5511.157278
582.667948,130,5511.455734
534.980148,102,5511.687873
654.281085,132,5511.988563
687.995696,133,5512.274935
475.540748,95,5512.483148
702.506792,137,5512.78637
437.379202,88,5512.979447
619.9834,122,5513.232952
709.437261,141,5513.495261
672.97714,130,5513.729515
427.99299,86,5513.890174
471.511787,92,5514.056451
696.041569,145,5514.31758
680.181531,148,5514.587221
816.303137,166,5514.881098
604.516997,118,5518.146904
782.496759,160,5518.435923
362.163935,75,5518.564688
709.094944,140,5518.813772
628.168891,136,5519.045082
542.986579,109,5519.232823
591.364922,130,5519.490054
543.543178,116,5519.73641
537.422172,120,5520.003029
740.795435,157,5520.307001
536.919375,104,5520.490227
488.081824,111,5520.69005
305.783025,67,5520.816542
500.812306,101,5521.01316
544.677332,105,5521.207878
538.538371,114,5521.413803
554.504693,114,5521.621419
828.116287,165,5525.152753
474.260182,104,5525.381952
622.903578,133,5525.665214
504.678522,115,5525.910614
675.9902,144,5526.204297
665.381567,149,5526.516793
694.119361,139,5526.779242
685.021351,134,5527.010833
387.828184,86,5527.1659
860.923947,173,5527.474504
551.379748,120,5527.686841
662.408913,125,5527.915762
665.31767,135,5528.15305
563.646015,115,5528.358173
578.887345,127,5528.607097
695.619146,151,5528.896133
563.747806,110,5531.777215
648.268094,126,5531.953597
628.267996,134,5532.128333
414.694214,85,5532.238283
610.697781,120,5532.388743
578.000769,114,5532.539877
489.524765,108,5532.679091
599.095748,133,5532.852941
706.110923,139,5533.056378
367.50082,83,5533.206244
912.934014,184,5533.552902
740.959733,149,5533.821399
758.028096,150,5534.083165
493.986755,116,5534.295712
582.472577,116,5534.499896
622.80261,125,5534.728214
709.591934,150,5534.9947
616.223429,124,5538.415048
605.44333,124,5538.61919
629.637787,121,5538.826599
664.579734,141,5539.084914
560.465298,111,5539.295077
524.866963,104,5539.489882
603.346008,119,5539.709289
514.870686,113,5539.911546
689.6709,137,5540.174733
476.022691,108,5540.387915
628.141106,121,5540.621904
686.03617,137,5540.893364
407.798522,92,5541.068696
789.589341,155,5541.327991
542.523579,103,5541.498792
432.37704,96,5541.657648
897.79362,187,5545.524535
642.689551,142,5545.835821
511.94278,112,5545.992601
566.349543,111,5546.151542
478.200832,102,5546.314702
601.141507,118,5546.516134
389.054426,85,5546.660803
576.924385,118,5546.863782
539.334407,105,5547.041065
555.51107,119,5547.237402
737.028485,147,5547.491517
689.620503,141,5547.727769
675.534451,135,5547.949847
546.143163,108,5548.141753
536.730976,111,5548.340652
702.575697,143,5548.596023
664.163388,132,5548.826714
542.89908,106,5552.258661
549.032632,109,5552.437081
705.411004,137,5552.663573
655.250592,127,5552.881427
534.661701,105,5553.053725
721.259374,139,5553.288466
665.466333,150,5553.524788
743.82687,146,5553.782688
560.997143,110,5553.992809
554.305246,119,5554.199909
468.08536,101,5554.371011
604.527334,128,5554.586762
510.672812,108,5554.769988
550.577273,124,5554.984755
475.731954,94,5555.139034
569.278313,123,5555.35402
699.623279,138,5555.586628
804.767803,161,5559.409652
570.825117,122,5559.676267
600.731789,123,5559.934835
503.797986,96,5560.098583
465.626888,102,5560.272424
570.051394,119,5560.486754
461.689863,91,5560.648868
655.459675,132,5560.887853
448.069479,93,5561.050987
629.092282,120,5561.259901
587.374385,113,5561.449288
499.73285,97,5561.615969
767.200895,155,5561.865818
612.311864,120,5562.025428
480.10663,95,5562.155936
402.497355,81,5562.262025
608.128462,120,5562.419806
533.408111,104,5562.568459
572.032597,116,5565.976857
702.02735,136,5566.161994
835.828614,171,5566.425221
585.669142,116,5566.625047
780.822528,154,5566.8922
765.136779,168,5567.198418
486.895707,110,5567.39838
656.65484,138,5567.651055
589.412354,134,5567.914902
679.708193,130,5568.188584
503.067315,101,5568.417962
533.199982,104,5568.643887
563.681332,108,5568.830305
525.665096,114,5569.024908
593.701033,127,5569.242105
660.262753,144,5569.476959
757.937601,160,5572.457699
872.631962,175,5572.699131
520.399682,103,5572.845533
457.823707,102,5572.990579
540.79161,106,5573.141351
461.160836,101,5573.281885
658.84856,143,5573.47298
412.355052,91,5573.596161
598.133887,125,5573.808285
716.983122,139,5574.07037
449.507504,98,5574.249302
659.318074,127,5574.469707
661.644622,142,5574.696558
594.787222,131,5574.913586
562.461842,115,5575.076976
632.990151,127,5575.256104
848.712319,171,5578.959542
556.740971,107,5579.143928
872.192974,187,5579.494789
533.800028,117,5579.70946
511.994752,102,5579.900765
489.030994,97,5580.069847
524.234336,105,5580.255971
831.925004,160,5580.551883
725.110142,157,5580.831812
672.861781,156,5581.084424
572.627201,121,5581.283833
603.07183,122,5581.484869
581.638015,118,5581.684001
484.094206,98,5581.852541
562.63953,112,5582.033341
524.262881,112,5582.228534
464.448284,93,5582.392275
579.964413,113,5585.191732
704.688457,138,5585.403547
540.753518,114,5585.585059
570.987087,118,5585.77714
574.053513,128,5586.000028
687.149716,140,5586.230342
637.044017,124,5586.454837
378.31377,78,5586.583756
460.78225,95,5586.742718
636.352166,139,5586.978289
536.802741,113,5587.161455
600.685351,133,5587.362658
570.718118,108,5587.512309
706.426953,145,5587.729006
612.889261,122,5587.930789
505.503474,98,5588.095466
648.450342,132,5588.313387
559.055574,112,5591.468894
579.283762,110,5591.649973
655.496374,128,5591.869404
686.260115,140,5592.082046
520.168592,105,5592.22359
784.743717,174,5592.45508
712.984955,150,5592.661066
640.977937,131,5592.840173
562.953247,124,5593.023
518.419813,107,5593.222144
575.932935,114,5593.430636
556.184208,109,5593.606389
524.001022,115,5593.791831
687.014732,146,5594.022127
617.081321,122,5594.221897
716.73347,135,5594.445265
788.575795,157,5597.284782
623.899359,120,5597.569319
704.409785,136,5597.841071
607.44275,135,5598.017188
485.751443,108,5598.158296
724.55939,153,5598.401264
684.951698,147,5598.676725
479.372125,102,5598.8572
575.37359,117,5599.054764
761.876534,152,5599.265162
694.106802,136,5599.474287
732.400641,141,5599.717163
748.928308,158,5599.973366
637.018528,122,5600.18265
575.808887,112,5600.372547
443.399743,88,5600.518542
679.986573,138,5603.326801
658.934825,149,5603.535119
529.855838,105,5603.682814
659.120172,128,5603.864013
477.701075,95,5603.998682
613.313962,122,5604.169891
595.367209,117,5604.337291
785.897343,164,5604.556705
540.870386,118,5604.715735
620.814735,119,5604.875041
479.120008,100,5605.005398
774.770479,152,5605.209612
641.131636,134,5605.421962
1023.509434,206,5605.785482
675.143767,130,5606.020476
691.762955,138,5609.065471
425.136796,85,5609.177916
562.240185,108,5609.320877
442.584926,88,5609.43982
679.89335,135,5609.629633
482.863858,94,5609.755649
754.623137,161,5609.968959
521.288474,100,5610.106113
578.639963,109,5610.250749
755.254145,146,5610.436006
790.605614,158,5610.641117
649.431555,127,5610.817112
608.334596,115,5610.970564
790.629478,165,5611.209372
525.856915,101,5611.379153
804.40711,163,5611.658427
629.97383,127,5611.879092
967.236334,198,5615.236064
666.599399,130,5615.417219
707.713852,142,5615.641493
583.668416,115,5615.83362
566.449778,108,5615.974748
528.152347,106,5616.113538
621.954453,135,5616.298257
634.024888,124,5616.468632
531.764496,104,5616.605119
636.791839,123,5616.769132
713.285077,139,5616.955536
560.17915,111,5617.103772
575.750798,113,5617.255547
776.073548,156,5617.479458
673.128265,139,5617.680497
556.156534,109,5617.836617
897.822767,190,5620.682087
694.139332,137,5620.877903
545.172479,116,5621.074499
536.826054,105,5621.246138
457.214859,99,5621.377064
468.954118,102,5621.51456
604.461409,118,5621.673592
704.066247,136,5621.856879
847.969014,167,5622.076256
619.238007,121,5622.239445
493.601725,111,5622.384164
601.865525,129,5622.551154
533.606767,115,5622.707752
588.486452,126,5622.880721
603.820247,114,5623.030926
521.477353,101,5623.166805
778.712648,168,5626.187906
676.681387,145,5626.399462
509.241584,99,5626.542398
502.960367,97,5626.670838
556.957394,113,5626.816885
555.432738,110,5626.957883
534.211547,115,5627.114291
668.498441,147,5627.352932
829.338348,164,5627.624607
669.247136,136,5627.850646
501.875672,94,5628.005109
674.481919,138,5628.236982
526.07061,104,5628.409844
555.516504,111,5628.599764
667.334252,147,5628.870356
687.8875,138,5629.126326
487.254699,106,5632.496636
543.105375,108,5632.689995
534.213541,103,5632.874742
713.147964,142,5633.130177
738.935717,149,5633.387704
512.312407,113,5633.621178
593.64108,114,5633.817187
719.835311,140,5634.007534
493.708316,107,5634.151788
727.722299,149,5634.351003
611.143777,121,5634.513796
600.782949,131,5634.692324
590.894941,115,5634.872096
548.441368,107,5635.042646
633.520499,123,5635.210503
608.140983,127,5635.388747
623.923407,125,5635.565845
629.274372,134,5638.688169
586.444058,113,5638.877812
508.078912,118,5639.06364
693.849216,136,5639.278471
653.764922,142,5639.505779
594.314114,115,5639.685251
713.576661,138,5639.904102
564.967302,120,5640.082631
517.635781,102,5640.219404
553.589717,125,5640.382753
540.235659,103,5640.522969
495.968038,99,5640.649493
663.24372,145,5640.886364
405.002586,91,5641.038056
595.425462,115,5641.227601
623.186931,118,5641.427844
521.662734,103,5641.601694
625.706873,121,5644.992814
415.360163,94,5645.122694
592.426959,114,5645.27858
471.851809,109,5645.423803
626.783555,125,5645.588758
632.777619,134,5645.763786
710.247794,137,5645.94514
845.227047,171,5646.167885
541.653008,117,5646.320462
558.836821,108,5646.463029
530.558387,106,5646.602064
494.259772,108,5646.744287
481.746486,109,5646.889919
507.970739,107,5647.038962
775.009115,160,5647.326329
761.352641,148,5647.607718
384.230314,80,5647.753233
518.327526,102,5651.069978
607.781438,118,5651.221806
612.284684,121,5651.385995
546.719362,113,5651.537737
456.8645,102,5651.672708
556.452288,116,5651.828261
495.006067,111,5651.975362
712.11445,137,5652.152007
504.146721,101,5652.286541
623.300228,122,5652.450768
594.1638,120,5652.608599
610.757472,117,5652.765631
637.759296,139,5652.954136
514.802649,101,5653.124603
523.032706,107,5653.309803
581.640772,122,5653.512805
622.711353,120,5653.722056
729.640354,143,5653.977201
476.129709,105,5657.267637
557.459521,108,5657.413862
573.637826,109,5657.55601
542.670086,115,5657.708647
567.349308,108,5657.85294
660.006646,153,5658.051477
604.861438,127,5658.217988
724.988091,138,5658.398509
509.195948,101,5658.529127
817.417457,163,5658.747704
765.444082,153,5658.94698
590.375688,119,5659.102851
673.254846,134,5659.280815
693.119965,158,5659.517975
702.491094,141,5659.755103
616.797201,123,5659.984111
649.361619,128,5663.353303
679.584558,135,5663.562863
660.35322,130,5663.762433
563.457087,110,5663.934986
774.305902,151,5664.179023
600.211475,117,5664.345011
552.75703,107,5664.511586
501.101045,99,5664.668061
776.728375,153,5664.914883
602.607638,123,5665.109791
747.585939,142,5665.33706
648.198531,127,5665.537622
828.190457,176,5665.785723
614.388414,126,5665.960335
734.551188,142,5666.157246
679.189052,149,5669.572424
584.793666,119,5669.761172
561.471866,111,5669.934017
770.687221,153,5670.173658
492.003539,97,5670.330761
485.072644,105,5670.498665
575.629119,109,5670.674545
671.555194,130,5670.882254
631.834988,127,5671.088416
732.230001,151,5671.340759
578.006462,120,5671.527711
832.749216,176,5671.764025
462.350315,99,5671.906054
688.122027,135,5672.128202
380.990679,88,5672.286772
582.954191,114,5672.503667
530.056817,104,5672.693185
660.281802,142,5676.23072
658.078078,131,5676.468122
571.453162,114,5676.66957
529.899194,101,5676.846139
568.34195,125,5677.060888
366.249895,76,5677.194133
798.719472,164,5677.477797
676.767583,131,5677.663826
698.420599,144,5677.895546
590.169942,129,5678.104931
488.39214,97,5678.275486
513.298175,112,5678.452603
588.332958,113,5678.60855
673.528817,143,5678.846637
793.456611,157,5679.115278
428.033678,84,5679.266175
608.479296,127,5679.486679
284.163212,64,5682.592682
623.683089,132,5682.768805
427.475301,91,5682.891572
712.676572,148,5683.088656
675.680299,134,5683.269517
574.967564,126,5683.435072
573.585092,111,5683.58363
694.535395,137,5683.773928
531.093835,103,5683.932234
557.220901,108,5684.130017
600.340053,136,5684.37688
512.24367,100,5684.557274
667.304815,131,5684.796258
578.923937,113,5685.026791
486.921255,99,5685.227243
539.314576,102,5685.437675
653.707387,133,5685.68351
610.78362,126,5688.707595
428.117168,100,5688.919673
563.055118,124,5689.176565
528.862873,108,5689.367537
761.067156,159,5689.641574
683.251939,137,5689.88414
608.600466,114,5690.08569
619.885125,128,5690.326849
653.432347,135,5690.591389
589.020845,117,5690.796042
693.957126,140,5691.046683
863.672333,181,5691.390417
487.795612,98,5691.587106
619.385482,121,5691.84973
561.126175,108,5692.074361
542.720488,109,5692.300309
566.983699,129,5692.551288
588.155806,117,5696.07545
499.70628,96,5696.292751
489.426858,114,5696.554762
605.408514,120,5696.819703
657.91623,128,5697.105575
751.634568,152,5697.434999
708.024097,134,5697.721838
536.103706,106,5697.942477
559.886254,131,5698.228513
771.169325,148,5698.530521
591.069862,119,5698.727253
431.800211,101,5698.893032
656.311626,130,5699.073454
756.372698,147,5699.318631
543.997061,115,5699.517434
567.215036,111,5699.703246
701.924966,134,5703.132919
532.26543,103,5703.362579
663.180183,126,5703.589967
636.563913,141,5703.825408
401.202047,78,5703.972794
536.865197,106,5704.175104
645.955128,125,5704.407273
594.785273,116,5704.656021
468.357149,93,5704.837103
623.624047,119,5705.047805
451.753893,93,5705.214381
687.0458,131,5705.453821
375.13031,86,5705.611502
706.714548,149,5705.852504
445.428278,91,5705.996129
845.232653,166,5706.223456
981.173112,211,5706.520627
753.443004,151,5710.078875
539.806176,117,5710.301179
696.203093,139,5710.570842
691.486023,142,5710.853837
657.130159,136,5711.088375
589.581603,112,5711.291287
550.461701,115,5711.541969
585.587682,120,5711.763685
579.944234,116,5711.953007
601.921017,114,5712.151422
504.031709,116,5712.356187
637.195112,119,5712.561517
659.110739,133,5712.771379
775.05657,155,5713.021379
573.549432,109,5713.19592
582.930895,133,5713.407456
662.86956,132,5716.49269
559.334483,122,5716.724137
585.158118,113,5716.92311
533.417081,115,5717.081408
649.950511,127,5717.266287
652.510036,150,5717.466895
642.128317,135,5717.654287
604.821325,129,5717.827952
510.04534,101,5717.966165
668.494404,149,5718.164385
521.419762,103,5718.302913
551.297136,107,5718.448968
541.850221,107,5718.592775
671.611161,125,5718.755187
867.757178,185,5719.01433
623.588102,129,5719.211558
555.378057,108,5719.384432
745.406167,141,5722.289487
472.956758,107,5722.463743
657.056031,127,5722.682062
374.178934,80,5722.82124
613.386777,132,5723.049078
492.724197,95,5723.184903
573.401112,123,5723.348793
651.32609,133,5723.567333
495.679774,96,5723.706213
736.474367,152,5723.916692
695.638429,131,5724.097892
719.797438,140,5724.288173
557.958999,115,5724.443357
721.449537,154,5724.654471
530.958095,107,5724.822289
545.314391,107,5725.001865
790.301522,159,5728.460985
608.212704,118,5728.627264
536.498936,111,5728.782964
752.756942,149,5729.059909
829.370492,179,5729.393242
572.673371,111,5729.547484
398.330168,92,5729.675004
822.974742,175,5729.917462
544.269208,104,5730.06401
626.809542,127,5730.243968
725.590764,141,5730.442681
635.627377,126,5730.638628
594.903905,116,5730.82192
478.127599,97,5730.952661
503.086976,111,5731.100514
581.993562,116,5731.281653
479.582737,92,5731.443674
771.366201,151,5734.742201
718.061598,141,5734.969257
655.732857,139,5735.214103
544.955072,107,5735.407239
417.216584,83,5735.550387
631.169206,122,5735.773901
575.236566,116,5735.980764
542.274959,107,5736.174336
536.969855,111,5736.381058
448.938068,91,5736.519968
554.906519,128,5736.696531
574.962194,112,5736.855952
682.070937,132,5737.042295
513.515042,116,5737.202319
969.902061,196,5737.542516
650.793992,131,5737.760659
602.802596,125,5740.551605
669.447839,135,5740.790515
583.909778,127,5741.015851
914.040961,182,5741.360418
454.762458,92,5741.539155
581.445123,125,5741.777537
541.267927,108,5741.974768
501.709921,112,5742.170707
662.437112,135,5742.429204
695.236785,130,5742.663983
548.173314,106,5742.860171
597.035338,115,5743.066772
673.901648,145,5743.314711
577.168171,117,5743.511152
432.06785,90,5743.659909
509.512192,100,5743.821869
446.484246,92,5743.957061
658.821779,132,5746.926122
592.875805,116,5747.130729
621.202822,130,5747.310561
773.976153,152,5747.580576
619.396941,132,5747.824889
557.745942,108,5748.01944
726.228919,150,5748.297385
656.564093,151,5748.565225
840.232662,164,5748.86665
646.374789,126,5749.085505
598.21013,134,5749.322592
450.420303,93,5749.48916
563.393673,110,5749.705774
735.625693,141,5749.967058
695.066413,137,5750.152368
444.415917,96,5750.279969
578.745693,113,5753.174716
850.980439,161,5753.389675
674.748334,134,5753.572896
442.23502,94,5753.698574
602.332996,116,5753.859095
619.783557,133,5754.043222
673.985187,134,5754.230645
599.50919,115,5754.398026
643.589548,119,5754.575702
613.420961,119,5754.802056
553.169767,104,5754.984506
565.605689,111,5755.189835
717.229741,137,5755.451797
557.546957,113,5755.660153
607.007143,114,5755.868749
562.903169,114,5756.081186
572.82316,116,5756.295381
539.986321,106,5759.143903
601.53274,121,5759.307324
427.20293,86,5759.421103
558.642209,115,5759.583176
467.217726,103,5759.730441
552.416411,111,5759.886196
617.636416,134,5760.076079
546.099204,111,5760.233945
482.041988,104,5760.398103
704.284286,134,5760.628248
600.47714,119,5760.837283
531.021979,112,5761.023857
727.94654,146,5761.282915
589.850605,117,5761.497474
530.393598,110,5761.702536
674.426438,146,5761.970783
785.347328,160,5762.230086
455.189418,92,5762.362424
450.931965,87,5765.68577
664.783435,128,5765.908215
557.005363,118,5766.125977
758.690739,146,5766.404797
533.18383,109,5766.617391
568.687379,112,5766.831194
729.857735,157,5767.117124
770.923443,151,5767.41279
696.548917,138,5767.683456
810.723099,162,5768.004716
527.908417,107,5768.206528
509.163795,115,5768.416699
578.120984,117,5768.615741
501.790072,97,5768.777692
597.418894,115,5768.973414
592.629613,133,5769.195317
625.849286,121,5771.819454
623.02933,129,5772.005217
643.07888,126,5772.189462
668.088663,134,5772.382551
507.020503,100,5772.528494
600.308662,117,5772.694482
826.418945,169,5772.931967
590.715516,129,5773.108978
623.117091,141,5773.303198
252.512752,57,5773.376503
670.181215,134,5773.566522
559.61979,125,5773.737755
493.860378,113,5773.887997
404.10502,90,5774.003779
541.238995,120,5774.158902
648.459287,135,5774.337457
471.173622,92,5774.462626
713.718898,141,5777.75952
773.01,164,5778.049426
625.807516,137,5778.282654
558.468211,109,5778.461886
658.225243,137,5778.688668
483.419002,97,5778.864505
675.858275,134,5779.110923
829.701393,170,5779.409379
672.2474,130,5779.642172
883.162093,178,5779.9534
871.486964,183,5780.27755
351.594678,80,5780.415801
599.959104,113,5780.574164
703.988094,138,5780.819427
666.214298,129,5781.049061
588.370252,114,5784.475003
474.63924,102,5784.621712
833.525206,184,5784.879121
664.240596,132,5785.068777
506.494324,114,5785.230777
842.09206,163,5785.460078
488.573949,109,5785.613638
493.855623,96,5785.744529
541.564812,118,5785.90373
433.954475,90,5786.025381
569.591126,110,5786.173911
943.283196,190,5786.42656
721.436145,139,5786.610977
708.399717,137,5786.792594
660.913218,146,5786.992739
426.901081,98,5787.128414
626.316752,137,5789.971887
687.913558,137,5790.230009
598.182568,127,5790.464041
616.354835,121,5790.684549
398.206105,91,5790.844805
643.639377,129,5791.068888
747.338071,144,5791.326172
622.86966,119,5791.542221
530.200338,103,5791.733179
531.111462,118,5791.913951
579.186881,112,5792.071881
553.297718,111,5792.232336
616.779616,126,5792.409985
477.161187,104,5792.54913
571.096943,119,5792.718302
598.153473,119,5792.884289
507.563342,101,5793.024779
626.601036,132,5795.986816
563.284745,110,5796.136022
556.27042,121,5796.301041
636.678806,131,5796.475809
883.952753,176,5796.783427
689.522348,142,5797.034852
630.551147,123,5797.252293
600.852148,115,5797.448486
449.78283,97,5797.622372
717.049395,145,5797.876838
789.486429,152,5798.124775
595.83581,117,5798.326731
691.709148,145,5798.542818
562.704935,126,5798.717636
417.534926,93,5798.842986
714.403269,138,5799.041149
677.679867,149,5801.893132
595.259246,121,5802.093499
585.315819,117,5802.292006
647.995139,128,5802.511634
515.995063,102,5802.679458
729.609598,143,5802.913731
600.565278,134,5803.15434
735.405376,157,5803.433736
521.498942,118,5803.649455
613.661096,119,5803.867538
697.244715,138,5804.118921
574.78935,112,5804.32828
596.080441,136,5804.525259
640.14254,121,5804.732524
401.795671,81,5804.868925
561.682137,109,5805.060958
472.2668,94,5805.21427
480.612737,115,5808.500066
584.024713,114,5808.659101
811.4813,158,5808.873017
554.169325,115,5809.030898
618.161156,121,5809.195604
555.113113,108,5809.344756
641.712294,125,5809.557438
567.934025,110,5809.755314
840.435717,167,5810.062558
448.457458,96,5810.236948
674.753374,137,5810.459292
835.491055,165,5810.698543
675.369596,137,5810.892375
763.337603,148,5811.100142
592.405726,132,5811.326198
614.602607,135,5811.5592
685.249862,149,5814.721713
631.255893,124,5814.920893
693.808391,140,5815.11812
493.232161,113,5815.276685
594.68015,113,5815.456748
571.394541,111,5815.65804
436.401354,101,5815.836322
519.990351,100,5816.024975
575.602882,112,5816.231054
655.518048,134,5816.480554
568.190468,113,5816.710649
578.361863,119,5816.89241
632.242667,128,5817.075445
742.2765,141,5817.277053
667.06215,128,5817.462859
525.950016,110,5817.620836
495.370962,99,5817.757928
500.093197,114,5821.150985
610.356273,128,5821.409459
920.930307,184,5821.750996
637.085133,124,5821.975651
564.408734,118,5822.168957
608.032283,127,5822.348403
655.852867,129,5822.538746
558.695808,126,5822.716259
565.193355,112,5822.873701
697.170628,143,5823.085061
458.205767,108,5823.22647
399.511814,79,5823.331962
670.504541,132,5823.507389
887.818643,177,5823.753081
581.570351,116,5823.917773
406.724916,91,5824.044413
662.756739,126,5827.486913
480.541764,106,5827.66087
584.017439,131,5827.883754
703.989157,151,5828.137503
545.80238,107,5828.330064
543.99153,113,5828.534738
566.746233,110,5828.717258
362.723576,82,5828.85819
559.881879,122,5829.064171
602.913471,117,5829.25983
696.717007,141,5829.481899
447.735423,93,5829.603167
655.897179,134,5829.810372
446.365113,98,5829.980095
537.182833,120,5830.183173
666.829638,132,5830.409026
556.128713,108,5830.593545
864.107984,168,5834.069838
640.768526,124,5834.295375
759.152561,148,5834.555312
758.800442,149,5834.831736
707.521672,137,5835.097291
554.342254,108,5835.30436
568.027621,129,5835.542666
514.633656,114,5835.73988
604.127703,122,5835.958113
654.880646,131,5836.197201
654.869486,130,5836.432205
576.099936,128,5836.658796
572.970939,110,5836.85978
675.26138,141,5837.107825
528.067761,104,5837.277356
710.077242,137,5837.461965
718.848435,145,5841.076061
649.075262,129,5841.352157
643.634783,141,5841.604556
644.950675,133,5841.786478
572.579991,112,5841.940996
413.919838,89,5842.057278
643.490173,127,5842.231116
591.152692,115,5842.390594
572.709443,113,5842.542009
592.100917,116,5842.695725
814.064458,155,5842.909537
664.813773,127,5843.138963
440.780215,88,5843.288081
686.351174,135,5843.506063
721.448753,140,5843.744435
735.290085,151,5843.997684
698.747486,156,5844.259051
497.131136,98,5847.38159
721.343034,155,5847.583312
734.230047,149,5847.778322
589.314384,115,5847.927622
1047.134165,227,5848.208416
502.224848,108,5848.346601
801.359913,165,5848.56057
648.942017,146,5848.754718
575.536427,129,5848.931985
541.33967,108,5849.109378
764.399317,155,5849.361746
576.85709,124,5849.569058
548.844745,109,5849.756559
553.64293,108,5849.940969
523.657401,108,5850.125531
585.744108,117,5853.256927
622.836477,122,5853.42862
470.782219,104,5853.570938
576.1165,124,5853.741122
557.561046,120,5853.904593
564.779785,110,5854.058627
563.155398,116,5854.217297
589.703775,113,5854.364953
552.566524,107,5854.505389
727.347242,152,5854.708015
448.502273,97,5854.834132
676.498706,137,5855.009735
668.002318,145,5855.204187
972.485127,194,5855.460986
542.272492,110,5855.605178
574.929515,124,5855.771258
672.007735,148,5858.99541
564.247485,119,5859.22453
623.649114,138,5859.427353
548.817389,108,5859.579353
617.086607,120,5859.749625
674.480538,133,5859.938783
537.055353,102,5860.077966
734.183869,148,5860.285277
467.449368,100,5860.419777
609.825007,128,5860.589408
679.469529,142,5860.780016
656.307798,128,5860.948447
666.67659,132,5861.122176
719.334548,145,5861.310643
635.196076,139,5861.493189
826.144489,175,5861.72155
603.234942,131,5864.878187
924.208584,186,5865.240316
817.758802,165,5865.535676
642.3446,126,5865.752945
693.56766,148,5865.95876
739.108332,142,5866.183008
733.676851,143,5866.436605
535.602938,117,5866.644271
788.379125,160,5866.932682
486.661562,110,5867.136053
697.100643,141,5867.380321
539.669803,110,5867.575711
792.771761,155,5867.845863
830.980832,168,5868.14425
580.077805,125,5871.117486
767.581176,164,5871.48899
464.725346,101,5871.725736
703.416757,137,5872.024271
702.181451,138,5872.271684
638.821932,127,5872.499045
569.257131,113,5872.706288
507.120481,110,5872.892277
647.010379,145,5873.104598
843.067567,169,5873.331378
672.960118,131,5873.502466
745.582067,158,5873.711897
561.055446,108,5873.851996
358.392526,76,5873.95096
671.542005,134,5874.139948
748.178643,161,5874.369354
386.983699,79,5877.767868
652.946599,134,5878.001685
587.831688,124,5878.204066
662.391535,130,5878.417981
611.218788,132,5878.636667
477.270091,97,5878.781903
654.590561,130,5878.966459
669.973691,135,5879.148697
479.135794,107,5879.301139
474.594968,107,5879.490998
652.880208,129,5879.720512
880.568307,175,5880.074927
532.064133,116,5880.290338
471.109043,102,5880.458323
372.068017,86,5880.598963
505.288158,99,5880.759653
656.763349,130,5880.976051
518.765779,114,5883.996097
659.867861,136,5884.235511
657.82931,136,5884.451231
575.261463,133,5884.629569
668.910839,131,5884.80798
856.119473,173,5885.03846
594.220682,116,5885.200441
564.241598,126,5885.379364
641.439654,136,5885.575989
654.247487,141,5885.777425
541.486496,118,5885.945752
963.675967,210,5886.23904
631.009583,145,5886.442428
411.870507,97,5886.57771
567.044015,112,5886.746663
1016.898753,208,5890.06405
477.368049,105,5890.289026
483.40354,104,5890.525247
491.956251,104,5890.754706
525.945591,105,5890.97028
549.81725,121,5891.190332
606.818837,117,5891.407187
621.912011,139,5891.604748
554.723667,122,5891.77588
618.903413,138,5891.969413
549.876193,118,5892.170918
690.715325,138,5892.397187
730.744612,158,5892.661752
615.710193,136,5892.88245
662.079963,135,5893.07089
534.61565,122,5893.238333
551.492187,109,5896.762147
647.282437,130,5896.976242
610.976313,118,5897.142623
810.043666,156,5897.390461
627.767752,130,5897.61123
706.242662,134,5897.831459
674.561855,136,5898.059445
559.911383,109,5898.239246
462.511173,103,5898.416117
591.448193,131,5898.634703
628.840738,132,5898.860785
599.376674,132,5899.082302
632.70153,123,5899.291448
623.230566,120,5899.49314
730.451034,155,5899.757697
446.944529,91,5899.905389
808.46599,172,5903.029865
501.330119,98,5903.182024
525.203988,105,5903.362801
608.461055,118,5903.570187
545.560904,109,5903.754553
704.732804,142,5903.951939
506.231425,102,5904.09353
664.364226,134,5904.285671
858.330703,181,5904.545112
679.242342,134,5904.737071
587.772068,116,5904.897621
579.846113,118,5905.060266
456.636075,102,5905.200277
535.259719,117,5905.358443
577.809304,115,5905.545798
444.547763,102,5905.718372
483.528483,96,5905.899969
736.554144,153,5909.33674
665.505206,148,5909.545299
599.393721,120,5909.718307
694.057858,151,5909.929863
354.15155,80,5910.040295
441.428366,87,5910.164061
626.702744,132,5910.350383
651.950735,125,5910.587568
712.540189,134,5910.834575
709.600818,149,5911.035781
766.834512,146,5911.244932
675.956876,133,5911.434017
736.628372,154,5911.647195
597.561763,122,5911.841946
589.736599,129,5912.042101
562.900435,111,5912.225152
570.44738,129,5915.883318
576.072339,110,5916.074279
633.354001,123,5916.28871
703.198173,137,5916.524807
455.59857,90,5916.678446
484.248582,111,5916.873712
487.035067,101,5917.038572
677.710855,133,5917.224903
745.438018,166,5917.45951
467.834664,93,5917.595256
763.676172,152,5917.809969
617.568852,122,5917.981795
710.435354,141,5918.180308
572.41877,109,5918.326676
586.514447,131,5918.534703
470.683965,98,5918.67168
802.804198,154,5918.893472
548.903861,110,5922.252349
498.85448,104,5922.42165
723.888069,149,5922.678644
726.56372,162,5922.969549
682.832955,146,5923.248679
688.915074,139,5923.523358
685.182923,154,5923.754988
547.632368,108,5923.910008
686.374306,140,5924.106947
606.884651,120,5924.275518
593.595646,116,5924.438847
659.839392,144,5924.641556
464.047917,105,5924.790091
609.29362,118,5924.962283
620.6269,142,5925.157289
537.726749,108,5925.306982
595.633963,117,5929.097127
407.276264,85,5929.249908
550.336986,124,5929.468112
658.998268,135,5929.709831
649.6005,128,5929.90349
745.299784,148,5930.109924
480.873476,105,5930.258388
839.439096,168,5930.495471
503.390988,101,5930.637689
543.974579,115,5930.797609
457.889751,96,5930.931553
564.056839,123,5931.155932
718.983927,137,5931.410902
502.999726,109,5931.581553
512.149495,105,5931.722555
1155.516768,237,5932.041408
631.66527,127,5935.244942
876.114919,187,5935.567698
684.264533,138,5935.818952
751.489121,149,5936.089662
745.955231,165,5936.355525
630.527603,137,5936.541347
795.952917,153,5936.746627
443.385538,99,5936.881965
443.146008,103,5937.017563
562.968342,113,5937.169293
593.991344,127,5937.342071
633.584746,126,5937.516369
615.132739,121,5937.698621
668.683402,130,5937.947393
535.893813,120,5938.122674
660.69354,143,5941.174267
574.42371,123,5941.349571
702.397291,136,5941.542845
574.852651,114,5941.753656
685.779159,143,5942.033828
554.948305,122,5942.244477
443.38702,89,5942.405826
581.636476,127,5942.654674
579.62049,124,5942.886768
602.86681,114,5943.08989
625.157378,135,5943.273207
545.666368,120,5943.436672
542.202359,117,5943.597535
640.131013,122,5943.764163
653.77203,138,5943.994117
548.843059,108,5944.195269
747.982548,153,5944.445346
525.000927,106,5947.604931
740.068114,159,5947.818113
791.836976,156,5948.082973
597.974978,133,5948.327331
649.889881,142,5948.605125
642.50224,137,5948.881737
613.394894,120,5949.111989
679.991521,131,5949.366627
668.837596,131,5949.630048
700.934708,150,5949.926587
514.895995,111,5950.152376
511.000751,106,5950.394476
396.693277,93,5950.538951
460.515099,94,5950.68717
493.472434,107,5950.855794
683.622049,136,5951.071242
743.903298,156,5954.27176
432.570294,88,5954.421034
720.521511,157,5954.68842
759.051171,151,5954.944937
605.131569,117,5955.150773
560.019837,116,5955.370038
844.709634,171,5955.697915
543.665584,109,5955.901429
589.126607,125,5956.12667
533.289435,107,5956.345357
717.840223,149,5956.58995
617.176583,120,5956.74858
579.20512,119,5956.907094
638.07054,129,5957.079075
473.979228,107,5957.219227
628.270968,124,5957.379595
720.089584,140,5960.41365
722.883708,140,5960.660028
515.239858,99,5960.839428
543.424507,116,5961.048664
516.726393,101,5961.228581
757.881052,149,5961.505054
611.107722,127,5961.752162
542.395533,110,5961.964472
547.714959,105,5962.163452
514.648162,108,5962.349908
893.031529,171,5962.628545
510.783008,104,5962.773238
695.793662,143,5962.96637
457.208241,93,5963.09376
609.579043,118,5963.254515
439.099419,87,5963.369853
533.146459,112,5963.520958
893.629972,185,5966.622158
649.064104,140,5966.868217
395.102302,93,5967.029277
567.862307,112,5967.227001
806.04545,162,5967.498515
621.216432,122,5967.704073
733.765329,146,5967.950391
671.190735,143,5968.206912
632.836318,125,5968.427362
723.602154,151,5968.692253
771.848186,163,5968.99763
411.02353,84,5969.139384
683.39133,149,5969.3419
610.408271,139,5969.529032
753.534306,148,5969.729839
500.023761,105,5972.74025
719.655241,143,5972.982501
621.62997,132,5973.222199
554.597936,109,5973.424001
572.072355,113,5973.631062
426.154502,84,5973.773979
683.954205,141,5974.013102
669.049563,142,5974.250318
601.365235,121,5974.459065
625.559463,133,5974.690307
526.154028,106,5974.887918
651.436517,127,5975.115674
759.634129,152,5975.36808
556.120043,111,5975.519733
391.287028,82,5975.653955
605.851817,114,5975.838946
824.929867,173,5976.111354
617.847714,122,5979.668913
492.756648,94,5979.829835
759.111063,151,5980.101039
630.778269,135,5980.325872
696.037588,137,5980.555201
543.026194,112,5980.74223
633.93881,120,5980.943379
474.150688,106,5981.126618
529.049818,103,5981.314076
468.952284,92,5981.479011
477.016343,107,5981.671231
396.134906,88,5981.812241
324.722895,73,5981.90908
699.207753,139,5982.091078
549.686172,110,5982.243941
627.951078,138,5982.438296
438.085378,96,5982.571417
553.816784,107,5982.721418
605.053203,122,5985.539393
613.860356,120,5985.740541
650.056083,134,5985.963489
739.641356,151,5986.217272
417.981785,90,5986.368686
683.334338,144,5986.617734
704.350666,139,5986.852742
537.485318,114,5987.041594
742.065821,149,5987.284268
607.443594,122,5987.483236
580.922461,133,5987.705227
786.470113,152,5987.976501
673.447679,129,5988.201465
576.328854,121,5988.406691
570.741777,126,5988.617262
414.499008,96,5988.766557
600.474309,116,5992.639243
653.050909,149,5992.888263
755.152634,148,5993.141588
690.534612,139,5993.380571
571.720258,114,5993.57586
563.255045,106,5993.763677
755.534073,145,5994.021836
757.475837,157,5994.252821
623.125738,129,5994.430598
525.95741,108,5994.606975
543.628601,114,5994.817879
489.5749,101,5994.99782
534.134169,123,5995.222052
690.87575,141,5995.476192
484.39863,96,5995.637542
568.613457,108,5995.819889
658.622801,144,5999.5396
488.036385,95,5999.741947
487.111728,99,5999.92304
638.889579,126,6000.146049
628.836065,118,6000.351493
576.706998,113,6000.557329
684.236747,138,6000.804989
493.055772,103,6000.981057
671.572515,133,6001.226206
701.29413,136,6001.484565
548.558161,111,6001.711199
589.637927,116,6001.975824
553.755686,106,6002.217436
467.44381,90,6002.416637
606.399417,133,6002.649295
634.719023,132,6002.859279
612.166988,120,6003.049833
584.423133,123,6003.249294
273.57762,56,6006.764206
622.74771,132,6006.983705
682.301556,130,6007.204683
781.530949,153,6007.458186
623.19726,120,6007.657218
606.346068,123,6007.858631
589.784427,113,6008.054232
526.104242,121,6008.262047
645.275993,123,6008.468849
610.465837,134,6008.692963
603.684001,129,6008.91131
511.613201,112,6009.102419
568.942381,124,6009.319278
689.978416,135,6009.511122
579.600823,125,6009.688979
608.769804,122,6009.854367
716.665121,138,6013.231627
495.548932,112,6013.411747
599.618864,132,6013.632154
581.365303,124,6013.844353
813.678165,165,6014.125227
496.795132,106,6014.315237
707.495203,144,6014.573478
512.944928,116,6014.773574
487.092689,107,6014.964607
471.284398,94,6015.136473
663.68239,129,6015.377494
663.208112,132,6015.618514
490.033676,99,6015.787804
554.687929,115,6016.001376
688.150998,156,6016.283345
709.742196,135,6016.507873
413.77448,93,6016.653949
653.191544,134,6019.853811
541.083928,108,6020.023064
547.317768,118,6020.232696
684.473929,131,6020.460841
582.12383,112,6020.654037
556.26437,119,6020.862351
387.197177,88,6021.001683
577.058816,113,6021.162894
1023.44446,212,6021.45522
621.143754,119,6021.623782
502.429755,99,6021.766855
494.159643,106,6021.918136
552.232855,107,6022.068786
618.682044,139,6022.252992
722.099859,145,6022.449108
773.222612,150,6022.651873
632.073171,125,6026.07459
571.943169,111,6026.330418
677.527611,131,6026.6177
523.264112,115,6026.880375
758.896217,149,6027.218111
620.027919,130,6027.499128
507.809602,98,6027.632837
567.573737,124,6027.801034
804.939506,179,6028.041749
781.920458,157,6028.252257
554.093291,104,6028.395881
502.645529,100,6028.534366
847.059839,167,6028.758542
790.770465,158,6028.969463
578.903658,114,6029.121463
500.122762,108,6029.268099
486.896168,103,6032.378635
737.252242,145,6032.65296
769.887798,164,6032.963277
682.873678,152,6033.232982
593.39049,116,6033.444499
555.59799,110,6033.676821
592.958989,118,6033.92678
581.705246,113,6034.169251
494.66165,96,6034.383341
708.178158,144,6034.709306
476.806916,99,6034.930689
632.482255,129,6035.101033
624.514562,120,6035.263943
481.697405,94,6035.392521
752.732175,160,6035.611233
656.515104,130,6035.788245
552.693967,106,6035.939887
658.355906,128,6039.11554
688.155834,136,6039.350937
651.154144,128,6039.59008
577.478355,113,6039.793932
532.66968,104,6039.980022
530.646534,104,6040.205217
749.278334,148,6040.525787
504.236269,109,6040.753507
582.838231,116,6040.96843
540.948732,104,6041.155819
361.651915,82,6041.297451
548.778808,107,6041.485884
716.664481,155,6041.756487
572.418555,122,6041.972206
634.564923,119,6042.184723
584.062261,110,6042.377108
695.108235,135,6042.625888
559.983513,109,6046.129926
510.480528,106,6046.306907
531.13959,110,6046.470924
571.475389,119,6046.623891
492.850961,109,6046.769092
570.529066,113,6046.912027
735.639192,144,6047.09852
527.486161,113,6047.248195
590.253272,113,6047.391151
499.735955,98,6047.522624
602.212778,124,6047.686243
514.893348,115,6047.83496
685.498039,148,6048.031434
806.189602,165,6048.260804
521.396757,101,6048.404127
548.568213,105,6048.556664
593.718043,115,6048.717124
454.699332,89,6048.847078
568.531294,121,6052.209124
570.203219,109,6052.360429
521.680222,103,6052.501395
495.821498,100,6052.637906
642.478605,122,6052.812039
733.180758,141,6053.048863
599.285285,116,6053.233667
575.677042,117,6053.390137
472.903743,95,6053.516757
581.870077,113,6053.66357
730.857192,143,6053.852276
710.551287,141,6054.039641
530.981377,107,6054.177545
501.952361,98,6054.304255
857.573664,172,6054.54706
668.912116,132,6054.777932
815.507987,160,6057.745006
588.021032,129,6057.957103
581.693715,121,6058.1554
577.029596,111,6058.345053
624.792108,118,6058.539611
526.968753,100,6058.702506
593.212458,115,6058.883811
657.482784,127,6059.097721
564.410553,118,6059.317578
606.280363,121,6059.530354
526.649938,116,6059.740095
817.22194,162,6060.025894
634.261943,133,6060.264346
860.295744,175,6060.573357
591.639813,117,6060.780668
729.142776,147,6060.981464
560.198018,124,6064.187326
475.657025,97,6064.322284
570.566933,126,6064.494772
584.684721,121,6064.679886
550.001935,120,6064.882934
449.148806,88,6065.035271
828.447938,174,6065.342236
534.297181,114,6065.523966
681.674261,131,6065.737227
524.524389,115,6065.925695
643.47796,122,6066.119818
626.697237,128,6066.327311
640.266684,120,6066.520661
696.065774,134,6066.738534
535.121905,106,6066.915622
626.476741,141,6067.168628
782.697689,155,6067.45136
554.521144,110,6070.686393
610.670672,120,6070.851197
757.328696,164,6071.071898
577.085638,123,6071.239586
400.210966,81,6071.348854
481.587672,96,6071.478714
632.033465,130,6071.655053
716.743307,155,6071.882685
681.43565,135,6072.112489
583.667133,113,6072.291396
569.194115,111,6072.442376
567.789543,108,6072.583619
568.690565,110,6072.732868
494.391752,104,6072.869072
546.375871,109,6073.012661
682.627069,135,6073.198932
595.217768,123,6073.396671
638.430841,143,6077.081455
541.103529,108,6077.320963
462.596057,91,6077.522834
719.839657,142,6077.841043
597.134165,115,6078.089173
534.72496,104,6078.326433
655.588875,131,6078.614341
709.725772,137,6078.918449
558.946501,113,6079.134419
576.694309,112,6079.342601
484.70778,92,6079.507526
613.196955,121,6079.722626
553.476926,111,6079.932599
544.312912,104,6080.12239
670.645998,128,6080.359236
593.211416,116,6080.570833
441.475957,89,6080.730884
387.827083,78,6080.87363
603.494941,117,6084.278503
764.450601,151,6084.495973
590.762092,114,6084.649788
556.712532,122,6084.813147
583.845348,113,6084.959407
613.960571,119,6085.121489
579.143468,113,6085.275923
563.025164,107,6085.422668
678.958944,130,6085.594003
600.780194,115,6085.745513
674.181002,130,6085.921121
665.154779,129,6086.145614
620.492744,121,6086.354235
737.305173,145,6086.621997
497.065293,113,6086.827168
537.241323,113,6087.038566
586.613452,114,6087.260014
589.670075,117,6090.603792
455.668103,92,6090.726401
649.652348,126,6090.907335
422.605404,85,6091.051098
618.178664,140,6091.29938
645.144901,127,6091.570637
813.182323,174,6091.923569
542.479129,123,6092.188958
699.356989,141,6092.500641
662.522107,124,6092.763374
722.913229,139,6093.032455
656.313813,127,6093.276172
743.760582,150,6093.556636
572.742815,111,6093.745135
580.413349,116,6093.945621
595.850574,113,6094.144077
670.44198,129,6097.969751
451.198523,92,6098.173692
499.657053,96,6098.391574
460.658661,92,6098.594543
472.130643,92,6098.756159
558.639434,125,6098.974332
695.844089,136,6099.227902
617.687427,122,6099.443158
682.593859,139,6099.681902
551.950278,115,6099.881542
634.794554,138,6100.133561
571.558331,112,6100.289851
816.722369,161,6100.54185
625.532593,125,6100.757668
641.711931,138,6100.987716
698.112666,138,6101.217245
618.154298,120,6101.433442
541.350699,116,6104.416499
641.594089,125,6104.662857
543.654949,120,6104.880149
688.734495,135,6105.110357
790.723272,171,6105.409933
614.134861,117,6105.625032
597.176547,120,6105.855417
716.901309,153,6106.150829
701.778885,136,6106.407308
591.689614,120,6106.631554
670.264284,129,6106.872236
609.137596,119,6107.088945
519.438975,102,6107.275402
685.745507,130,6107.517302
689.853195,135,6107.762528
474.616941,95,6107.931398
569.655383,109,6110.67747
417.696484,94,6110.834316
447.059104,102,6111.001735
627.485075,129,6111.21149
768.151764,152,6111.50327
715.046793,143,6111.769759
596.459598,114,6111.959946
519.611095,102,6112.135847
559.69364,110,6112.329507
556.602748,118,6112.54669
598.640151,116,6112.767616
493.065182,104,6112.952642
562.003939,106,6113.135261
606.392157,114,6113.320772
695.105173,135,6113.550628
599.265911,125,6113.756683
366.458286,81,6113.892478
682.583401,142,6114.127503
595.92589,116,6117.174466
786.133452,156,6117.45458
557.531303,127,6117.663158
393.65624,81,6117.778494
635.792594,123,6118.003844
629.076453,120,6118.217481
673.697368,134,6118.441387
647.607111,139,6118.628407
646.967006,131,6118.812543
605.733114,116,6118.966495
833.613849,172,6119.25827
705.072319,139,6119.496188
597.875053,120,6119.691904
565.416387,110,6119.865525
678.567966,131,6120.052162
539.315511,125,6120.222716
574.720939,111,6123.149862
618.621469,117,6123.307806
661.771095,127,6123.486191
520.196519,115,6123.637513
522.089579,109,6123.785246
735.669228,148,6123.984447
596.452842,114,6124.135488
665.495847,127,6124.307939
589.25659,117,6124.465558
532.977414,119,6124.647796
625.032798,126,6124.870667
918.849992,180,6125.184903
659.736673,127,6125.393369
716.931614,140,6125.624675
642.783056,124,6125.815442
744.220056,147,6126.065612
712.701992,160,6129.496978
721.295671,158,6129.780245
689.593333,146,6130.037027
713.609472,141,6130.28219
743.250481,147,6130.544606
584.299957,131,6130.768782
534.785062,103,6130.95061
559.548299,123,6131.177603
654.788576,142,6131.431778
533.134476,109,6131.605109
678.156593,131,6131.836886
644.71095,131,6132.067386
463.020163,91,6132.249797
596.074738,117,6132.474181
543.53753,111,6132.680782
772.84004,165,6135.759977
495.046704,113,6135.906385
658.555414,128,6136.071531
497.901124,99,6136.204939
645.736295,142,6136.390515
581.017474,114,6136.541235
646.827451,125,6136.705157
454.589455,94,6136.83039
552.041501,116,6136.986331
731.806595,144,6137.175301
757.101103,146,6137.375569
577.828327,120,6137.585181
540.13813,101,6137.771625
521.316718,102,6137.961532
580.528492,112,6138.188568
642.748319,124,6138.437704
562.274093,112,6138.646394
628.377957,117,6138.8666
703.613317,134,6142.628452
751.880072,156,6142.954554
838.086593,173,6143.191215
566.165473,114,6143.342593
659.229598,131,6143.521715
853.876205,175,6143.744382
742.003979,154,6143.948117
547.88233,119,6144.157932
735.134147,148,6144.431051
565.314819,125,6144.649789
544.811913,107,6144.850013
591.866679,117,6145.063964
666.96371,133,6145.315485
724.735844,156,6145.650239
482.995201,97,6145.869725
628.649942,123,6148.937497
567.590007,117,6149.186507
584.787199,121,6149.446479
485.87617,100,6149.657535
728.533672,143,6149.930697
524.388868,112,6150.13334
823.255054,168,6150.420611
778.335946,151,6150.692482
606.160397,119,6150.936242
661.217298,142,6151.237952
755.678116,146,6151.550803
561.529488,122,6151.804486
657.48108,130,6152.086634
773.594019,166,6152.431262
625.257876,120,6152.684759
494.888821,98,6152.882485
787.543202,153,6155.923982
734.562734,142,6156.106172
628.245103,137,6156.294977
684.189064,148,6156.493485
706.064274,138,6156.688353
692.60667,135,6156.878707
628.27389,130,6157.058371
477.337665,96,6157.192253
656.879909,126,6157.366222
395.238148,90,6157.484005
570.092401,114,6157.640126
721.869302,138,6157.825881
555.337447,124,6158.009468
659.938887,124,6158.195753
826.887871,163,6158.443038
410.243327,93,6158.584109
500.622476,107,6161.531101
596.380795,119,6161.68375
736.007219,144,6161.871179
494.22736,105,6162.013175
669.062469,132,6162.196689
426.858565,97,6162.342143
506.408722,108,6162.502652
518.290016,102,6162.663154
488.017559,98,6162.813189
483.055227,93,6162.957257
573.750323,116,6163.143188
649.89221,135,6163.350063
638.370545,131,6163.536682
493.441232,111,6163.697925
574.23167,111,6163.853857
853.096909,164,6164.095381
520.188973,119,6164.272861
565.668903,109,6166.620186
329.040339,71,6166.709678
414.625337,92,6166.828067
550.052614,117,6166.974124
568.865452,114,6167.12911
666.825762,136,6167.308511
940.886032,184,6167.579581
605.690436,133,6167.786872
524.426085,109,6167.954856
602.597741,133,6168.13634
430.000921,85,6168.252416
653.208979,123,6168.420158
431.974389,95,6168.546417
507.45959,101,6168.682336
550.788499,109,6168.83308
609.453717,118,6168.997513
568.792445,118,6169.156798
580.179168,122,6169.344054
576.932381,122,6171.729422
558.409988,109,6171.866281
573.365887,114,6172.017104
640.812978,132,6172.188545
545.163665,107,6172.323326
511.746313,102,6172.452818
695.648764,151,6172.681011
491.110027,95,6172.826785
603.327302,118,6173.005859
415.36108,92,6173.137071
876.679192,191,6173.424513
645.4813,136,6173.626886
463.224223,93,6173.769847
689.801474,148,6173.997638
553.327341,120,6174.180932
579.09722,125,6174.373829
745.150068,162,6176.808819
516.944768,104,6176.93065
704.675487,136,6177.088819
588.21765,117,6177.222789
866.900491,170,6177.416588
784.148279,171,6177.61755
739.085721,140,6177.781978
678.785355,128,6177.933499
540.022742,115,6178.077761
767.974823,155,6178.265519
908.924264,192,6178.507873
734.717274,164,6178.712692
732.826159,146,6178.896697
542.892346,106,6179.032011
823.144061,159,6179.230017
637.099715,136,6181.417388
588.85324,125,6181.563761
621.775591,123,6181.707227
558.944025,111,6181.835944
605.561429,123,6181.980493
611.828126,117,6182.117284
640.926756,130,6182.268792
897.920322,179,6182.488342
616.77992,126,6182.661814
914.160562,184,6182.900739
760.16648,156,6183.098725
565.54139,129,6183.259156
538.436184,110,6183.399376
651.398669,143,6183.577745
632.285664,126,6183.739255
483.610691,109,6185.915754
590.057972,118,6186.049424
718.587326,142,6186.219719
442.14195,100,6186.334207
540.826717,117,6186.470038
581.39019,112,6186.598021
671.728616,132,6186.757433
682.730661,134,6186.91494
579.381689,121,6187.056903
722.149054,150,6187.242474
427.932113,98,6187.365461
590.576457,120,6187.512887
710.680955,135,6187.684491
651.031122,135,6187.857136
756.996516,158,6188.055091
452.841614,98,6188.177997
458.643539,100,6188.302648
947.431757,190,6190.579689
730.431087,143,6190.747658
611.132419,137,6190.907408
646.025197,123,6191.047411
348.54105,78,6191.137522
771.986846,150,6191.311375
388.690092,90,6191.416077
540.625578,115,6191.552882
573.997137,130,6191.713315
744.319536,143,6191.892431
536.253169,119,6192.039865
670.685335,127,6192.198453
387.240963,76,6192.292114
413.597426,83,6192.396502
604.454493,118,6192.548811
502.814309,97,6192.672495
587.241719,118,6192.820988
921.503001,182,6195.095923
405.487862,92,6195.204935
680.525427,142,6195.371455
517.67886,105,6195.496355
518.887348,105,6195.617447
557.735165,126,6195.764638
550.599267,108,6195.887894
588.15006,126,6196.036531
817.376959,160,6196.22687
491.622627,98,6196.350042
672.872796,129,6196.519632
627.277471,120,6196.671739
654.153705,135,6196.842712
728.236377,148,6197.028821
703.134547,147,6197.215214
390.605591,85,6197.322369
901.543281,185,6199.596369
519.938094,101,6199.714925
651.417171,129,6199.8603
652.79842,126,6200.004416
745.540762,147,6200.174931
603.224159,130,6200.325147
628.406775,124,6200.467138
416.920233,97,6200.581724
706.636849,137,6200.740825
636.452028,130,6200.897107
396.29301,90,6201.009627
563.546174,113,6201.152376
690.648439,140,6201.32914
732.537585,145,6201.510889
727.383723,141,6201.684919
450.851086,96,6201.804641
446.059378,89,6203.984962
548.875563,107,6204.105904
903.440769,179,6204.317084
526.187453,116,6204.449498
477.203093,103,6204.569924
680.730537,149,6204.744957
727.833793,143,6204.910377
610.425906,117,6205.049883
662.41151,128,6205.199054
341.363992,75,6205.290993
500.073205,95,6205.402396
566.543166,121,6205.554042
561.842067,110,6205.692027
567.721751,108,6205.82537
802.283278,180,6206.053471
601.450441,124,6206.216128
661.294667,142,6206.399316
553.186939,104,6208.602873
555.606372,122,6208.746183
521.931936,117,6208.885285
552.532127,125,6209.0283
637.966353,127,6209.179592
604.180441,117,6209.31416
513.952367,102,6209.431184
571.049935,117,6209.56848
551.169656,120,6209.70796
569.334756,126,6209.856561
722.337165,139,6210.020542
670.120105,140,6210.196415
711.108787,138,6210.366213
620.726486,136,6210.534157
593.222656,116,6210.682053
582.279428,115,6210.830483
543.685415,118,6210.980235
716.189316,143,6213.239552
765.755725,154,6213.414948
524.861297,102,6213.532618
575.958839,130,6213.685869
796.160665,170,6213.884764
628.818057,141,6214.052697
520.668359,103,6214.171458
550.716121,107,6214.29608
457.635177,91,6214.405546
722.981967,141,6214.569774
659.800316,130,6214.733983
416.154413,94,6214.848863
756.92141,150,6215.038172
585.793224,114,6215.180018
1196.639261,258,6215.504275
569.235385,117,6217.77231
881.856736,190,6217.997544
448.350876,89,6218.099932
575.354109,130,6218.249034
598.225129,118,6218.38931
725.470793,148,6218.561641
576.662745,117,6218.696889
681.551639,134,6218.855076
524.744092,101,6218.977105
891.443928,178,6219.188888
458.749914,89,6219.303013
881.972896,178,6219.523352
578.39726,126,6219.682287
648.764117,128,6219.843557
443.520942,89,6219.960577
619.413322,116,6220.104666
645.020909,126,6222.384674
531.85871,116,6222.516658
422.676163,85,6222.61896
567.09182,113,6222.75107
417.126438,80,6222.842156
614.924527,138,6223.003574
641.910362,142,6223.166764
780.072447,150,6223.340762
818.761378,160,6223.536406
428.189915,96,6223.64925
622.054159,129,6223.803938
440.249212,101,6223.931396
502.881148,104,6224.061557
485.790845,98,6224.186121
625.583381,138,6224.359996
635.887774,121,6224.512265
515.694042,104,6224.641101
502.390566,106,6226.862314
676.654383,132,6227.008562
641.553005,124,6227.145064
666.156541,140,6227.302969
595.846087,112,6227.428128
562.444513,111,6227.553767
638.74575,134,6227.708007
595.383758,115,6227.836447
681.833503,136,6227.99341
799.050779,156,6228.172791
580.046672,114,6228.302859
607.528002,118,6228.440362
506.867994,101,6228.557227
719.016179,154,6228.734791
550.647433,107,6228.859047
706.690498,146,6229.024715
